0 0 1 0 0 0 0 0 0 0 0
0.01 0 1 0.0 0.0 0 0 0 0 0 0
0.02 0 1 0.0 0.0 0 0 0 0 0 0
0.029999999999999999 0 1 0.0 0.0 0 0 0 0 0 0
0.040000000000000001 0 1 0.0 0.0 0 0 0 0 0 0
0.050000000000000003 0 1 0.0 0.0 0 0 0 0 0 0
0.060000000000000005 0 1 0.0 0.0 0 0 0 0 0 0
0.070000000000000007 0 1 0.0 0.0 0 0 0 0 0 0
0.080000000000000002 0 1 0.0 0.0 0 0 0 0 0 0
0.089999999999999997 0 1 0.0 0.0 0 0 0 0 0 0
0.099999999999999992 0 1 0.0 0.0 0 0 0 0 0 0
0.10999999999999999 0 1 0.0 0.0 0 0 0 0 0 0
0.11999999999999998 0 1 0.0 0.0 0 0 0 0 0 0
0.12999999999999998 0 1 0.0 0.0 0 0 0 0 0 0
0.13999999999999999 0 1 0.0 0.0 0 0 0 0 0 0
0.14999999999999999 0 1 0.0 0.0 0 0 0 0 0 0
0.16 0 1 0.0 0.0 0 0 0 0 0 0
0.17000000000000001 0 1 0.0 0.0 0 0 0 0 0 0
0.18000000000000002 0 1 0.0 0.0 0 0 0 0 0 0
0.19000000000000003 0 1 0.0 0.0 0 0 0 0 0 0
0.20000000000000004 0 1 0.0 0.0 0 0 0 0 0 0
0.21000000000000005 0 1 0.0 0.0 0 0 0 0 0 0
0.22000000000000006 0 1 0.0 0.0 0 0 0 0 0 0
0.23000000000000007 0 1 0.0 0.0 0 0 0 0 0 0
0.24000000000000007 0 1 0.0 0.0 0 0 0 0 0 0
0.25000000000000006 0 1 0.0 0.0 0 0 0 0 0 0
0.26000000000000006 0 1 0.0 0.0 0 0 0 0 0 0
0.27000000000000007 0 1 0.0 0.0 0 0 0 0 0 0
0.28000000000000008 0 1 0.0 0.0 0 0 0 0 0 0
0.29000000000000009 0 1 0.0 0.0 0 0 0 0 0 0
0.3000000000000001 0 1 0.0 0.0 0 0 0 0 0 0
0.31000000000000011 0 1 0.0 0.0 0 0 0 0 0 0
0.32000000000000012 0 1 0.0 0.0 0 0 0 0 0 0
0.33000000000000013 0 1 0.0 0.0 0 0 0 0 0 0
0.34000000000000014 0 1 0.0 0.0 0 0 0 0 0 0
0.35000000000000014 0 1 0.0 0.0 0 0 0 0 0 0
0.36000000000000015 0 1 0.0 0.0 0 0 0 0 0 0
0.37000000000000016 0 1 0.0 0.0 0 0 0 0 0 0
0.38000000000000017 0 1 0.0 0.0 0 0 0 0 0 0
0.39000000000000018 0 1 0.0 0.0 0 0 0 0 0 0
0.40000000000000019 0 1 0.0 0.0 0 0 0 0 0 0
0.4100000000000002 0 1 0.0 0.0 0 0 0 0 0 0
0.42000000000000021 0 1 0.0 0.0 0 0 0 0 0 0
0.43000000000000022 0 1 0.0 0.0 0 0 0 0 0 0
0.44000000000000022 0 1 0.0 0.0 0 0 0 0 0 0
0.45000000000000023 0 1 0.0 0.0 0 0 0 0 0 0
0.46000000000000024 0 1 0.0 0.0 0 0 0 0 0 0
0.47000000000000025 0 1 0.0 0.0 0 0 0 0 0 0
0.48000000000000026 0 1 0.0 0.0 0 0 0 0 0 0
0.49000000000000027 0 1 0.0 0.0 0 0 0 0 0 0
0.50000000000000022 0 1 0.0 0.0 0 0 0 0 0 0
0.51000000000000023 0 1 0.0 0.0 0 0 0 0 0 0
0.52000000000000024 0 1 0.0 0.0 0 0 0 0 0 0
0.53000000000000025 0 1 0.0 0.0 0 0 0 0 0 0
0.54000000000000026 0 1 0.0 0.0 0 0 0 0 0 0
0.55000000000000027 0 1 0.0 0.0 0 0 0 0 0 0
0.56000000000000028 0 1 0.0 0.0 0 0 0 0 0 0
0.57000000000000028 0 1 0.0 0.0 0 0 0 0 0 0
0.58000000000000029 0 1 0.0 0.0 0 0 0 0 0 0
0.5900000000000003 0 1 0.0 0.0 0 0 0 0 0 0
0.60000000000000031 0 1 0.0 0.0 0 0 0 0 0 0
0.61000000000000032 0 1 0.0 0.0 0 0 0 0 0 0
0.62000000000000033 0 1 0.0 0.0 0 0 0 0 0 0
0.63000000000000034 0 1 0.0 0.0 0 0 0 0 0 0
0.64000000000000035 0 1 0.0 0.0 0 0 0 0 0 0
0.65000000000000036 0 1 0.0 0.0 0 0 0 0 0 0
0.66000000000000036 0 1 0.0 0.0 0 0 0 0 0 0
0.67000000000000037 0 1 0.0 0.0 0 0 0 0 0 0
0.68000000000000038 0 1 0.0 0.0 0 0 0 0 0 0
0.69000000000000039 0 1 0.0 0.0 0 0 0 0 0 0
0.7000000000000004 0 1 0.0 0.0 0 0 0 0 0 0
0.71000000000000041 0 1 0.0 0.0 0 0 0 0 0 0
0.72000000000000042 0 1 0.0 0.0 0 0 0 0 0 0
0.73000000000000043 0 1 0.0 0.0 0 0 0 0 0 0
0.74000000000000044 0 1 0.0 0.0 0 0 0 0 0 0
0.75000000000000044 0 1 0.0 0.0 0 0 0 0 0 0
0.76000000000000045 0 1 0.0 0.0 0 0 0 0 0 0
0.77000000000000046 0 1 0.0 0.0 0 0 0 0 0 0
0.78000000000000047 0 1 0.0 0.0 0 0 0 0 0 0
0.79000000000000048 0 1 0.0 0.0 0 0 0 0 0 0
0.80000000000000049 0 1 0.0 0.0 0 0 0 0 0 0
0.8100000000000005 0 1 0.0 0.0 0 0 0 0 0 0
0.82000000000000051 0 1 0.0 0.0 0 0 0 0 0 0
0.83000000000000052 0 1 0.0 0.0 0 0 0 0 0 0
0.84000000000000052 0 1 0.0 0.0 0 0 0 0 0 0
0.85000000000000053 0 1 0.0 0.0 0 0 0 0 0 0
0.86000000000000054 0 1 0.0 0.0 0 0 0 0 0 0
0.87000000000000055 0 1 0.0 0.0 0 0 0 0 0 0
0.88000000000000056 0 1 0.0 0.0 0 0 0 0 0 0
0.89000000000000057 0 1 0.0 0.0 0 0 0 0 0 0
0.90000000000000058 0 1 0.0 0.0 0 0 0 0 0 0
0.91000000000000059 0 1 0.0 0.0 0 0 0 0 0 0
0.9200000000000006 0 1 0.0 0.0 0 0 0 0 0 0
0.9300000000000006 0 1 0.0 0.0 0 0 0 0 0 0
0.94000000000000061 0 1 0.0 0.0 0 0 0 0 0 0
0.95000000000000062 0 1 0.0 0.0 0 0 0 0 0 0
0.96000000000000063 0 1 0.0 0.0 0 0 0 0 0 0
0.97000000000000064 0 1 0.0 0.0 0 0 0 0 0 0
0.98000000000000065 0 1 0.0 0.0 0 0 0 0 0 0
0.99000000000000066 0 1 0.0 0.0 0 0 0 0 0 0
1.0000000000000007 0 1 0.0 0.0 0 0 0 0 0 0
1.0100000000000007 0 1 0.0 0.0 65 65 0 16600 16600 0
1.0200000000000007 0 1 1.7466127920342507 0.0077998048005678486 260 260 0 94400 94400 0
1.0300000000000007 0 1 4.431634594600272 0.010178926826664983 409 409 0 164760 164760 0
1.0400000000000007 0 1 0.0 0.0 485 485 0 201400 201400 0
1.0500000000000007 0 1 0.0 0.0 497 497 0 213080 213080 0
1.0600000000000007 0 1 0.10571246160551152 0.0018828115400104633 570 570 0 246800 246800 0
1.0700000000000007 0 1 0.0 0.0 570 570 0 246800 246800 0
1.0800000000000007 0 1 0.0 0.0 640 640 0 277600 277600 0
1.0900000000000007 0 1 0.0 0.0 735 735 0 295400 295400 0
1.1000000000000008 0 1 1.2557260680767779 0.0012958787958261542 780 780 0 339200 339200 0
1.1100000000000008 0 1 0.0 0.0 780 780 0 339200 339200 0
1.1200000000000008 0 1 1.1631865285246501 0.0048165026602431339 850 850 0 370000 370000 0
1.1300000000000008 0 1 3.5563911493619007 0.0055172139750148067 981 981 0 422840 422840 0
1.1400000000000008 0 1 1.3619493601433319 0.0036000940002667262 1094 1094 0 458160 458160 0
1.1500000000000008 0 1 0.0 0.0 1127 1127 0 490280 490280 0
1.1600000000000008 0 1 0.0 0.0 1130 1130 0 493200 493200 0
1.1700000000000008 0 1 2.3317560222744205 0.0043935714800991087 1197 1197 0 521080 521080 0
1.1800000000000008 0 1 1.955181396145365 0.0020049534001476115 1377 1377 0 584280 584280 0
1.1900000000000008 0 1 0.0 0.0 1471 1471 0 638440 638440 0
1.2000000000000008 0 1 0.0 0.0 1541 1541 0 669240 669240 0
1.2100000000000009 0 1 0.65120236069016124 0.0061200080839318664 1684 1684 0 733760 733760 0
1.2200000000000009 0 1 4.2357879905729998 0.0087950664130476055 1961 1961 0 854040 854040 0
1.2300000000000009 0 1 10.775596967578895 0.014113091240042218 2083 2083 0 898120 898120 0
1.2400000000000009 0 1 1.9743935720362131 0.0035251228001076354 2223 2223 0 959720 959720 0
1.2500000000000009 0 1 1.2451380400597667 0.0012657960000606028 2250 2250 0 986000 986000 0
1.2600000000000009 0 1 0.0 0.0 2250 2250 0 986000 986000 0
1.2700000000000009 0 1 4.2745639273458167 0.010162289944748428 2473 2473 0 1053720 1053720 0
1.2800000000000009 0 1 0.11792583259939693 0.0029481458149849234 2588 2588 0 1128320 1128320 0
1.2900000000000009 0 1 1.2000609639910553 0.0012366605999902791 2716 2716 0 1178240 1178240 0
1.3000000000000009 0 1 3.3428032000122312 0.0055278800000113596 2807 2807 0 1229480 1229480 0
1.3100000000000009 0 1 0.15322428010389175 0.00015477200010494116 2932 2932 0 1276480 1276480 0
1.320000000000001 0 1 0.33912527691537492 0.0030964069230199317 3014 3014 0 1318960 1318960 0
1.330000000000001 0 1 0.99475875998589114 0.0010182539999847853 3081 3081 0 1346840 1346840 0
1.340000000000001 0 1 1.1455779999831595 0.0011786999999818793 3148 3148 0 1374720 1374720 0
1.350000000000001 0 1 0.92105727445534946 0.00093781078227550465 3227 3227 0 1414280 1414280 0
1.360000000000001 0 1 10.914979983387854 0.013860044570890283 3416 3416 0 1486240 1486240 0
1.370000000000001 0 1 0.16156916801168805 0.00081922919998866841 3495 3495 0 1525800 1525800 0
1.380000000000001 0 1 0.0 0.0 3507 3507 0 1537480 1537480 0
1.390000000000001 0 1 0.053785352004842531 0.00058463379999373845 3580 3580 0 1571200 1571200 0
1.400000000000001 0 1 1.3704899199953313 0.0014179679999948278 3644 3644 0 1596160 1596160 0
1.410000000000001 0 1 0.0 0.0 3647 3647 0 1599080 1599080 0
1.420000000000001 0 1 0.0 0.0 3650 3650 0 1602000 1602000 0
1.430000000000001 0 1 0.80927748000147948 0.00081745200000149433 3720 3720 0 1632800 1632800 0
1.4400000000000011 0 1 0.0 0.0 3720 3720 0 1632800 1632800 0
1.4500000000000011 0 1 0.0 0.0 3790 3790 0 1663600 1663600 0
1.4600000000000011 0 1 0.0 0.0 3790 3790 0 1663600 1663600 0
1.4700000000000011 0 1 2.9106237600307034 0.0029400240000310137 3860 3860 0 1694400 1694400 0
1.4800000000000011 0 1 0.0 0.0 3860 3860 0 1694400 1694400 0
1.49000000000000