0 0 1 0 0 0 0 0 0 0 0
0.01 0 1 0.0 0.0 0 0 0 0 0 0
0.02 0 1 0.0 0.0 0 0 0 0 0 0
0.029999999999999999 0 1 0.0 0.0 0 0 0 0 0 0
0.040000000000000001 0 1 0.0 0.0 0 0 0 0 0 0
0.050000000000000003 0 1 0.0 0.0 0 0 0 0 0 0
0.060000000000000005 0 1 0.0 0.0 0 0 0 0 0 0
0.070000000000000007 0 1 0.0 0.0 0 0 0 0 0 0
0.080000000000000002 0 1 0.0 0.0 0 0 0 0 0 0
0.089999999999999997 0 1 0.0 0.0 0 0 0 0 0 0
0.099999999999999992 0 1 0.0 0.0 0 0 0 0 0 0
0.10999999999999999 0 1 0.0 0.0 0 0 0 0 0 0
0.11999999999999998 0 1 0.0 0.0 0 0 0 0 0 0
0.12999999999999998 0 1 0.0 0.0 0 0 0 0 0 0
0.13999999999999999 0 1 0.0 0.0 0 0 0 0 0 0
0.14999999999999999 0 1 0.0 0.0 0 0 0 0 0 0
0.16 0 1 0.0 0.0 0 0 0 0 0 0
0.17000000000000001 0 1 0.0 0.0 0 0 0 0 0 0
0.18000000000000002 0 1 0.0 0.0 0 0 0 0 0 0
0.19000000000000003 0 1 0.0 0.0 0 0 0 0 0 0
0.20000000000000004 0 1 0.0 0.0 0 0 0 0 0 0
0.21000000000000005 0 1 0.0 0.0 0 0 0 0 0 0
0.22000000000000006 0 1 0.0 0.0 0 0 0 0 0 0
0.23000000000000007 0 1 0.0 0.0 0 0 0 0 0 0
0.24000000000000007 0 1 0.0 0.0 0 0 0 0 0 0
0.25000000000000006 0 1 0.0 0.0 0 0 0 0 0 0
0.26000000000000006 0 1 0.0 0.0 0 0 0 0 0 0
0.27000000000000007 0 1 0.0 0.0 0 0 0 0 0 0
0.28000000000000008 0 1 0.0 0.0 0 0 0 0 0 0
0.29000000000000009 0 1 0.0 0.0 0 0 0 0 0 0
0.3000000000000001 0 1 0.0 0.0 0 0 0 0 0 0
0.31000000000000011 0 1 0.0 0.0 0 0 0 0 0 0
0.32000000000000012 0 1 0.0 0.0 0 0 0 0 0 0
0.33000000000000013 0 1 0.0 0.0 0 0 0 0 0 0
0.34000000000000014 0 1 0.0 0.0 0 0 0 0 0 0
0.35000000000000014 0 1 0.0 0.0 0 0 0 0 0 0
0.36000000000000015 0 1 0.0 0.0 0 0 0 0 0 0
0.37000000000000016 0 1 0.0 0.0 0 0 0 0 0 0
0.38000000000000017 0 1 0.0 0.0 0 0 0 0 0 0
0.39000000000000018 0 1 0.0 0.0 0 0 0 0 0 0
0.40000000000000019 0 1 0.0 0.0 0 0 0 0 0 0
0.4100000000000002 0 1 0.0 0.0 0 0 0 0 0 0
0.42000000000000021 0 1 0.0 0.0 0 0 0 0 0 0
0.43000000000000022 0 1 0.0 0.0 0 0 0 0 0 0
0.44000000000000022 0 1 0.0 0.0 0 0 0 0 0 0
0.45000000000000023 0 1 0.0 0.0 0 0 0 0 0 0
0.46000000000000024 0 1 0.0 0.0 0 0 0 0 0 0
0.47000000000000025 0 1 0.0 0.0 0 0 0 0 0 0
0.48000000000000026 0 1 0.0 0.0 0 0 0 0 0 0
0.49000000000000027 0 1 0.0 0.0 0 0 0 0 0 0
0.50000000000000022 0 1 0.0 0.0 0 0 0 0 0 0
0.51000000000000023 0 1 0.0 0.0 0 0 0 0 0 0
0.52000000000000024 0 1 0.0 0.0 0 0 0 0 0 0
0.53000000000000025 0 1 0.0 0.0 0 0 0 0 0 0
0.54000000000000026 0 1 0.0 0.0 0 0 0 0 0 0
0.55000000000000027 0 1 0.0 0.0 0 0 0 0 0 0
0.56000000000000028 0 1 0.0 0.0 0 0 0 0 0 0
0.57000000000000028 0 1 0.0 0.0 0 0 0 0 0 0
0.58000000000000029 0 1 0.0 0.0 0 0 0 0 0 0
0.5900000000000003 0 1 0.0 0.0 0 0 0 0 0 0
0.60000000000000031 0 1 0.0 0.0 0 0 0 0 0 0
0.61000000000000032 0 1 0.0 0.0 0 0 0 0 0 0
0.62000000000000033 0 1 0.0 0.0 0 0 0 0 0 0
0.63000000000000034 0 1 0.0 0.0 0 0 0 0 0 0
0.64000000000000035 0 1 0.0 0.0 0 0 0 0 0 0
0.65000000000000036 0 1 0.0 0.0 0 0 0 0 0 0
0.66000000000000036 0 1 0.0 0.0 0 0 0 0 0 0
0.67000000000000037 0 1 0.0 0.0 0 0 0 0 0 0
0.68000000000000038 0 1 0.0 0.0 0 0 0 0 0 0
0.69000000000000039 0 1 0.0 0.0 0 0 0 0 0 0
0.7000000000000004 0 1 0.0 0.0 0 0 0 0 0 0
0.71000000000000041 0 1 0.0 0.0 0 0 0 0 0 0
0.72000000000000042 0 1 0.0 0.0 0 0 0 0 0 0
0.73000000000000043 0 1 0.0 0.0 0 0 0 0 0 0
0.74000000000000044 0 1 0.0 0.0 0 0 0 0 0 0
0.75000000000000044 0 1 0.0 0.0 0 0 0 0 0 0
0.76000000000000045 0 1 0.0 0.0 0 0 0 0 0 0
0.77000000000000046 0 1 0.0 0.0 0 0 0 0 0 0
0.78000000000000047 0 1 0.0 0.0 0 0 0 0 0 0
0.79000000000000048 0 1 0.0 0.0 0 0 0 0 0 0
0.80000000000000049 0 1 0.0 0.0 0 0 0 0 0 0
0.8100000000000005 0 1 0.0 0.0 0 0 0 0 0 0
0.82000000000000051 0 1 0.0 0.0 0 0 0 0 0 0
0.83000000000000052 0 1 0.0 0.0 0 0 0 0 0 0
0.84000000000000052 0 1 0.0 0.0 0 0 0 0 0 0
0.85000000000000053 0 1 0.0 0.0 0 0 0 0 0 0
0.86000000000000054 0 1 0.0 0.0 0 0 0 0 0 0
0.87000000000000055 0 1 0.0 0.0 0 0 0 0 0 0
0.88000000000000056 0 1 0.0 0.0 0 0 0 0 0 0
0.89000000000000057 0 1 0.0 0.0 0 0 0 0 0 0
0.90000000000000058 0 1 0.0 0.0 0 0 0 0 0 0
0.91000000000000059 0 1 0.0 0.0 0 0 0 0 0 0
0.9200000000000006 0 1 0.0 0.0 0 0 0 0 0 0
0.9300000000000006 0 1 0.0 0.0 0 0 0 0 0 0
0.94000000000000061 0 1 0.0 0.0 0 0 0 0 0 0
0.95000000000000062 0 1 0.0 0.0 0 0 0 0 0 0
0.96000000000000063 0 1 0.0 0.0 0 0 0 0 0 0
0.97000000000000064 0 1 0.0 0.0 0 0 0 0 0 0
0.98000000000000065 0 1 0.0 0.0 0 0 0 0 0 0
0.99000000000000066 0 1 0.0 0.0 0 0 0 0 0 0
1.0000000000000007 0 1 0.0 0.0 0 0 0 0 0 0
1.0100000000000007 0 1 1.7415680020871334 0.04213760005038477 440 440 0 18000 18000 0
1.0200000000000007 0 1 6.1595105674919051 0.14907256418101852 1560 1560 0 63920 63920 0
1.0300000000000007 0 1 7.6762880079494984 0.18595840019226523 2520 2520 0 103280 103280 0
1.0400000000000007 0 1 3.0477440036524834 0.073740800088173339 3080 3080 0 126240 126240 0
1.0500000000000007 0 1 4.7893120057396166 0.11587840013855812 3960 3960 0 162320 162320 0
1.0600000000000007 0 1 3.0477440036524834 0.073740800088173339 4520 4520 0 185280 185280 0
1.0700000000000007 0 1 4.3539200052178337 0.10534400012596191 5320 5320 0 218080 218080 0
1.0800000000000007 0 1 5.2247040062614003 0.1264128001511543 6280 6280 0 257440 257440 0
1.0900000000000007 0 1 5.2247040062614003 0.1264128001511543 7240 7240 0 296800 296800 0
1.1000000000000008 0 1 5.2247040062614003 0.1264128001511543 8200 8200 0 336160 336160 0
1.1100000000000008 0 1 8.9824640095148496 0.2175616002300538 9400 9400 0 385360 385360 0
1.1200000000000008 0 1 7.6762880079494984 0.18595840019226523 10360 10360 0 424720 424720 0
1.1300000000000008 0 1 9.8532480105584153 0.23863040025524618 11720 11720 0 480480 480480 0
1.1400000000000008 0 1 4.7893120057396166 0.11587840013855812 12600 12600 0 516560 516560 0
1.1500000000000008 0 1 2.1769600026089169 0.052672000062980957 13000 13000 0 532960 532960 0
1.1600000000000008 0 1 4.7893120057396166 0.11587840013855812 13880 13880 0 569040 569040 0
1.1700000000000008 0 1 6.8055040069059318 0.16488960016707285 14680 14680 0 601840 601840 0
1.1800000000000008 0 1 2.6123520031307002 0.063206400075577152 15160 15160 0 621520 621520 0
1.1900000000000008 0 1 3.91852800469605 0.094809600113365727 15880 15880 0 651040 651040 0
1.2000000000000008 0 1 4.7893120057396166 0.11587840013855812 16760 16760 0 687120 687120 0
1.2100000000000009 0 1 4.3539200052178337 0.10534400012596191 17560 17560 0 719920 719920 0
1.2200000000000009 0 1 10.288640011080199 0.24916480026784238 19000 19000 0 778960 778960 0
1.2300000000000009 0 1 2.6123520031307002 0.063206400075577152 19480 19480 0 798640 798640 0
1.2400000000000009 0 1 3.91852800469605 0.094809600113365727 20200 20200 0 828160 828160 0
1.2500000000000009 0 1 3.0477440036524834 0.073740800088173339 20760 20760 0 851120 851120 0
1.2600000000000009 0 1 4.3539200052178337 0.10534400012596191 21560 21560 0 883920 883920 0
1.2700000000000009 0 1 4.3539200052178337 0.10534400012596191 22360 22360 0 916720 916720 0
1.2800000000000009 0 1 6.0954880073049669 0.14748160017634668 23480 23480 0 962640 962640 0
1.2900000000000009 0 1 2.6154215335389952 0.063282258335783881 23985 23984 0 983324 983284 0
1.3000000000000009 0 1 2.1738904722006218 0.052596141802774228 24360 24360 0 998720 998720 0
1.3100000000000009 0 1 5.6600960067831831 0.1369472001637505 25400 25400 0 1041360 1041360 0
1.320000000000001 0 1 4.7893120057396166 0.11587840013855812 26280 26280 0 1077440 1077440 0
1.330000000000001 0 1 2.6123520031307002 0.063206400075577152 26760 26760 0 1097120 1097120 0
1.340000000000001 0 1 3.4831360041742667 0.08427520010076954 27400 27400 0 1123360 1123360 0
1.350000000000001 0 1 4.3539200052178337 0.10534400012596191 28200 28200 0 1156160 1156160 0
1.360000000000001 0 1 3.0477440036524834 0.073740800088173339 28760 28760 0 1179120 1179120 0
1.370000000000001 0 1 4.7893120057396166 0.11587840013855812 29640 29640 0 1215200 1215200 0
1.380000000000001 0 1 3.4831360041742667 0.08427520010076954 30280 30280 0 1241440 1241440 0
1.390000000000001 0 1 3.91852800469605 0.094809600113365727 31000 31000 0 1270960 1270960 0
1.400000000000001 0 1 5.2189197771389262 0.12627508041014301 31958 31957 0 1310236 1310194 0
1.410000000000001 0 1 2.6181362322531743 0.06334411981658844 32440 32440 0 1330000 1330000 0
1.420000000000001 0 1 3.0477440036524834 0.073740800088173339 33000 33000 0 1352960 1352960 0
1.430000000000001 0 1 2.6183949844649201 0.063354960595929322 33507 33505 0 1373726 1373644 0
1.4400000000000011 0 1 7.6702450266152784 0.18580983967191306 34440 34440 0 1412000 1412000 0
1.4500000000000011 0 1 5.2247040062614003 0.1264128001511543 35400 35400 0 1451360 1451360 0
1.4600000000000011 0 1 3.4831360041742667 0.08427520010076954 36040 36040 0 1477600 1477600 0
1.4700000000000011 0 1 6.1301288075397533 0.14847760018230613 37000 37000 0 1516960 1516960 0
1.4800000000000011 0 1 5.6600960067831831 0.1369472001637505 38040 38040 0 1559600 1559600 0
1.4900000000000011 0 1 8.1116800084712821 0.19649280020486143 39080 39080 0 1602240 1602240 0
1.5000000000000011 0 1 6.9299270495037417 0.16768504403856785 40353 40349 0 1654426 1654258 0
1.5100000000000011 0 1 6.4220089656786552 0.1555773563282957 41160 41160 0 1687520 1687520 0
1.5200000000000011 0 1 2.6617811295781979 0.064416295377722699 41680 41675 0 1708820 1708614 0
1.5300000000000011 0 1 2.5629228766832024 0.061996504773431604 42120 42120 0 1726880 1726880 0
1.5400000000000011 0 1 8.1116800084712821 0.19649280020486143 43160 43160 0 1769520 1769520 0
1.5500000000000012 0 1 3.91852800469605 0.094809600113365727 43880 43880 0 1799040 1799040 0
1.5600000000000012 0 1 5.6600960067831831 0.1369472001637505 44920 44920 0 1841680 1841680 0
1.5700000000000012 0 1 3.91852800469605 0.094809600113365727 45640 45640 0 1871200 1871200 0
1.5800000000000012 0 1 3.91852800469605 0.094809600113365727 46360 46360 0 1900720 1900720 0
1.5900000000000012 0 1 4.7893120057396166 0.11587840013855812 47240 47240 0 1936800 1936800 0
1.6000000000000012 0 1 3.9396595247960651 0.095336288115865836 47960 47960 0 1966320 1966320 0
1.6100000000000012 0 1 8.5470720089930659 0.2070272002174576 49080 49080 0 2012240 2012240 0
1.6200000000000012 0 1 8.5470720089930659 0.2070272002174576 50200 50200 0 2058160 2058160 0
1.6300000000000012 0 1 5.2247040062614003 0.1264128001511543 51160 51160 0 2097520 2097520 0
1.6400000000000012 0 1 4.3539200052178337 0.10534400012596191 51960 51960 0 2130320 2130320 0
1.6500000000000012 0 1 3.0477440036524834 0.073740800088173339 52520 52520 0 2153280 2153280 0
1.6600000000000013 0 1 5.2247040062614003 0.1264128001511543 53480 53480 0 2192640 2192640 0
1.6700000000000013 0 1 5.6600960067831831 0.1369472001637505 54520 54520 0 2235280 2235280 0
1.6800000000000013 0 1 6.6916723283996165 0.16236992020375304 55160 55160 0 2261520 2261520 0
1.6900000000000013 0 1 1.7415680020871334 0.04213760005038477 55480 55480 0 2274640 2274640 0
1.7000000000000013 0 1 3.0477440036524834 0.073740800088173339 56040 56040 0 2297600 2297600 0
1.7100000000000013 0 1 3.4831360041742667 0.08427520010076954 56680 56680 0 2323840 2323840 0
1.7200000000000013 0 1 6.5308800078267497 0.15801600018894288 57880 57880 0 2373040 2373040 0
1.7300000000000013 0 1 8.9824640095148496 0.2175616002300538 59080 59080 0 2422240 2422240 0
1.7400000000000013 0 1 2.1769600026089169 0.052672000062980957 59480 59480 0 2438640 2438640 0
1.7500000000000013 0 1 3.0302476427438636 0.073324220066539533 60036 60033 0 2461432 2461306 0
1.7600000000000013 0 1 8.0355094089857566 0.19462482021688193 61080 61080 0 2504240 2504240 0
1.7700000000000014 0 1 3.91852800469605 0.094809600113365727 61800 61800 0 2533760 2533760 0
1.7800000000000014 0 1 4.7893120057396166 0.11587840013855812 62680 62680 0 2569840 2569840 0
1.7900000000000014 0 1 8.5470720089930659 0.2070272002174576 63800 63800 0 2615760 2615760 0
1.8000000000000014 0 1 5.6600960067831831 0.1369472001637505 64840 64840 0 2658400 2658400 0
1.8100000000000014 0 1 8.9824640095148496 0.2175616002300538 66040 66040 0 2707600 2707600 0
1.8200000000000014 0 1 742.42580146390253 1.3475847553934261 67094 67087 0 2989960 2983030 0
1.8300000000000014 0 1 24447.164511863095 38.31772950092779 69148 69034 0 4271812 4232974 0
1.8400000000000014 0 1 53555.975983351767 87.684937225651865 71280 71056 0 5556862 5483146 0
1.8500000000000014 0 1 36408.196841672565 74.433393802264703 72994 72994 0 6090240 6090240 0
1.8600000000000014 0 1 314.32098009042329 0.49892421794210895 74212 74209 0 6774118 6771148 0
1.8700000000000014 0 1 27438.823361561281 50.12723475927627 76592 76543 0 8069336 8020826 0
1.8800000000000014 0 1 64219.77266661363 95.131999021707756 78498 78423 0 9345120 9270870 0
1.8900000000000015 0 1 60173.386666182269 96.762691519782763 80481 80453 0 10549090 10521370 0
1.9000000000000015 0 1 28263.748594682544 45.101210342498767 82437 82329 0 11803198 11771250 0
1.9100000000000015 0 1 28059.635543412875 55.323780686449339 84695 84665 0 13050710 13021010 0
1.9200000000000015 0 1 13441.262173076611 22.050896602450255 85762 85758 0 13580638 13580470 0
1.9300000000000015 0 1 1.771954219297543 0.042861081412537382 86088 86088 0 13594010 13594010 0
1.9400000000000015 0 1 3.0477440036524834 0.073740800088173339 86648 86648 0 13616970 13616970 0
1.9500000000000015 0 1 5.6600960067831831 0.1369472001637505 87688 87688 0 13659610 13659610 0
1.9600000000000015 0 1 4.3539200052178337 0.10534400012596191 88488 88488 0 13692410 13692410 0
1.9700000000000015 0 1 4.7893120057396166 0.11587840013855812 89368 89368 0 13728490 13728490 0
1.9800000000000015 0 1 6.5308800078267497 0.15801600018894288 90568 90568 0 13777690 13777690 0
1.9900000000000015 0 1 7.2408960074277156 0.17542400017966903 91448 91448 0 13813770 13813770 0
2.0000000000000013 0 1 5.2247040062615158 0.12641280015115711 92408 92408 0 13853130 13853130 0
2.0100000000000011 0 1 3.0477439839594149 0.073740799612400001 92968 92968 0 13876090 13876090 0
2.0200000000000009 0 1 4.3566355769578502 0.10541188944311 93768 93768 0 13908890 13908890 0
2.0300000000000007 0 1 6.0955610478786912 0.14748342622379654 94888 94888 0 13954810 13954810 0
2.0400000000000005 0 1 2.1769599885424391 0.052671999723142862 95288 95288 0 13971210 13971210 0
2.0500000000000003 0 1 4.7893119747933666 0.11587839939091429 96168 96168 0 14007290 14007290 0
2.0600000000000001 0 1 4.7893119747933666 0.11587839939091429 97048 97048 0 14043370 14043370 0
2.0699999999999998 0 1 3.0477439839594149 0.073740799612400001 97608 97608 0 14066330 14066330 0
2.0799999999999996 0 1 2.1769599885424391 0.052671999723142862 98008 98008 0 14082730 14082730 0
2.0899999999999994 0 1 4.3539199770848782 0.10534399944628572 98808 98808 0 14115530 14115530 0
2.0999999999999992 0 1 3.4831359816679028 0.084275199557028571 99448 99448 0 14141770 14141770 0
2.109999999999999 0 1 5.916750130204333 0.1433389592790521 100328 100328 0 14177850 14177850 0
2.1199999999999988 0 1 3.4831359816679028 0.084275199557028571 100968 100968 0 14204090 14204090 0
2.1299999999999986 0 1 2.1769599885424391 0.052671999723142862 101368 101368 0 14220490 14220490 0
2.1399999999999983 0 1 5.224703972501854 0.12641279933554286 102328 102328 0 14259850 14259850 0
2.1499999999999981 0 1 3.0477439839594149 0.073740799612400001 102888 102888 0 14282810 14282810 0
2.1599999999999979 0 1 11.842239938953977 0.28685599852216803 104568 104568 0 14351690 14351690 0
2.1699999999999977 0 1 3.9185279793763907 0.094809599501657155 105288 105288 0 14381210 14381210 0
2.1799999999999975 0 1 6.0994380525089174 0.14778687933479123 106088 106088 0 14414010 14414010 0
2.1899999999999973 0 1 5.9347199746257058 0.14382079938544429 106728 106728 0 14440250 14440250 0
2.1999999999999971 0 1 7.88499715881147 0.19093959900376287 108008 108008 0 14492730 14492730 0
2.2099999999999969 0 1 7.2408959677511699 0.17542399921933002 108888 108888 0 14528810 14528810 0
2.2199999999999966 0 1 3.9185279793763907 0.094809599501657155 109608 109608 0 14558330 14558330 0
2.2299999999999964 0 1 3.9185279793763907 0.094809599501657155 110328 110328 0 14587850 14587850 0
2.2399999999999962 0 1 3.0477439839594149 0.073740799612400001 110888 110888 0 14610810 14610810 0
2.249999999999996 0 1 6.8055039700426816 0.16488959927470145 111688 111688 0 14643610 14643610 0
2.2599999999999958 0 1 4.3539199770848782 0.10534399944628572 112488 112488 0 14676410 14676410 0
2.2699999999999956 0 1 7.5954324434165894 0.18398447911507745 113608 113608 0 14722330 14722330 0
2.2799999999999954 0 1 3.0477439839594149 0.073740799612400001 114168 114168 0 14745290 14745290 0
2.2899999999999952 0 1 4.3539199770848782 0.10534399944628572 114968 114968 0 14778090 14778090 0
2.2999999999999949 0 1 6.0845753232437314 0.14722177435158337 116085 116083 0 14823884 14823800 0
2.3099999999999947 0 1 3.0586566286345138 0.074000624485616645 116648 116648 0 14846970 14846970 0
2.3199999999999945 0 1 2.612351986250927 0.063206399667771432 117128 117128 0 14866650 14866650 0
2.3299999999999943 0 1 3.4831359816679028 0.084275199557028571 117768 117768 0 14892890 14892890 0
2.3399999999999941 0 1 2.612351986250927 0.063206399667771432 118248 118248 0 14912570 14912570 0
2.3499999999999939 0 1 11.476799953943374 0.27858079888268311 119128 119128 0 14948650 14948650 0
2.3599999999999937 0 1 4.3539199770848782 0.10534399944628572 119928 119928 0 14981450 14981450 0
2.3699999999999934 0 1 5.6600959702103424 0.13694719928017143 120968 120968 0 15024090 15024090 0
2.3799999999999932 0 1 4.0340890183402118 0.097674625475765303 121688 121688 0 15053610 15053610 0
2.389999999999993 0 1 6.5308799656273182 0.15801599916942857 122888 122888 0 15102810 15102810 0
2.3999999999999928 0 1 7.6762879654596574 0.18595839916395859 123848 123848 0 15142170 15142170 0
2.4099999999999926 0 1 2.612351986250927 0.063206399667771432 124328 124328 0 15161850 15161850 0
2.4199999999999924 0 1 5.224703972501854 0.12641279933554286 125288 125288 0 15201210 15201210 0
2.4299999999999922 0 1 2.612351986250927 0.063206399667771432 125768 125768 0 15220890 15220890 0
2.439999999999992 0 1 3.4831359816679028 0.084275199557028571 126408 126408 0 15247130 15247130 0
2.4499999999999917 0 1 7.6762879654596574 0.18595839916395859 127368 127368 0 15286490 15286490 0
2.4599999999999915 0 1 2.612351986250927 0.063206399667771432 127848 127848 0 15306170 15306170 0
2.4699999999999913 0 1 1.3061759931254635 0.031603199833885716 128088 128088 0 15316010 15316010 0
2.4799999999999911 0 1 3.4831359816679028 0.084275199557028571 128728 128728 0 15342250 15342250 0
2.4899999999999909 0 1 7.8222880454747461 0.18967047916334373 129528 129528 0 15375050 15375050 0
2.4999999999999907 0 1 3.0524671837853332 0.073858879608047948 130088 130088 0 15398010 15398010 0
2.5099999999999905 0 1 4.3539199770848782 0.10534399944628572 130888 130888 0 15430810 15430810 0
2.5199999999999902 0 1 4.3130206148839036 0.10447343939210763 131608 131608 0 15460330 15460330 0
2.52999999999999 0 1 3.4831359816679028 0.084275199557028571 132248 132248 0 15486570 15486570 0
2.5399999999999898 0 1 3.4831359816679028 0.084275199557028571 132888 132888 0 15512810 15512810 0
2.5499999999999896 0 1 3.0477439839594149 0.073740799612400001 133448 133448 0 15535770 15535770 0
2.5599999999999894 0 1 4.7893119747933666 0.11587839939091429 134328 134328 0 15571850 15571850 0
2.5699999999999892 0 1 5.224703972501854 0.12641279933554286 135288 135288 0 15611210 15611210 0
2.579999999999989 0 1 5.224703972501854 0.12641279933554286 136248 136248 0 15650570 15650570 0
2.5899999999999888 0 1 6.8055039700426816 0.16488959927470145 137048 137048 0 15683370 15683370 0
2.5999999999999885 0 1 1.3061759931254635 0.031603199833885716 137288 137288 0 15693210 15693210 0
2.6099999999999883 0 1 4.3539199770848782 0.10534399944628572 138088 138088 0 15726010 15726010 0
2.6199999999999881 0 1 6.7243464434449161 0.16283447911571783 139208 139208 0 15771930 15771930 0
2.6299999999999879 0 1 4.7893119747933666 0.11587839939091429 140088 140088 0 15808010 15808010 0
2.6399999999999877 0 1 3.4831359816679028 0.084275199557028571 140728 140728 0 15834250 15834250 0
2.6499999999999875 0 1 6.7675210833756712 0.16388751911402893 141848 141848 0 15880170 15880170 0
2.6599999999999873 0 1 3.4831359816679028 0.084275199557028571 142488 142488 0 15906410 15906410 0
2.6699999999999871 0 1 1.3061759931254635 0.031603199833885716 142728 142728 0 15916250 15916250 0
2.6799999999999868 0 1 2.1972270051926057 0.053168690296480102 143161 143158 0 15933982 15933860 0
2.6899999999999866 0 1 4.333652960434712 0.10484730887294848 143928 143928 0 15965450 15965450 0
2.6999999999999864 0 1 8.5470719608766341 0.207