0 0 1 0 0 0 0 0 0 0 0
0.01 0 1 0.0 0.0 0 0 0 0 0 0
0.02 0 1 0.0 0.0 0 0 0 0 0 0
0.029999999999999999 0 1 0.0 0.0 0 0 0 0 0 0
0.040000000000000001 0 1 0.0 0.0 0 0 0 0 0 0
0.050000000000000003 0 1 0.0 0.0 0 0 0 0 0 0
0.060000000000000005 0 1 0.0 0.0 0 0 0 0 0 0
0.070000000000000007 0 1 0.0 0.0 0 0 0 0 0 0
0.080000000000000002 0 1 0.0 0.0 0 0 0 0 0 0
0.089999999999999997 0 1 0.0 0.0 0 0 0 0 0 0
0.099999999999999992 0 1 0.0 0.0 0 0 0 0 0 0
0.10999999999999999 0 1 0.0 0.0 0 0 0 0 0 0
0.11999999999999998 0 1 12.799999999999985 0.31999999999999962 2 2 0 80 80 0
0.12999999999999998 0 1 0.0 0.0 2 2 0 80 80 0
0.13999999999999999 0 1 0.0 0.0 2 2 0 80 80 0
0.14999999999999999 0 1 0.0 0.0 2 2 0 80 80 0
0.16 0 1 0.0 0.0 3 3 0 120 120 0
0.17000000000000001 0 1 1.1102230246251555e-13 2.775557561562889e-15 5 5 0 1660 1660 0
0.18000000000000002 0 1 1116.0000000000077 0.7440000000000051 6 5 0 3160 1660 0
0.19000000000000003 0 1 3612.0000000000123 2.4080000000000079 8 5 0 6160 1660 0
0.20000000000000004 0 1 4500.0 3.0 8 5 0 6160 1660 0
0.21000000000000005 0 1 4500.0 3.0 8 5 0 6160 1660 0
0.22000000000000006 0 1 4500.0 3.0 8 5 0 6160 1660 0
0.23000000000000007 0 1 4500.0 3.0 8 5 0 6160 1660 0
0.24000000000000007 0 1 4500.0 3.0 8 5 0 6160 1660 0
0.25000000000000006 0 1 4500.0 3.0 8 5 0 6160 1660 0
0.26000000000000006 0 1 4500.0 3.0 8 5 0 6160 1660 0
0.27000000000000007 0 1 4500.0 3.0 8 5 0 6160 1660 0
0.28000000000000008 0 1 4500.0 3.0 8 5 0 6160 1660 0
0.29000000000000009 0 1 4403.9999999999791 2.9359999999999862 8 6 0 6160 3160 0
0.3000000000000001 0 1 3000.0 2.0 8 6 0 6160 3160 0
0.31000000000000011 0 1 3000.0 2.0 8 6 0 6160 3160 0
0.32000000000000012 0 1 3000.0 2.0 8 6 0 6160 3160 0
0.33000000000000013 0 1 3000.0 2.0 8 6 0 6160 3160 0
0.34000000000000014 0 1 3000.0 2.0 8 6 0 6160 3160 0
0.35000000000000014 0 1 3768.0000000000264 2.5120000000000173 9 6 0 7660 3160 0
0.36000000000000015 0 1 4968.0000000000264 3.3120000000000176 10 6 0 9160 3160 0
0.37000000000000016 0 1 6000.0 4.0 10 6 0 9160 3160 0
0.38000000000000017 0 1 7164.0000000000218 4.7760000000000149 11 6 0 10660 3160 0
0.39000000000000018 0 1 7500.0 5.0 11 6 0 10660 3160 0
0.40000000000000019 0 1 7500.0 5.0 11 6 0 10660 3160 0
0.4100000000000002 0 1 7403.9999999999627 4.9359999999999751 11 7 0 10660 4660 0
0.42000000000000021 0 1 6000.0 4.0 11 7 0 10660 4660 0
0.43000000000000022 0 1 6000.0 4.0 11 7 0 10660 4660 0
0.44000000000000022 0 1 6000.0 4.0 11 7 0 10660 4660 0
0.45000000000000023 0 1 6000.0 4.0 11 7 0 10660 4660 0
0.46000000000000024 0 1 6000.0 4.0 11 7 0 10660 4660 0
0.47000000000000025 0 1 6768.0000000000427 4.5120000000000289 12 7 0 12160 4660 0
0.48000000000000026 0 1 7968.0000000000437 5.3120000000000287 13 7 0 13660 4660 0
0.49000000000000027 0 1 9000.0 6.0 13 7 0 13660 4660 0
0.50000000000000022 0 1 9000.0 6.0 13 7 0 13660 4660 0
0.51000000000000023 0 1 9000.0 6.0 13 7 0 13660 4660 0
0.52000000000000024 0 1 9000.0 6.0 13 7 0 13660 4660 0
0.53000000000000025 0 1 8903.9999999999545 5.9359999999999697 13 8 0 13660 6160 0
0.54000000000000026 0 1 7500.0 5.0 13 8 0 13660 6160 0
0.55000000000000027 0 1 8268.0000000000346 5.5120000000000227 14 8 0 15160 6160 0
0.56000000000000028 0 1 9000.0 6.0 14 8 0 15160 6160 0
0.57000000000000028 0 1 9000.0 6.0 14 8 0 15160 6160 0
0.58000000000000029 0 1 9000.0 6.0 14 8 0 15160 6160 0
0.5900000000000003 0 1 9768.0000000000509 6.5120000000000342 15 8 0 16660 6160 0
0.60000000000000031 0 1 10968.000000000051 7.312000000000034 16 8 0 18160 6160 0
0.61000000000000032 0 1 12000.0 8.0 16 8 0 18160 6160 0
0.62000000000000033 0 1 12000.0 8.0 16 8 0 18160 6160 0
0.63000000000000034 0 1 12000.0 8.0 16 8 0 18160 6160 0
0.64000000000000035 0 1 12000.0 8.0 16 8 0 18160 6160 0
0.65000000000000036 0 1 11903.999999999938 7.9359999999999582 16 9 0 18160 7660 0
0.66000000000000036 0 1 10500.0 7.0 16 9 0 18160 7660 0
0.67000000000000037 0 1 10500.0 7.0 16 9 0 18160 7660 0
0.68000000000000038 0 1 10500.0 7.0 16 9 0 18160 7660 0
0.69000000000000039 0 1 10500.0 7.0 16 9 0 18160 7660 0
0.7000000000000004 0 1 10500.0 7.0 16 9 0 18160 7660 0
0.71000000000000041 0 1 11268.000000000067 7.5120000000000449 17 9 0 19660 7660 0
0.72000000000000042 0 1 12000.0 8.0 17 9 0 19660 7660 0
0.73000000000000043 0 1 12000.0 8.0 17 9 0 19660 7660 0
0.74000000000000044 0 1 12000.0 8.0 17 9 0 19660 7660 0
0.75000000000000044 0 1 12000.0 8.0 17 9 0 19660 7660 0
0.76000000000000045 0 1 12000.0 8.0 17 9 0 19660 7660 0
0.77000000000000046 0 1 11903.99999999992 7.9359999999999475 17 10 0 19660 9160 0
0.78000000000000047 0 1 10500.0 7.0 17 10 0 19660 9160 0
0.79000000000000048 0 1 10500.0 7.0 17 10 0 19660 9160 0
0.80000000000000049 0 1 10500.0 7.0 17 10 0 19660 9160 0
0.8100000000000005 0 1 10500.0 7.0 17 10 0 19660 9160 0
0.82000000000000051 0 1 10500.0 7.0 17 10 0 19660 9160 0
0.83000000000000052 0 1 11268.000000000084 7.5120000000000564 18 10 0 21160 9160 0
0.84000000000000052 0 1 12000.0 8.0 18 10 0 21160 9160 0
0.85000000000000053 0 1 12000.0 8.0 18 10 0 21160 9160 0
0.86000000000000054 0 1 12000.0 8.0 18 10 0 21160 9160 0
0.87000000000000055 0 1 12000.0 8.0 18 10 0 21160 9160 0
0.88000000000000056 0 1 12000.0 8.0 18 10 0 21160 9160 0
0.89000000000000057 0 1 11903.999999999905 7.935999999999936 18 11 0 21160 10660 0
0.90000000000000058 0 1 10500.0 7.0 18 11 0 21160 10660 0
0.91000000000000059 0 1 11268.000000000102 7.5120000000000671 19 11 0 22660 10660 0
0.9200000000000006 0 1 12000.0 8.0 19 11 0 22660 10660 0
0.9300000000000006 0 1 12000.0 8.0 19 11 0 22660 10660 0
0.94000000000000061 0 1 12000.0 8.0 19 11 0 22660 10660 0
0.95000000000000062 0 1 12768.0000000001 8.512000000000068 20 11 0 24160 10660 0
0.96000000000000063 0 1 13968.000000000102 9.3120000000000669 21 11 0 25660 10660 0
0.97000000000000064 0 1 15000.0 10.0 21 11 0 25660 10660 0
0.98000000000000065 0 1 15000.0 10.0 21 11 0 25660 10660 0
0.99000000000000066 0 1 15000.0 10.0 21 11 0 25660 10660 0
1.0000000000000007 0 1 15000.0 10.0 21 11 0 25660 10660 0
1.0100000000000007 0 1 14903.999999999904 9.935999999999936 21 12 0 25660 12160 0
1.0200000000000007 0 1 13500.0 9.0 21 12 0 25660 12160 0
1.0300000000000007 0 1 13500.0 9.0 21 12 0 25660 12160 0
1.0400000000000007 0 1 13500.0 9.0 21 12 0 25660 12160 0
1.0500000000000007 0 1 13500.0 9.0 21 12 0 25660 12160 0
1.0600000000000007 0 1 13500.0 9.0 21 12 0 25660 12160 0
1.0700000000000007 0 1 13500.0 9.0 21 12 0 25660 12160 0
1.0800000000000007 0 1 13500.0 9.0 21 12 0 25660 12160 0
1.0900000000000007 0 1 13500.0 9.0 21 12 0 25660 12160 0
1.1000000000000008 0 1 13500.0 9.0 21 12 0 25660 12160 0
1.1100000000000008 0 1 13500.0 9.0 21 12 0 25660 12160 0
1.1200000000000008 0 1 13500.0 9.0 21 12 0 25660 12160 0
1.1300000000000008 0 1 13403.999999999905 8.935999999999936 21 13 0 25660 13660 0
1.1400000000000008 0 1 12000.0 8.0 21 13 0 25660 13660 0
1.1500000000000008 0 1 12768.000000000135 8.5120000000000893 22 13 0 27160 13660 0
1.1600000000000008 0 1 13500.0 9.0 22 13 0 27160 13660 0
1.1700000000000008 0 1 13500.0 9.0 22 13 0 27160 13660 0
1.1800000000000008 0 1 13500.0 9.0 22 13 0 27160 13660 0
1.1900000000000008 0 1 13500.0 9.0 22 13 0 27160 13660 0
1.2000000000000008 0 1 13500.0 9.0 22 13 0 27160 13660 0
1.2100000000000009 0 1 13500.0 9.0 22 13 0 27160 13660 0
1.2200000000000009 0 1 13500.0 9.0 22 13 0 27160 13660 0
1.2300000000000009 0 1 13500.0 9.0 22 13 0 27160 13660 0
1.2400000000000009 0 1 13500.0 9.0 22 13 0 27160 13660 0
1.2500000000000009 0 1 13403.999999999905 8.935999999999936 22 14 0 27160 15160 0
1.2600000000000009 0 1 12000.0 8.0 22 14 0 27160 15160 0
1.2700000000000009 0 1 12000.0 8.0 22 14 0 27160 15160 0
1.2800000000000009 0 1 12000.0 8.0 22 14 0 27160 15160 0
1.2900000000000009 0 1 12000.0 8.0 22 14 0 27160 15160 0
1.3000000000000009 0 1 12000.0 8.0 22 14 0 27160 15160 0
1.3100000000000009 0 1 12768.000000000135 8.5120000000000893 23 14 0 28660 15160 0
1.320000000000001 0 1 13968.000000000136 9.31200000000009 24 14 0 30160 15160 0
1.330000000000001 0 1 15168.000000000135 10.112000000000089 25 14 0 31660 15160 0
1.340000000000001 0 1 16500.0 11.0 25 14 0 31660 15160 0
1.350000000000001 0 1 16500.0 11.0 25 14 0 31660 15160 0
1.360000000000001 0 1 16500.0 11.0 25 14 0 31660 15160 0
1.370000000000001 0 1 16403.999999999905 10.935999999999936 25 15 0 31660 16660 0
1.380000000000001 0 1 15000.0 10.0 25 15 0 31660 16660 0
1.390000000000001 0 1 15000.0 10.0 25 15 0 31660 16660 0
1.400000000000001 0 1 15000.0 10.0 25 15 0 31660 16660 0
1.410000000000001 0 1 15000.0 10.0 25 15 0 31660 16660 0
1.420000000000001 0 1 15000.0 10.0 25 15 0 31660 16660 0
1.430000000000001 0 1 15000.0 10.0 25 15 0 31660 16660 0
1.4400000000000011 0 1 15000.0 10.0 25 15 0 31660 16660 0
1.4500000000000011 0 1 15000.0 10.0 25 15 0 31660 16660 0
1.4600000000000011 0 1 15000.0 10.0 25 15 0 31660 16660 0
1.4700000000000011 0 1 15000.0 10.0 25 15 0 31660 16660 0
1.4800000000000011 0 1 15000.0 10.0 25 15 0 31660 16660 0
1.4900000000000011 0 1 14903.999999999904 9.935999999999936 25 16 0 31660 18160 0
1.5000000000000011 0 1 13500.0 9.0 25 16 0 31660 18160 0
1.5100000000000011 0 1 13500.0 9.0 25 16 0 31660 18160 0
1.5200000000000011 0 1 13500.0 9.0 25 16 0 31660 18160 0
1.5300000000000011 0 1 13500.0 9.0 25 16 0 31660 18160 0
1.5400000000000011 0 1 13500.0 9.0 25 16 0 31660 18160 0
1.5500000000000012 0 1 14268.000000000202 9.5120000000001337 26 16 0 33160 18160 0
1.5600000000000012 0 1 15000.0 10.0 26 16 0 33160 18160 0
1.5700000000000012 0 1 15000.0 10.0 26 16 0 33160 18160 0
1.5800000000000012 0 1 15000.0 10.0 26 16 0 33160 18160 0
1.5900000000000012 0 1 15000.0 10.0 26 16 0 33160 18160 0
1.6000000000000012 0 1 15000.0 10.0 26 16 0 33160 18160 0
1.6100000000000012 0 1 14903.999999999904 9.935999999999936 26 17 0 33160 19660 0
1.6200000000000012 0 1 13500.0 9.0 26 17 0 33160 19660 0
1.6300000000000012 0 1 13500.0 9.0 26 17 0 33160 19660 0
1.6400000000000012 0 1 13500.0 9.0 26 17 0 33160 19660 0
1.6500000000000012 0 1 13500.0 9.0 26 17 0 33160 19660 0
1.6600000000000013 0 1 13500.0 9.0 26 17 0 33160 19660 0
1.6700000000000013 0 1 13500.0 9.0 26 17 0 33160 19660 0
1.6800000000000013 0 1 13500.0 9.0 26 17 0 33160 19660 0
1.6900000000000013 0 1 13500.0 9.0 26 17 0 33160 19660 0
1.7000000000000013 0 1 13500.0 9.0 26 17 0 33160 19660 0
1.7100000000000013 0 1 13500.0 9.0 26 17 0 33160 19660 0
1.7200000000000013 0 1 13500.0 9.0 26 17 0 33160 19660 0
1.7300000000000013 0 1 13403.999999999905 8.935999999999936 26 18 0 33160 21160 0
1.7400000000000013 0 1 12000.0 8.0 26 18 0 33160 21160 0
1.7500000000000013 0 1 12000.0 8.0 26 18 0 33160 21160 0
1.7600000000000013 0 1 12000.0 8.0 26 18 0 33160 21160 0
1.7700000000000014 0 1 12000.0 8.0 26 18 0 33160 21160 0
1.7800000000000014 0 1 12000.0 8.0 26 18 0 33160 21160 0
1.7900000000000014 0 1 12000.0 8.0 26 18 0 33160 21160 0
1.8000000000000014 0 1 12000.0 8.0 26 18 0 33160 21160 0
1.8100000000000014 0 1 12000.0 8.0 26 18 0 33160 21160 0
1.8200000000000014 0 1 12000.0 8.0 26 18 0 33160 21160 0
1.8300000000000014 0 1 12000.0 8.0 26 18 0 33160 21160 0
1.8400000000000014 0 1 12000.0 8.0 26 18 0 33160 21160 0
1.8500000000000014 0 1 11903.999999999905 7.935999999999936 26 19 0 33160 22660 0
1.8600000000000014 0 1 10500.0 7.0 26 19 0 33160 22660 0
1.8700000000000014 0 1 10500.0 7.0 26 19 0 33160 22660 0
1.8800000000000014 0 1 10500.0 7.0 26 19 0 33160 22660 0
1.8900000000000015 0 1 10500.0 7.0 26 19 0 33160 22660 0
1.9000000000000015 0 1 10500.0 7.0 26 19 0 33160 22660 0
1.9100000000000015 0 1 11268.000000000102 7.5120000000000671 27 19 0 34660 22660 0
1.9200000000000015 0 1 12000.0 8.0 27 19 0 34660 22660 0
1.9300000000000015 0 1 12000.0 8.0 27 19 0 34660 22660 0
1.9400000000000015 0 1 12000.0 8.0 27 19 0 34660 22660 0
1.9500000000000015 0 1 12000.0 8.0 27 19 0 34660 22660 0
1.9600000000000015 0 1 12000.0 8.0 27 19 0 34660 22660 0
1.9700000000000015 0 1 11903.999999999905 7.935999999999936 27 20 0 34660 24160 0
1.9800000000000015 0 1 10500.0 7.0 27 20 0 34660 24160 0
1.9900000000000015 0 1 11268.000000000136 7.5120000000000893 28 20 0 36160 24160 0
2.0000000000000013 0 1 12000.0 8.0 28 20 0 36160 24160 0
2.0100000000000011 0 1 12000.0 8.0 28 20 0 36160 24160 0
2.0200000000000009 0 1 12000.0 8.0 28 20 0 36160 24160 0
2.0300000000000007 0 1 12000.0 8.0 28 20 0 36160 24160 0
2.0400000000000005 0 1 12000.0 8.0 28 20 0 36160 24160 0
2.0500000000000003 0 1 12000.0 8.0 28 20 0 36160 24160 0
2.0600000000000001 0 1 12000.0 8.0 28 20 0 36160 24160 0
2.0699999999999998 0 1 12000.0 8.0 28 20 0 36160 24160 0
2.0799999999999996 0 1 12000.0 8.0 28 20 0 36160 24160 0
2.0899999999999994 0 1 11904.000000000235 7.9360000000001563 28 21 0 36160 25660 0
2.0999999999999992 0 1 10500.0 7.0 28 21 0 36160 25660 0
2.109999999999999 0 1 10500.0 7.0 28 21 0 36160 25660 0
2.1199999999999988 0 1 10500.0 7.0 28 21 0 36160 25660 0
2.1299999999999986 0 1 10500.0 7.0 28 21 0 36160 25660 0
2.1399999999999983 0 1 10500.0 7.0 28 21 0 36160 25660 0
2.1499999999999981 0 1 11267.999999999653 7.5119999999997678 29 21 0 37660 25660 0
2.1599999999999979 0 1 12467.999999999613 8.3119999999997418 30 21 0 39160 25660 0
2.1699999999999977 0 1 13500.0 9.0 30 21 0 39160 25660 0
2.1799999999999975 0 1 13500.0 9.0 30 21 0 39160 25660 0
2.1899999999999973 0 1 13500.0 9.0 30 21 0 39160 25660 0
2.1999999999999971 0 1 13500.0 9.0 30 21 0 39160 25660 0
2.2099999999999969 0 1 13404.000000000635 8.9360000000004227 30 22 0 39160 27160 0
2.2199999999999966 0 1 12000.0 8.0 30 22 0 39160 27160 0
2.2299999999999964 0 1 12000.0 8.0 30 22 0 39160 27160 0
2.2399999999999962 0 1 12000.0 8.0 30 22 0 39160 27160 0
2.249999999999996 0 1 12000.0 8.0 30 22 0 39160 27160 0
2.2599999999999958 0 1 12000.0 8.0 30 22 0 39160 27160 0
2.2699999999999956 0 1 12767.999999999252 8.5119999999995013 31 22 0 40660 27160 0
2.2799999999999954 0 1 13500.0 9.0 31 22 0 40660 27160 0
2.2899999999999952 0 1 13500.0 9.0 31 22 0 40660 27160 0
2.2999999999999949 0 1 13500.0 9.0 31 22 0 40660 27160 0
2.3099999999999947 0 1 13500.0 9.0 31 22 0 40660 27160 0
2.3199999999999945 0 1 13500.0 9.0 31 22 0 40660 27160 0
2.3299999999999943 0 1 13404.000000001033 8.9360000000006892 31 23 0 40660 28660 0
2.3399999999999941 0 1 12000.0 8.0 31 23 0 40660 28660 0
2.3499999999999939 0 1 12000.0 8.0 31 23 0 40660 28660 0
2.3599999999999937 0 1 12000.0 8.0 31 23 0 40660 28660 0
2.3699999999999934 0 1 12000.0 8.0 31 23 0 40660 28660 0
2.3799999999999932 0 1 12000.0 8.0 31 23 0 40660 28660 0
2.389999999999993 0 1 12767.99999999892 8.5119999999992793 32 23 0 42160 28660 0
2.3999999999999928 0 1 13500.0 9.0 32 23 0 42160 28660 0
2.4099999999999926 0 1 13500.0 9.0 32 23 0 42160 28660 0
2.4199999999999924 0 1 13500.0 9.0 32 23 0 42160 28660 0
2.4299999999999922 0 1 13500.0 9.0 32 23 0 42160 28660 0
2.439999999999992 0 1 13500.0 9.0 32 23 0 42160 28660 0
2.4499999999999917 0 1 13404.000000001435 8.9360000000009556 32 24 0 42160 30160 0
2.4599999999999915 0 1 12000.0 8.0 32 24 0 42160 30160 0
2.4699999999999913 0 1 12767.999999998587 8.5119999999990572 33 24 0 43660 30160 0
2.4799999999999911 0 1 13500.0 9.0 33 24 0 43660 30160 0
2.4899999999999909 0 1 13500.0 9.0 33 24 0 43660 30160 0
2.4999999999999907 0 1 13500.0 9.0 33 24 0 43660 30160 0
2.5099999999999905 0 1 13500.0 9.0 33 24 0 43660 30160 0
2.5199999999999902 0 1 13500.0 9.0 33 24 0 43660 30160 0
2.52999999999999 0 1 13500.0 9.0 33 24 0 43660 30160 0
2.5399999999999898 0 1 13500.0 9.0 33 24 0 43660 30160 0
2.5499999999999896 0 1 13500.0 9.0 33 24 0 43660 30160 0
2.5599999999999894 0 1 13500.0 9.0 33 24 0 43660 30160 0
2.5699999999999892 0 1 13404.000000001834 8.9360000000012221 33 25 0 43660 31660 0
2.579999999999989 0 1 12000.0 8.0 33 25 0 43660 31660 0
2.5899999999999888 0 1 12000.0 8.0 33 25 0 43660 31660 0
2.5999999999999885 0 1 12000.0 8.0 33 25 0 43660 31660 0
2.6099999999999883 0 1 12000.0 8.0 33 25 0 43660 31660 0
2.6199999999999881 0 1 12000.0 8.0 33 25 0 43660 31660 0
2.6299999999999879 0 1 12000.0 8.0 33 25 0 43660 31660 0
2.6399999999999877 0 1 12000.0 8.0 33 25 0 43660 31660 0
2.6499999999999875 0 1 12000.0 8.0 33 25 0 43660 31660 0
2.6599999999999873 0 1 12000.0 8.0 33 25 0 43660 31660 0
2.6699999999999871 0 1 12000.0 8.0 33 25 0 43660 31660 0
2.6799999999999868 0 1 12000.0 8.0 33 25 0 43660 31660 0
2.6899999999999866 0 1 11904.000000002234 7.9360000000014885 33 26 0 43660 33160 0
2.6999999999999864 0 1 10500.0 7.0 33 26 0 43660 33160 0
2.7099999999999862 0 1 10500.0 7.0 33 26 0 43660 33160 0
2.719999999999986 0 1 10500.0 7.0 33 26 0 43660 33160 0
2.7299999999999858 0 1 10500.0 7.0 33 26 0 43660 33160 0
2.7399999999999856 0 1 10500.0 7.0 33 26 0 43660 33160 0
2.7499999999999853 0 1 11267.999999997655 7.5119999999984355 34 26 0 45160 33160 0
2.7599999999999851 0 1 12467.999999997613 8.3119999999984095 35 26 0 46660 33160 0
2.7699999999999849 0 1 13500.0 9.0 35 26 0 46660 33160 0
2.7799999999999847 0 1 13500.0 9.0 35 26 0 46660 33160 0
2.7899999999999845 0 1 13500.0 9.0 35 26 0 46660 33160 0
2.7999999999999843 0 1 13500.0 9.0 35 26 0 46660 33160 0
2.8099999999999841 0 1 13404.000000002632 8.936000000001755 35 27 0 46660 34660 0
2.8199999999999839 0 1 12000.0 8.0 35 27 0 46660 34660 0
2.8299999999999836 0 1 12000.0 8.0 35 27 0 46660 34660 0
2.8399999999999834 0 1 12000.0 8.0 35 27 0 46660 34660 0
2.8499999999999832 0 1 12000.0 8.0 35 27 0 46660 34660 0
2.859999999999983 0 1 12000.0 8.0 35 27 0 46660 34660 0
2.8699999999999828 0 1 12767.999999997321 8.5119999999982134 36 27 0 48160 34660 0
2.8799999999999826 0 1 13500.0 9.0 36 27 0 48160 34660 0
2.8899999999999824 0 1 13500.0 9.0 36 27 0 48160 34660 0
2.8999999999999821 0 1 13500.0 9.0 36 27 0 48160 34660 0
2.9099999999999819 0 1 13500.0 9.0 36 27 0 48160 34660 0
2.9199999999999817 0 1 13500.0 9.0 36 27 0 48160 34660 0
2.9299999999999815 0 1 13404.000000003034 8.9360000000020214 36 28 0 48160 36160 0
2.9399999999999813 0 1 12000.0 8.0 36 28 0 48160 36160 0
2.9499999999999811 0 1 12767.999999996988 8.5119999999979914 37 28 0 49660 36160 0
2.9599999999999809 0 1 13500.0 9.0 37 28 0 49660 36160 0
2.9699999999999807 0 1 13500.0 9.0 37 28 0 49660 36160 0
2.9799999999999804 0 1 13500.0 9.0 37 28 0 49660 36160 0
2.9899999999999802 0 1 13500.0 9.0 37 28 0 49660 36160 0
2.99999999999998 0 1 13500.0 9.0 37 28 0 49660 36160 0
3.0099999999999798 0 1 13500.0 9.0 37 28 0 49660 36160 0
3.0199999999999796 0 1 13500.0 9.0 37 28 0 49660 36160 0
3.0299999999999794 0 1 13500.0 9.0 37 28 0 49660 36160 0
3.0399999999999792 0 1 13500.0 9.0 37 28 0 49660 36160 0
3.049999999999979 0 1 13404.000000003431 8.9360000000022879 37 29 0 49660 37660 0
3.0599999999999787 0 1 12000.0 8.0 37 29 0 49660 37660 0
3.0699999999999785 0 1 12000.0 8.0 37 29 0 49660 37660 0
3.0799999999999783 0 1 12000.0 8.0 37 29 0 49660 37660 0
3.0899999999999781 0 1 12000.0 8.0 37 29 0 49660 37660 0
3.0999999999999779 0 1 12000.0 8.0 37 29 0 49660 37660 0
3.1099999999999777 0 1 12000.0 8.0 37 29 0 49660 37660 0
3.1199999999999775 0 1 12000.0 8.0 37 29 0 49660 37660 0
3.1299999999999772 0 1 12000.0 8.0 37 29 0 49660 37660 0
3.139999999999977 0 1 12000.0 8.0 37 29 0 49660 37660 0
3.1499999999999768 0 1 12000.0 8.0 37 29 0 49660 37660 0
3.1599999999999766 0 1 12000.0 8.0 37 29 0 49660 37660 0
3.1699999999999764 0 1 11904.000000003833 7.9360000000025543 37 30 0 49660 39160 0
3.1799999999999762 0 1 10500.0 7.0 37 30 0 49660 39160 0
3.189999999999976 0 1 10500.0 7.0 37 30 0 49660 39160 0
3.1999999999999758 0 1 10500.0 7.0 37 30 0 49660 39160 0
3.2099999999999755 0 1 10500.0 7.0 37 30 0 49660 39160 0
3.2199999999999753 0 1 10500.0 7.0 37 30 0 49660 39160 0
3.2299999999999751 0 1 11267.999999996055 7.5119999999973697 38 30 0 51160 39160 0
3.2399999999999749 0 1 12000.0 8.0 38 30 0 51160 39160 0
3.2499999999999747 0 1 12000.0 8.0 38 30 0 51160 39160 0
3.2599999999999745 0 1 12000.0 8.0 38 30 0 51160 39160 0
3.2699999999999743 0 1 12000.0 8.0 38 30 0 51160 39160 0
3.279999999999974 0 1 12000.0 8.0 38 30 0 51160 39160 0
3.2899999999999738 0 1 11904.000000004233 7.9360000000028208 38 31 0 51160 40660 0
3.2999999999999736 0 1 10500.0 7.0 38 31 0 51160 40660 0
3.3099999999999734 0 1 10500.0 7.0 38 31 0 51160 40660 0
3.3199999999999732 0 1 10500.0 7.0 38 31 0 51160 40660 0
3.329999999999973 0 1 10500.0 7.0 38 31 0 51160 40660 0
3.3399999999999728 0 1 10500.0 7.0 38 31 0 51160 40660 0
3.3499999999999726 0 1 12035.999999991378 8.0239999999942508 40 31 0 54160 40660 0
3.3599999999999723 0 1 13967.999999995614 9.3119999999970773 41 31 0 55660 40660 0
3.3699999999999721 0 1 15000.000000000002 10.0 41 31 0 55660 40660 0
3.3799999999999719 0 1 15000.000000000002 10.0 41 31 0 55660 40660 0
3.3899999999999717 0 1 15000.000000000002 10.0 41 31 0 55660 40660 0
3.3999999999999715 0 1 15000.000000000002 10.0 41 31 0 55660 40660 0
3.4099999999999713 0 1 14904.000000004631 9.9360000000030873 41 32 0 55660 42160 0
3.4199999999999711 0 1 13500.0 9.0 41 32 0 55660 42160 0
3.4299999999999708 0 1 13500.0 9.0 41 32 0 55660 42160 0
3.4399999999999706 0 1 13500.0 9.0 41 32 0 55660 42160 0
3.4499999999999704 0 1 13500.0 9.0 41 32 0 55660 42160 0
3.4599999999999702 0 1 13500.0 9.0 41 32 0 55660 42160 0
3.46999999999997 0 1 14267.999999995258 9.5119999999968368 42 32 0 57160 42160 0
3.4799999999999698 0 1 15000.000000000002 10.0 42 32 0 57160 42160 0
3.4899999999999696 0 1 15000.000000000002 10.0 42 32 0 57160 42160 0
3.4999999999999694 0 1 15000.000000000002 10.0 42 32 0 57160 42160 0
3.5099999999999691 0 1 15000.000000000002 10.0 42 32 0 57160 42160 0
3.5199999999999689 0 1 15000.000000000002 10.0 42 32 0 57160 42160 0
3.5299999999999687 0 1 14904.00000000503 9.9360000000033537 42 33 0 57160 43660 0
3.5399999999999685 0 1 13500.0 9.0 42 33 0 57160 43660 0
3.5499999999999683 0 1 13500.0 9.0 42 33 0 57160 43660 0
3.5599999999999681 0 1 13500.0 9.0 42 33 0 57160 43660 0
3.5699999999999679 0 1 13500.0 9.0 42 33 0 57160 43660 0
3.5799999999999677 0 1 13500.0 9.0 42 33 0 57160 43660 0
3.5899999999999674 0 1 13500.0 9.0 42 33 0 57160 43660 0
3.5999999999999672 0 1 13500.0 9.0 42 33 0 57160 43660 0
3.609999999999967 0 1 13500.0 9.0 42 33 0 57160 43660 0
3.6199999999999668 0 1 13500.0 9.0 42 33 0 57160 43660 0
3.6299999999999666 0 1 13500.0 9.0 42 33 0 57160 43660 0
3.6399999999999664 0 1 13500.0 9.0 42 33 0 57160 43660 0
3.6499999999999662 0 1 13404.000000005432 8.9360000000036202 42 34 0 57160 45160 0
3.6599999999999659 0 1 12000.0 8.0 42 34 0 57160 45160 0
3.6699999999999657 0 1 12000.0 8.0 42 34 0 57160 45160 0
3.6799999999999655 0 1 12000.0 8.0 42 34 0 57160 45160 0
3.6899999999999653 0 1 12000.0 8.0 42 34 0 57160 45160 0
3.6999999999999651 0 1 12000.0 8.0 42 34 0 57160 45160 0
3.7099999999999649 0 1 12000.0 8.0 42 34 0 57160 45160 0
3.7199999999999647 0 1 12000.0 8.0 42 34 0 57160 45160 0
3.7299999999999645 0 1 12000.0 8.0 42 34 0 57160 45160 0
3.7399999999999642 0 1 12000.0 8.0 42 34 0 57160 45160 0
3.749999999999964 0 1 12000.0 8.0 42 34 0 57160 45160 0
3.7599999999999638 0 1 12000.0 8.0 42 34 0 57160 45160 0
3.7699999999999636 0 1 11904.00000000583 7.9360000000038866 42 35 0 57160 46660 0
3.7799999999999634 0 1 10500.0 7.0 42 35 0 57160 46660 0
3.7899999999999632 0 1 10500.0 7.0 42 35 0 57160 46660 0
3.799999999999963 0 1 10500.0 7.0 42 35 0 57160 46660 0
3.8099999999999627 0 1 10500.0 7.0 42 35 0 57160 46660 0
3.8199999999999625 0 1 10500.0 7.0 42 35 0 57160 46660 0
3.8299999999999623 0 1 11267.999999994056 7.5119999999960374 43 35 0 58660 46660 0
3.8399999999999621 0 1 12467.999999994017 8.3119999999960115 44 35 0 60160 46660 0
3.8499999999999619 0 1 13500.0 9.0 44 35 0 60160 46660 0
3.8599999999999617 0 1 13500.0 9.0 44 35 0 60160 46660 0
3.8699999999999615 0 1 13500.0 9.0 44 35 0 60160 46660 0
3.8799999999999613 0 1 13500.0 9.0 44 35 0 60160 46660 0
3.889999999999961 0 1 13404.00000000623 8.9360000000041531 44 36 0 60160 48160 0
3.8999999999999608 0 1 12000.0 8.0 44 36 0 60160 48160 0
3.9099999999999606 0 1 12000.0 8.0 44 36 0 60160 48160 0
3.9199999999999604 0 1 12000.0 8.0 44 36 0 60160 48160 0
3.9299999999999602 0 1 12000.0 8.0 44 36 0 60160 48160 0
3.93999999999996 0 1 12000.0 8.0 44 36 0 60160 48160 0
3.9499999999999598 0 1 12767.999999993655 8.5119999999957709 45 36 0 61660 48160 0
3.9599999999999596 0 1 13500.0 9.0 45 36 0 61660 48160 0
3.9699999999999593 0 1 13500.0 9.0 45 36 0 61660 48160 0
3.9799999999999591 0 1 13500.0 9.0 45 36 0 61660 48160 0
3.9899999999999589 0 1 13500.0 9.0 45 36 0 61660 48160 0
3.9999999999999587 0 1 13500.0 9.0 45 36 0 61660 48160 0
4.0099999999999589 0 1 13404.000000006568 8.9360000000043787 45 37 0 61660 49660 0
4.0199999999999587 0 1 12000.0 8.0 45 37 0 61660 49660 0
4.0299999999999585 0 1 12000.0 8.0 45 37 0 61660 49660 0
4.0399999999999583 0 1 12000.0 8.0 45 37 0 61660 49660 0
4.0499999999999581 0 1 12000.0 8.0 45 37 0 61660 49660 0
4.0599999999999579 0 1 12000.0 8.0 45 37 0 61660 49660 0
4.0699999999999577 0 1 12000.0 8.0 45 37 0 61660 49660 0
4.0799999999999574 0 1 12000.0 8.0 45 37 0 61660 49660 0
4.0899999999999572 0 1 12000.0 8.0 45 37 0 61660 49660 0
4.099999999999957 0 1 12000.0 8.0 45 37 0 61660 49660 0
4.1099999999999568 0 1 12000.0 8.0 45 37 0 61660 49660 0
4.1199999999999566 0 1 12000.0 8.0 45 37 0 61660 49660 0
4.1299999999999564 0 1 11904.000000006963 7.9360000000046416 45 38 0 61660 51160 0
4.1399999999999562 0 1 10500.0 7.0 45 38 0 61660 51160 0
4.1499999999999559 0 1 11267.999999993057 7.5119999999953713 46 38 0 63160 51160 0
4.1599999999999557 0 1 12000.0 8.0 46 38 0 63160 51160 0
4.1699999999999555 0 1 12000.0 8.0 46 38 0 63160 51160 0
4.1799999999999553 0 1 12000.0 8.0 46 38 0 63160 51160 0
4.1899999999999551 0 1 12000.0 8.0 46 38 0 63160 51160 0
4.1999999999999549 0 1 12000.0 8.0 46 38 0 63160 51160 0
4.2099999999999547 0 1 12000.0 8.0 46 38 0 63160 51160 0
4.2199999999999545 0 1 12000.0 8.0 46 38 0 63160 51160 0
4.2299999999999542 0 1 12000.0 8.0 46 38 0 63160 51160 0
4.239999999999954 0 1 12000.0 8.0 46 38 0 63160 51160 0
4.2499999999999538 0 1 11904.000000007363 7.936000000004908 46 39 0 63160 52660 0
4.2599999999999536 0 1 10500.0 7.0 46 39 0 63160 52660 0
4.2699999999999534 0 1 11267.999999992659 7.5119999999951048 47 39 0 64660 52660 0
4.2799999999999532 0 1 12000.0 8.0 47 39 0 64660 52660 0
4.289999999999953 0 1 12000.0 8.0 47 39 0 64660 52660 0
4.2999999999999527 0 1 12000.0 8.0 47 39 0 64660 52660 0
4.3099999999999525 0 1 12000.0 8.0 47 39 0 64660 52660 0
4.3199999999999523 0 1 12000.0 8.0 47 39 0 64660 52660 0
4.3299999999999521 0 1 12000.0 8.0 47 39 0 64660 52660 0
4.3399999999999519 0 1 12000.0 8.0 47 39 0 64660 52660 0
4.3499999999999517 0 1 12000.0 8.0 47 39 0 64660 52660 0
4.3599999999999515 0 1 12000.0 8.0 47 39 0 64660 52660 0
4.3699999999999513 0 1 11904.000000007762 7.9360000000051745 47 40 0 64660 54160 0
4.379999999999951 0 1 10500.0 7.0 47 40 0 64660 54160 0
4.3899999999999508 0 1 10500.0 7.0 47 40 0 64660 54160 0
4.3999999999999506 0 1 10500.0 7.0 47 40 0 64660 54160 0
4.4099999999999504 0 1 10500.0 7.0 47 40 0 64660 54160 0
4.4199999999999502 0 1 10500.0 7.0 47 40 0 64660 54160 0
4.42999999999995 0 1 10500.0 7.0 47 40 0 64660 54160 0
4.4399999999999498 0 1 10500.0 7.0 47 40 0 64660 54160 0
4.4499999999999496 0 1 10500.0 7.0 47 40 0 64660 54160 0
4.4599999999999493 0 1 10500.0 7.0 47 40 0 64660 54160 0
4.4699999999999491 0 1 10500.0 7.0 47 40 0 64660 54160 0
4.4799999999999489 0 1 10500.0 7.0 47 40 0 64660 54160 0
4.4899999999999487 0 1 10404.000000008162 6.9360000000054409 47 41 0 64660 55660 0
4.4999999999999485 0 1 9000.0 6.0 47 41 0 64660 55660 0
4.5099999999999483 0 1 9000.0 6.0 47 41 0 64660 55660 0
4.5199999999999481 0 1 9000.0 6.0 47 41 0 64660 55660 0
4.5299999999999478 0 1 9000.0 6.0 47 41 0 64660 55660 0
4.5399999999999476 0 1 9000.0 6.0 47 41 0 64660 55660 0
4.5499999999999474 0 1 9767.9999999917254 6.5119999999944831 48 41 0 66160 55660 0
4.5599999999999472 0 1 10500.0 7.0 48 41 0 66160 55660 0
4.569999999999947 0 1 10500.0 7.0 48 41 0 66160 55660 0
4.5799999999999468 0 1 10500.0 7.0 48 41 0 66160 55660 0
4.5899999999999466 0 1 10500.0 7.0 48 41 0 66160 55660 0
4.5999999999999464 0 1 10500.0 7.0 48 41 0 66160 55660 0
4.6099999999999461 0 1 10404.000000008562 6.9360000000057074 48 42 0 66160 57160 0
4.6199999999999459 0 1 9000.0 6.0 48 42 0 66160 57160 0
4.6299999999999457 0 1 9000.0 6.0 48 42 0 66160 57160 0
4.6399999999999455 0 1 9000.0 6.0 48 42 0 66160 57160 0
4.6499999999999453 0 1 9000.0 6.0 48 42 0 66160 57160 0
4.6599999999999451 0 1 9000.0 6.0 48 42 0 66160 57160 0
4.6699999999999449 0 1 9767.9999999911925 6.5119999999941278 49 42 0 67660 57160 0
4.6799999999999446 0 1 10967.99999999122 7.3119999999941454 50 42 0 69160 57160 0
4.6899999999999444 0 1 12000.0 8.0 50 42 0 69160 57160 0
4.6999999999999442 0 1 12000.0 8.0 50 42 0 69160 57160 0
4.709999999999944 0 1 12000.0 8.0 50 42 0 69160 57160 0
4.7199999999999438 0 1 12000.0 8.0 50 42 0 69160 57160 0
4.7299999999999436 0 1 11904.000000008962 7.9360000000059738 50 43 0 69160 58660 0
4.7399999999999434 0 1 10500.0 7.0 50 43 0 69160 58660 0
4.7499999999999432 0 1 10500.0 7.0 50 43 0 69160 58660 0
4.7599999999999429 0 1 10500.0 7.0 50 43 0 69160 58660 0
4.7699999999999427 0 1 10500.0 7.0 50 43 0 69160 58660 0
4.7799999999999425 0 1 10500.0 7.0 50 43 0 69160 58660 0
4.7899999999999423 0 1 11267.999999990792 7.5119999999938614 51 43 0 70660 58660 0
4.7999999999999421 0 1 12000.0 8.0 51 43 0 70660 58660 0
4.8099999999999419 0 1 12000.0 8.0 51 43 0 70660 58660 0
4.8199999999999417 0 1 12000.0 8.0 51 43 0 70660 58660 0
4.8299999999999415 0 1 12000.0 8.0 51 43 0 70660 58660 0
4.8399999999999412 0 1 12000.0 8.0 51 43 0 70660 58660 0
4.849999999999941 0 1 11904.000000009361 7.9360000000062403 51 44 0 70660 60160 0
4.8599999999999408 0 1 10500.0 7.0 51 44 0 70660 60160 0
4.8699999999999406 0 1 10500.0 7.0 51 44 0 70660 60160 0
4.8799999999999404 0 1 10500.0 7.0 51 44 0 70660 60160 0
4.8899999999999402 0 1 10500.0 7.0 51 44 0 70660 60160 0
4.89999999999994 0 1 10500.0 7.0 51 44 0 70660 60160 0
4.9099999999999397 0 1 10500.0 7.0 51 44 0 70660 60160 0
4.9199999999999395 0 1 10500.0 7.0 51 44 0 70660 60160 0
4.9299999999999393 0 1 10500.0 7.0 51 44 0 70660 60160 0
4.9399999999999391 0 1 10500.0 7.0 51 44 0 70660 60160 0
4.9499999999999389 0 1 10500.0 7.0 51 44 0 70660 60160 0
4.9599999999999387 0 1 10500.0 7.0 51 44 0 70660 60160 0
4.9699999999999385 0 1 10404.000000009761 6.9360000000065067 51 45 0 70660 61660 0
4.9799999999999383 0 1 9000.0 6.0 51 45 0 70660 61660 0
4.989999999999938 0 1 9000.0 6.0 51 45 0 70660 61660 0
4.9999999999999378 0 1 9000.0 6.0 51 45 0 70660 61660 0
5.0099999999999376 0 1 9000.0 6.0 51 45 0 70660 61660 0
5.0199999999999374 0 1 9000.0 6.0 51 45 0 70660 61660 0
5.0299999999999372 0 1 9767.9999999899937 6.5119999999933285 52 45 0 72160 61660 0
5.039999999999937 0 1 10967.999999990019 7.311999999993346 53 45 0 73660 61660 0
5.0499999999999368 0 1 12000.0 8.0 53 45 0 73660 61660 0
5.0599999999999365 0 1 12000.0 8.0 53 45 0 73660 61660 0
5.0699999999999363 0 1 12000.0 8.0 53 45 0 73660 61660 0
5.0799999999999361 0 1 12000.0 8.0 53 45 0 73660 61660 0
5.0899999999999359 0 1 11904.000000010161 7.9360000000067732 53 46 0 73660 63160 0
5.0999999999999357 0 1 10500.0 7.0 53 46 0 73660 63160 0
5.1099999999999355 0 1 10500.0 7.0 53 46 0 73660 63160 0
5.1199999999999353 0 1 10500.0 7.0 53 46 0 73660 63160 0
5.1299999999999351 0 1 10500.0 7.0 53 46 0 73660 63160 0
5.1399999999999348 0 1 10500.0 7.0 53 46 0 73660 63160 0
5.1499999999999346 0 1 11267.999999989594 7.511999999993062 54 46 0 75160 63160 0
5.1599999999999344 0 1 12000.0 8.0 54 46 0 75160 63160 0
5.1699999999999342 0 1 12000.0 8.0 54 46 0 75160 63160 0
5.179999999999934 0 1 12000.0 8.0 54 46 0 75160 63160 0
5.1899999999999338 0 1 12000.0 8.0 54 46 0 75160 63160 0
5.1999999999999336 0 1 12000.0 8.0 54 46 0 75160 63160 0
5.2099999999999334 0 1 11904.000000010559 7.9360000000070396 54 47 0 75160 64660 0
5.2199999999999331 0 1 10500.0 7.0 54 47 0 75160 64660 0
5.2299999999999329 0 1 10500.0 7.0 54 47 0 75160 64660 0
5.2399999999999327 0 1 10500.0 7.0 54 47 0 75160 64660 0
5.2499999999999325 0 1 10500.0 7.0 54 47 0 75160 64660 0
5.2599999999999323 0 1 10500.0 7.0 54 47 0 75160 64660 0
5.2699999999999321 0 1 10500.0 7.0 54 47 0 75160 64660 0
5.2799999999999319 0 1 10500.0 7.0 54 47 0 75160 64660 0
5.2899999999999316 0 1 10500.0 7.0 54 47 0 75160 64660 0
5.2999999999999314 0 1 10500.0 7.0 54 47 0 75160 64660 0
5.3099999999999312 0 1 10500.0 7.0 54 47 0 75160 64660 0
5.319999999999931 0 1 10500.0 7.0 54 47 0 75160 64660 0
5.3299999999999308 0 1 10404.000000010959 6.9360000000073061 54 48 0 75160 66160 0
5.3399999999999306 0 1 9000.0 6.0 54 48 0 75160 66160 0
5.3499999999999304 0 1 9767.9999999889278 6.5119999999926179 55 48 0 76660 66160 0
5.3599999999999302 0 1 10500.0 7.0 55 48 0 76660 66160 0
5.3699999999999299 0 1 10500.0 7.0 55 48 0 76660 66160 0
5.3799999999999297 0 1 10500.0 7.0 55 48 0 76660 66160 0
5.3899999999999295 0 1 10500.0 7.0 55 48 0 76660 66160 0
5.3999999999999293 0 1 10500.0 7.0 55 48 0 76660 66160 0
5.4099999999999291 0 1 10500.0 7.0 55 48 0 76660 66160 0
5.4199999999999289 0 1 10500.0 7.0 55 48 0 76660 66160 0
5.4299999999999287 0 1 10500.0 7.0 55 48 0 76660 66160 0
5.4399999999999284 0 1 10500.0 7.0 55 48 0 76660 66160 0
5.4499999999999282 0 1 10404.00000001136 6.9360000000075726 55 49 0 76660 67660 0
5.459999999999928 0 1 9000.0 6.0 55 49 0 76660 67660 0
5.4699999999999278 0 1 9000.0 6.0 55 49 0 76660 67660 0
5.4799999999999276 0 1 9000.0 6.0 55 49 0 76660 67660 0
5.4899999999999274 0 1 9000.0 6.0 55 49 0 76660 67660 0
5.4999999999999272 0 1 9000.0 6.0 55 49 0 76660 67660 0
5.509999999999927 0 1 9000.0 6.0 55 49 0 76660 67660 0
5.5199999999999267 0 1 9000.0 6.0 55 49 0 76660 67660 0
5.5299999999999265 0 1 9000.0 6.0 55 49 0 76660 67660 0
5.5399999999999263 0 1 9000.0 6.0 55 49 0 76660 67660 0
5.5499999999999261 0 1 9000.0 6.0 55 49 0 76660 67660 0
5.5599999999999259 0 1 9000.0 6.0 55 49 0 76660 67660 0
5.5699999999999257 0 1 8904.0000000117598 5.936000000007839 55 50 0 76660 69160 0
5.5799999999999255 0 1 7500.0000000000009 5.0 55 50 0 76660 69160 0
5.5899999999999253 0 1 7500.0000000000009 5.0 55 50 0 76660 69160 0
5.599999999999925 0 1 7500.0000000000009 5.0 55 50 0 76660 69160 0
5.6099999999999248 0 1 7500.0000000000009 5.0 55 50 0 76660 69160 0
5.6199999999999246 0 1 7500.0000000000009 5.0 55 50 0 76660 69160 0
5.6299999999999244 0 1 7500.0000000000009 5.0 55 50 0 76660 69160 0
5.6399999999999242 0 1 7500.0000000000009 5.0 55 50 0 76660 69160 0
5.649999999999924 0 1 7500.0000000000009 5.0 55 50 0 76660 69160 0
5.6599999999999238 0 1 7500.0000000000009 5.0 55 50 0 76660 69160 0
5.6699999999999235 0 1 7500.0000000000009 5.0 55 50 0 76660 69160 0
5.6799999999999233 0 1 7500.0000000000009 5.0 55 50 0 76660 69160 0
5.6899999999999231 0 1 7404.0000000121599 4.9360000000081055 55 51 0 76660 70660 0
5.6999999999999229 0 1 6000.0 4.0 55 51 0 76660 70660 0
5.7099999999999227 0 1 6000.0 4.0 55 51 0 76660 70660 0
5.7199999999999225 0 1 6000.0 4.0 55 51 0 76660 70660 0
5.7299999999999223 0 1 6000.0 4.0 55 51 0 76660 70660 0
5.7399999999999221 0 1 6000.0 4.0 55 51 0 76660 70660 0
5.7499999999999218 0 1 7535.9999999751908 5.0239999999834604 57 51 0 79660 70660 0
5.7599999999999216 0 1 9000.0 6.0 57 51 0 79660 70660 0
5.7699999999999214 0 1 9000.0 6.0 57 51 0 79660 70660 0
5.7799999999999212 0 1 9000.0 6.0 57 51 0 79660 70660 0
5.789999999999921 0 1 9000.0 6.0 57 51 0 79660 70660 0
5.7999999999999208 0 1 9000.0 6.0 57 51 0 79660 70660 0
5.8099999999999206 0 1 8904.0000000125583 5.9360000000083719 57 52 0 79660 72160 0
5.8199999999999203 0 1 7500.0000000000009 5.0 57 52 0 79660 72160 0
5.8299999999999201 0 1 7500.0000000000009 5.0 57 52 0 79660 72160 0
5.8399999999999199 0 1 7500.0000000000009 5.0 57 52 0 79660 72160 0
5.8499999999999197 0 1 7500.0000000000009 5.0 57 52 0 79660 72160 0
5.8599999999999195 0 1 7500.0000000000009 5.0 57 52 0 79660 72160 0
5.8699999999999193 0 1 8267.9999999871961 5.5119999999914633 58 52 0 81160 72160 0
5.8799999999999191 0 1 9000.0 6.0 58 52 0 81160 72160 0
5.8899999999999189 0 1 9000.0 6.0 58 52 0 81160 72160 0
5.8999999999999186 0 1 9000.0 6.0 58 52 0 81160 72160 0
5.9099999999999184 0 1 9000.0 6.0 58 52 0 81160 72160 0
5.9199999999999182 0 1 9000.0 6.0 58 52 0 81160 72160 0
5.929999999999918 0 1 8904.0000000129585 5.9360000000086384 58 53 0 81160 73660 0
5.9399999999999178 0 1 7500.0000000000009 5.0 58 53 0 81160 73660 0
5.9499999999999176 0 1 7500.0000000000009 5.0 58 53 0 81160 73660 0
5.9599999999999174 0 1 7500.0000000000009 5.0 58 53 0 81160 73660 0
5.9699999999999172 0 1 7500.0000000000009 5.0 58 53 0 81160 73660 0
5.9799999999999169 0 1 7500.0000000000009 5.0 58 53 0 81160 73660 0
5.9899999999999167 0 1 7500.0000000000009 5.0 58 53 0 81160 73660 0
5.9999999999999165 0 1 7500.0000000000009 5.0 58 53 0 81160 73660 0
6.0099999999999163 0 1 7500.0000000000009 5.0 58 53 0 81160 73660 0
6.0199999999999161 0 1 7500.0000000000009 5.0 58 53 0 81160 73660 0
6.0299999999999159 0 1 7500.0000000000009 5.0 58 53 0 81160 73660 0
6.0399999999999157 0 1 7500.0000000000009 5.0 58 53 0 81160 73660 0
6.0499999999999154 0 1 7404.0000000133577 4.9360000000089048 58 54 0 81160 75160 0
6.0599999999999152 0 1 6000.0 4.0 58 54 0 81160 75160 0
6.069999999999915 0 1 6000.0 4.0 58 54 0 81160 75160 0
6.0799999999999148 0 1 6000.0 4.0 58 54 0 81160 75160 0
6.0899999999999146 0 1 6000.0 4.0 58 54 0 81160 75160 0
6.0999999999999144 0 1 6000.0 4.0 58 54 0 81160 75160 0
6.1099999999999142 0 1 6767.9999999863958 4.5119999999909304 59 54 0 82660 75160 0
6.119999999999914 0 1 7967.9999999864231 5.311999999990948 60 54 0 84160 75160 0
6.1299999999999137 0 1 9000.0 6.0 60 54 0 84160 75160 0
6.1399999999999135 0 1 9000.0 6.0 60 54 0 84160 75160 0
6.1499999999999133 0 1 9000.0 6.0 60 54 0 84160 75160 0
6.1599999999999131 0 1 9000.0 6.0 60 54 0 84160 75160 0
6.1699999999999129 0 1 8904.000000013757 5.9360000000091713 60 55 0 84160 76660 0
6.1799999999999127 0 1 7500.0000000000009 5.0 60 55 0 84160 76660 0
6.1899999999999125 0 1 7500.0000000000009 5.0 60 55 0 84160 76660 0
6.1999999999999122 0 1 7500.0000000000009 5.0 60 55 0 84160 76660 0
6.209999999999912 0 1 7500.0000000000009 5.0 60 55 0 84160 76660 0
6.2199999999999118 0 1 7500.0000000000009 5.0 60 55 0 84160 76660 0
6.2299999999999116 0 1 8267.9999999859974 5.5119999999906639 61 55 0 85660 76660 0
6.2399999999999114 0 1 9000.0 6.0 61 55 0 85660 76660 0
6.2499999999999112 0 1 9000.0 6.0 61 55 0 85660 76660 0
6.259999999999911 0 1 9000.0 6.0 61 55 0 85660 76660 0
6.2699999999999108 0 1 9000.0 6.0 61 55 0 85660 76660 0
6.2799999999999105 0 1 9000.0 6.0 61 55 0 85660 76660 0
6.2899999999999103 0 1 8904.0000000141572 5.9360000000094377 61 56 0 85660 78160 0
6.2999999999999101 0 1 7500.0000000000009 5.0 61 56 0 85660 78160 0
6.3099999999999099 0 1 7500.0000000000009 5.0 61 56 0 85660 78160 0
6.3199999999999097 0 1 7500.0000000000009 5.0 61 56 0 85660 78160 0
6.3299999999999095 0 1 7500.0000000000009 5.0 61 56 0 85660 78160 0
6.3399999999999093 0 1 7500.0000000000009 5.0 61 56 0 85660 78160 0
6.3499999999999091 0 1 7500.0000000000009 5.0 61 56 0 85660 78160 0
6.3599999999999088 0 1 7500.0000000000009 5.0 61 56 0 85660 78160 0
6.3699999999999086 0 1 7500.0000000000009 5.0 61 56 0 85660 78160 0
6.3799999999999084 0 1 7500.0000000000009 5.0 61 56 0 85660 78160 0
6.3899999999999082 0 1 7500.0000000000009 5.0 61 56 0 85660 78160 0
6.399999999999908 0 1 7500.0000000000009 5.0 61 56 0 85660 78160 0
6.4099999999999078 0 1 7404.0000000145565 4.9360000000097042 61 57 0 85660 79660 0
6.4199999999999076 0 1 6000.0 4.0 61 57 0 85660 79660 0
6.4299999999999073 0 1 6767.9999999853299 4.5119999999902198 62 57 0 87160 79660 0
6.4399999999999071 0 1 7500.0000000000009 5.0 62 57 0 87160 79660 0
6.4499999999999069 0 1 7500.0000000000009 5.0 62 57 0 87160 79660 0
6.4599999999999067 0 1 7500.0000000000009 5.0 62 57 0 87160 79660 0
6.4699999999999065 0 1 7500.0000000000009 5.0 62 57 0 87160 79660 0
6.4799999999999063 0 1 7500.0000000000009 5.0 62 57 0 87160 79660 0
6.4899999999999061 0 1 7500.0000000000009 5.0 62 57 0 87160 79660 0
6.4999999999999059 0 1 7500.0000000000009 5.0 62 57 0 87160 79660 0
6.5099999999999056 0 1 7500.0000000000009 5.0 62 57 0 87160 79660 0
6.5199999999999054 0 1 7500.0000000000009 5.0 62 57 0 87160 79660 0
6.5299999999999052 0 1 7404.0000000149566 4.9360000000099706 62 58 0 87160 81160 0
6.539999999999905 0 1 6000.0 4.0 62 58 0 87160 81160 0
6.5499999999999048 0 1 6000.0 4.0 62 58 0 87160 81160 0
6.5599999999999046 0 1 6000.0 4.0 62 58 0 87160 81160 0
6.5699999999999044 0 1 6000.0 4.0 62 58 0 87160 81160 0
6.5799999999999041 0 1 6000.0 4.0 62 58 0 87160 81160 0
6.5899999999999039 0 1 6767.9999999847969 4.5119999999898646 63 58 0 88660 81160 0
6.5999999999999037 0 1 7500.0000000000009 5.0 63 58 0 88660 81160 0
6.6099999999999035 0 1 7500.0000000000009 5.0 63 58 0 88660 81160 0
6.6199999999999033 0 1 7500.0000000000009 5.0 63 58 0 88660 81160 0
6.6299999999999031 0 1 7500.0000000000009 5.0 63 58 0 88660 81160 0
6.6399999999999029 0 1 7500.0000000000009 5.0 63 58 0 88660 81160 0
6.6499999999999027 0 1 7404.0000000153568 4.9360000000102371 63 59 0 88660 82660 0
6.6599999999999024 0 1 6000.0 4.0 63 59 0 88660 82660 0
6.6699999999999022 0 1 6000.0 4.0 63 59 0 88660 82660 0
6.679999999999902 0 1 6000.0 4.0 63 59 0 88660 82660 0
6.6899999999999018 0 1 6000.0 4.0 63 59 0 88660 82660 0
6.6999999999999016 0 1 6000.0 4.0 63 59 0 88660 82660 0
6.7099999999999014 0 1 6767.9999999843976 4.5119999999895981 64 59 0 90160 82660 0
6.7199999999999012 0 1 7500.0000000000009 5.0 64 59 0 90160 82660 0
6.729999999999901 0 1 7500.0000000000009 5.0 64 59 0 90160 82660 0
6.7399999999999007 0 1 7500.0000000000009 5.0 64 59 0 90160 82660 0
6.7499999999999005 0 1 7500.0000000000009 5.0 64 59 0 90160 82660 0
6.7599999999999003 0 1 7500.0000000000009 5.0 64 59 0 90160 82660 0
6.7699999999999001 0 1 7404.0000000157561 4.9360000000105035 64 60 0 90160 84160 0
6.7799999999998999 0 1 6000.0 4.0 64 60 0 90160 84160 0
6.7899999999998997 0 1 6000.0 4.0 64 60 0 90160 84160 0
6.7999999999998995 0 1 6000.0 4.0 64 60 0 90160 84160 0
6.8099999999998992 0 1 6000.0 4.0 64 60 0 90160 84160 0
6.819999999999899 0 1 6000.0 4.0 64 60 0 90160 84160 0
6.8299999999998988 0 1 6767.9999999839984 4.5119999999893317 65 60 0 91660 84160 0
6.8399999999998986 0 1 7500.0000000000009 5.0 65 60 0 91660 84160 0
6.8499999999998984 0 1 7500.0000000000009 5.0 65 60 0 91660 84160 0
6.8599999999998982 0 1 7500.0000000000009 5.0 65 60 0 91660 84160 0
6.869999999999898 0 1 7500.0000000000009 5.0 65 60 0 91660 84160 0
6.8799999999998978 0 1 7500.0000000000009 5.0 65 60 0 91660 84160 0
6.8899999999998975 0 1 7404.0000000161554 4.93600000001077 65 61 0 91660 85660 0
6.8999999999998973 0 1 6000.0 4.0 65 61 0 91660 85660 0
6.9099999999998971 0 1 6000.0 4.0 65 61 0 91660 85660 0
6.9199999999998969 0 1 6000.0 4.0 65 61 0 91660 85660 0
6.9299999999998967 0 1 6000.0 4.0 65 61 0 91660 85660 0
6.9399999999998965 0 1 6000.0 4.0 65 61 0 91660 85660 0
6.9499999999998963 0 1 6767.9999999835982 4.5119999999890652 66 61 0 93160 85660 0
6.959999999999896 0 1 7967.9999999836245 5.3119999999890828 67 61 0 94660 85660 0
6.9699999999998958 0 1 9000.0 6.0 67 61 0 94660 85660 0
6.9799999999998956 0 1 9000.0 6.0 67 61 0 94660 85660 0
6.9899999999998954 0 1 9000.0 6.0 67 61 0 94660 85660 0
6.9999999999998952 0 1 9000.0 6.0 67 61 0 94660 85660 0
7.009999999999895 0 1 8904.0000000165564 5.9360000000110364 67 62 0 94660 87160 0
7.0199999999998948 0 1 7500.0000000000009 5.0 67 62 0 94660 87160 0
7.0299999999998946 0 1 7500.0000000000009 5.0 67 62 0 94660 87160 0
7.0399999999998943 0 1 7500.0000000000009 5.0 67 62 0 94660 87160 0
7.0499999999998941 0 1 7500.0000000000009 5.0 67 62 0 94660 87160 0
7.0599999999998939 0 1 7500.0000000000009 5.0 67 62 0 94660 87160 0
7.0699999999998937 0 1 8267.999999983198 5.5119999999887987 68 62 0 96160 87160 0
7.0799999999998935 0 1 9000.0 6.0 68 62 0 96160 87160 0
7.0899999999998933 0 1 9000.0 6.0 68 62 0 96160 87160 0
7.0999999999998931 0 1 9000.0 6.0 68 62 0 96160 87160 0
7.1099999999998929 0 1 9000.0 6.0 68 62 0 96160 87160 0
7.1199999999998926 0 1 9000.0 6.0 68 62 0 96160 87160 0
7.1299999999998924 0 1 8904.0000000169548 5.9360000000113029 68 63 0 96160 88660 0
7.1399999999998922 0 1 7500.0000000000009 5.0 68 63 0 96160 88660 0
7.149999999999892 0 1 7500.0000000000009 5.0 68 63 0 96160 88660 0
7.1599999999998918 0 1 7500.0000000000009 5.0 68 63 0 96160 88660 0
7.1699999999998916 0 1 7500.0000000000009 5.0 68 63 0 96160 88660 0
7.1799999999998914 0 1 7500.0000000000009 5.0 68 63 0 96160 88660 0
7.1899999999998911 0 1 7500.0000000000009 5.0 68 63 0 96160 88660 0
7.1999999999998909 0 1 7500.0000000000009 5.0 68 63 0 96160 88660 0
7.2099999999998907 0 1 7500.0000000000009 5.0 68 63 0 96160 88660 0
7.2199999999998905 0 1 7500.0000000000009 5.0 68 63 0 96160 88660 0
7.2299999999998903 0 1 7500.0000000000009 5.0 68 63 0 96160 88660 0
7.2399999999998901 0 1 7500.0000000000009 5.0 68 63 0 96160 88660 0
7.2499999999998899 0 1 7404.000000017355 4.9360000000115694 68 64 0 96160 90160 0
7.2599999999998897 0 1 6000.0 4.0 68 64 0 96160 90160 0
7.2699999999998894 0 1 6767.9999999825322 4.5119999999883547 69 64 0 97660 90160 0
7.2799999999998892 0 1 7500.0000000000009 5.0 69 64 0 97660 90160 0
7.289999999999889 0 1 7500.0000000000009 5.0 69 64 0 97660 90160 0
7.2999999999998888 0 1 7500.0000000000009 5.0 69 64 0 97660 90160 0
7.3099999999998886 0 1 8267.9999999823995 5.5119999999882658 70 64 0 99160 90160 0
7.3199999999998884 0 1 9000.0 6.0 70 64 0 99160 90160 0
7.3299999999998882 0 1 9000.0 6.0 70 64 0 99160 90160 0
7.3399999999998879 0 1 9000.0 6.0 70 64 0 99160 90160 0
7.3499999999998877 0 1 9000.0 6.0 70 64 0 99160 90160 0
7.3599999999998875 0 1 9000.0 6.0 70 64 0 99160 90160 0
7.3699999999998873 0 1 8904.0000000177533 5.9360000000118358 70 65 0 99160 91660 0
7.3799999999998871 0 1 7500.0000000000009 5.0 70 65 0 99160 91660 0
7.3899999999998869 0 1 7500.0000000000009 5.0 70 65 0 99160 91660 0
7.3999999999998867 0 1 7500.0000000000009 5.0 70 65 0 99160 91660 0
7.4099999999998865 0 1 7500.0000000000009 5.0 70 65 0 99160 91660 0
7.4199999999998862 0 1 7500.0000000000009 5.0 70 65 0 99160 91660 0
7.429999999999886 0 1 8267.9999999819993 5.5119999999879994 71 65 0 100660 91660 0
7.4399999999998858 0 1 9000.0 6.0 71 65 0 100660 91660 0
7.4499999999998856 0 1 9000.0 6.0 71 65 0 100660 91660 0
7.4599999999998854 0 1 9000.0 6.0 71 65 0 100660 91660 0
7.4699999999998852 0 1 9000.0 6.0 71 65 0 100660 91660 0
7.479999999999885 0 1 9000.0 6.0 71 65 0 100660 91660 0
7.4899999999998847 0 1 8904.0000000181535 5.9360000000121023 71 66 0 100660 93160 0
7.4999999999998845 0 1 7500.0000000000009 5.0 71 66 0 100660 93160 0
7.5099999999998843 0 1 7500.0000000000009 5.0 71 66 0 100660 93160 0
7.5199999999998841 0 1 7500.0000000000009 5.0 71 66 0 100660 93160 0
7.5299999999998839 0 1 7500.0000000000009 5.0 71 66 0 100660 93160 0
7.5399999999998837 0 1 7500.0000000000009 5.0 71 66 0 100660 93160 0
7.5499999999998835 0 1 7500.0000000000009 5.0 71 66 0 100660 93160 0
7.5599999999998833 0 1 7500.0000000000009 5.0 71 66 0 100660 93160 0
7.569999999999883 0 1 7500.0000000000009 5.0 71 66 0 100660 93160 0
7.5799999999998828 0 1 7500.0000000000009 5.0 71 66 0 100660 93160 0
7.5899999999998826 0 1 7500.0000000000009 5.0 71 66 0 100660 93160 0
7.5999999999998824 0 1 7500.0000000000009 5.0 71 66 0 100660 93160 0
7.6099999999998822 0 1 7404.0000000185546 4.9360000000123687 71 67 0 100660 94660 0
7.619999999999882 0 1 6000.0 4.0 71 67 0 100660 94660 0
7.6299999999998818 0 1 6000.0 4.0 71 67 0 100660 94660 0
7.6399999999998816 0 1 6000.0 4.0 71 67 0 100660 94660 0
7.6499999999998813 0 1 6000.0 4.0 71 67 0 100660 94660 0
7.6599999999998811 0 1 6000.0 4.0 71 67 0 100660 94660 0
7.6699999999998809 0 1 6767.9999999812007 4.5119999999874665 72 67 0 102160 94660 0
7.6799999999998807 0 1 7500.0000000000009 5.0 72 67 0 102160 94660 0
7.6899999999998805 0 1 7500.0000000000009 5.0 72 67 0 102160 94660 0
7.6999999999998803 0 1 7500.0000000000009 5.0 72 67 0 102160 94660 0
7.7099999999998801 0 1 7500.0000000000009 5.0 72 67 0 102160 94660 0
7.7199999999998798 0 1 7500.0000000000009 5.0 72 67 0 102160 94660 0
7.7299999999998796 0 1 7404.0000000189539 4.9360000000126352 72 68 0 102160 96160 0
7.7399999999998794 0 1 6000.0 4.0 72 68 0 102160 96160 0
7.7499999999998792 0 1 6000.0 4.0 72 68 0 102160 96160 0
7.759999999999879 0 1 6000.0 4.0 72 68 0 102160 96160 0
7.7699999999998788 0 1 6000.0 4.0 72 68 0 102160 96160 0
7.7799999999998786 0 1 6000.0 4.0 72 68 0 102160 96160 0
7.7899999999998784 0 1 6767.9999999808015 4.5119999999872 73 68 0 103660 96160 0
7.7999999999998781 0 1 7967.9999999808269 5.3119999999872176 74 68 0 105160 96160 0
7.8099999999998779 0 1 9000.0 6.0 74 68 0 105160 96160 0
7.8199999999998777 0 1 9000.0 6.0 74 68 0 105160 96160 0
7.8299999999998775 0 1 9000.0 6.0 74 68 0 105160 96160 0
7.8399999999998773 0 1 9000.0 6.0 74 68 0 105160 96160 0
7.8499999999998771 0 1 8904.000000019354 5.9360000000129016 74 69 0 105160 97660 0
7.8599999999998769 0 1 7500.0000000000009 5.0 74 69 0 105160 97660 0
7.8699999999998766 0 1 7500.0000000000009 5.0 74 69 0 105160 97660 0
7.8799999999998764 0 1 7500.0000000000009 5.0 74 69 0 105160 97660 0
7.8899999999998762 0 1 7500.0000000000009 5.0 74 69 0 105160 97660 0
7.899999999999876 0 1 7500.0000000000009 5.0 74 69 0 105160 97660 0
7.9099999999998758 0 1 8267.9999999804004 5.5119999999869336 75 69 0 106660 97660 0
7.9199999999998756 0 1 9000.0 6.0 75 69 0 106660 97660 0
7.9299999999998754 0 1 9000.0 6.0 75 69 0 106660 97660 0
7.9399999999998752 0 1 9000.0 6.0 75 69 0 106660 97660 0
7.9499999999998749 0 1 9000.0 6.0 75 69 0 106660 97660 0
7.9599999999998747 0 1 9000.0 6.0 75 69 0 106660 97660 0
7.9699999999998745 0 1 8904.0000000197524 5.9360000000131681 75 70 0 106660 99160 0
7.9799999999998743 0 1 7500.0000000000009 5.0 75 70 0 106660 99160 0
7.9899999999998741 0 1 7500.0000000000009 5.0 75 70 0 106660 99160 0
7.9999999999998739 0 1 7500.0000000000009 5.0 75 70 0 106660 99160 0
8.0099999999998737 0 1 7500.0000000000009 5.0 75 70 0 106660 99160 0
8.0199999999998735 0 1 7500.0000000000009 5.0 75 70 0 106660 99160 0
8.0299999999998732 0 1 7500.0000000000009 5.0 75 70 0 106660 99160 0
8.039999999999873 0 1 7500.0000000000009 5.0 75 70 0 106660 99160 0
8.0499999999998728 0 1 7500.0000000000009 5.0 75 70 0 106660 99160 0
8.0599999999998726 0 1 7500.0000000000009 5.0 75 70 0 106660 99160 0
8.0699999999998724 0 1 7500.0000000000009 5.0 75 70 0 106660 99160 0
8.0799999999998722 0 1 7500.0000000000009 5.0 75 70 0 106660 99160 0
8.089999999999872 0 1 7404.0000000201517 4.9360000000134345 75 71 0 106660 100660 0
8.0999999999998717 0 1 6000.0 4.0 75 71 0 106660 100660 0
8.1099999999998715 0 1 6767.9999999797355 4.5119999999864895 76 71 0 108160 100660 0
8.1199999999998713 0 1 7500.0000000000009 5.0 76 71 0 108160 100660 0
8.1299999999998711 0 1 7500.0000000000009 5.0 76 71 0 108160 100660 0
8.1399999999998709 0 1 7500.0000000000009 5.0 76 71 0 108160 100660 0
8.1499999999998707 0 1 8267.9999999797346 5.5119999999864895 77 71 0 109660 100660 0
8.1599999999998705 0 1 9467.9999999796273 6.3119999999864183 78 71 0 111160 100660 0
8.1699999999998703 0 1 10500.0 7.0 78 71 0 111160 100660 0
8.17999999999987 0 1 10500.0 7.0 78 71 0 111160 100660 0
8.1899999999998698 0 1 10500.0 7.0 78 71 0 111160 100660 0
8.1999999999998696 0 1 10500.0 7.0 78 71 0 111160 100660 0
8.2099999999998694 0 1 10404.000000020418 6.9360000000136122 78 72 0 111160 102160 0
8.2199999999998692 0 1 9000.0 6.0 78 72 0 111160 102160 0
8.229999999999869 0 1 9000.0 6.0 78 72 0 111160 102160 0
8.2399999999998688 0 1 9000.0 6.0 78 72 0 111160 102160 0
8.2499999999998685 0 1 9000.0 6.0 78 72 0 111160 102160 0
8.2599999999998683 0 1 9000.0 6.0 78 72 0 111160 102160 0
8.2699999999998681 0 1 9000.0 6.0 78 72 0 111160 102160 0
8.2799999999998679 0 1 9000.0 6.0 78 72 0 111160 102160 0
8.2899999999998677 0 1 9000.0 6.0 78 72 0 111160 102160 0
8.2999999999998675 0 1 9000.0 6.0 78 72 0 111160 102160 0
8.3099999999998673 0 1 9000.0 6.0 78 72 0 111160 102160 0
8.3199999999998671 0 1 9000.0 6.0 78 72 0 111160 102160 0
8.3299999999998668 0 1 8904.0000000206855 5.9360000000137898 78 73 0 111160 103660 0
8.3399999999998666 0 1 7500.0000000000009 5.0 78 73 0 111160 103660 0
8.3499999999998664 0 1 7500.0000000000009 5.0 78 73 0 111160 103660 0
8.3599999999998662 0 1 7500.0000000000009 5.0 78 73 0 111160 103660 0
8.369999999999866 0 1 7500.0000000000009 5.0 78 73 0 111160 103660 0
8.3799999999998658 0 1 7500.0000000000009 5.0 78 73 0 111160 103660 0
8.3899999999998656 0 1 7500.0000000000009 5.0 78 73 0 111160 103660 0
8.3999999999998654 0 1 7500.0000000000009 5.0 78 73 0 111160 103660 0
8.4099999999998651 0 1 7500.0000000000009 5.0 78 73 0 111160 103660 0
8.4199999999998649 0 1 7500.0000000000009 5.0 78 73 0 111160 103660 0
8.4299999999998647 0 1 7500.0000000000009 5.0 78 73 0 111160 103660 0
8.4399999999998645 0 1 7500.0000000000009 5.0 78 73 0 111160 103660 0
8.4499999999998643 0 1 7404.000000020952 4.9360000000139674 78 74 0 111160 105160 0
8.4599999999998641 0 1 6000.0 4.0 78 74 0 111160 105160 0
8.4699999999998639 0 1 6000.0 4.0 78 74 0 111160 105160 0
8.4799999999998636 0 1 6000.0 4.0 78 74 0 111160 105160 0
8.4899999999998634 0 1 6000.0 4.0 78 74 0 111160 105160 0
8.4999999999998632 0 1 6000.0 4.0 78 74 0 111160 105160 0
8.509999999999863 0 1 6767.9999999784022 4.5119999999856013 79 74 0 112660 105160 0
8.5199999999998628 0 1 7500.0000000000009 5.0 79 74 0 112660 105160 0
8.5299999999998626 0 1 7500.0000000000009 5.0 79 74 0 112660 105160 0
8.5399999999998624 0 1 7500.0000000000009 5.0 79 74 0 112660 105160 0
8.5499999999998622 0 1 7500.0000000000009 5.0 79 74 0 112660 105160 0
8.5599999999998619 0 1 7500.0000000000009 5.0 79 74 0 112660 105160 0
8.5699999999998617 0 1 7404.0000000212176 4.9360000000141451 79 75 0 112660 106660 0
8.5799999999998615 0 1 6000.0 4.0 79 75 0 112660 106660 0
8.5899999999998613 0 1 6000.0 4.0 79 75 0 112660 106660 0
8.5999999999998611 0 1 6000.0 4.0 79 75 0 112660 106660 0
8.6099999999998609 0 1 6000.0 4.0 79 75 0 112660 106660 0
8.6199999999998607 0 1 6000.0 4.0 79 75 0 112660 106660 0
8.6299999999998604 0 1 6767.9999999784022 4.5119999999856013 80 75 0 114160 106660 0
8.6399999999998602 0 1 7967.9999999782958 5.3119999999855301 81 75 0 115660 106660 0
8.64999999999986 0 1 9000.0 6.0 81 75 0 115660 106660 0
8.6599999999998598 0 1 9000.0 6.0 81 75 0 115660 106660 0
8.6699999999998596 0 1 9000.0 6.0 81 75 0 115660 106660 0
8.6799999999998594 0 1 9000.0 6.0 81 75 0 115660 106660 0
8.6899999999998592 0 1 8904.0000000214859 5.9360000000143227 81 76 0 115660 108160 0
8.699999999999859 0 1 7500.0000000000009 5.0 81 76 0 115660 108160 0
8.7099999999998587 0 1 7500.0000000000009 5.0 81 76 0 115660 108160 0
8.7199999999998585 0 1 7500.0000000000009 5.0 81 76 0 115660 108160 0
8.7299999999998583 0 1 7500.0000000000009 5.0 81 76 0 115660 108160 0
8.7399999999998581 0 1 7500.0000000000009 5.0 81 76 0 115660 108160 0
8.7499999999998579 0 1 8267.9999999781357 5.5119999999854237 82 76 0 117160 108160 0
8.7599999999998577 0 1 9000.0 6.0 82 76 0 117160 108160 0
8.7699999999998575 0 1 9000.0 6.0 82 76 0 117160 108160 0
8.7799999999998573 0 1 9000.0 6.0 82 76 0 117160 108160 0
8.789999999999857 0 1 9000.0 6.0 82 76 0 117160 108160 0
8.7999999999998568 0 1 9000.0 6.0 82 76 0 117160 108160 0
8.8099999999998566 0 1 8904.0000000217515 5.9360000000145003 82 77 0 117160 109660 0
8.8199999999998564 0 1 7500.0000000000009 5.0 82 77 0 117160 109660 0
8.8299999999998562 0 1 7500.0000000000009 5.0 82 77 0 117160 109660 0
8.839999999999856 0 1 7500.0000000000009 5.0 82 77 0 117160 109660 0
8.8499999999998558 0 1 7500.0000000000009 5.0 82 77 0 117160 109660 0
8.8599999999998555 0 1 7500.0000000000009 5.0 82 77 0 117160 109660 0
8.8699999999998553 0 1 7500.0000000000009 5.0 82 77 0 117160 109660 0
8.8799999999998551 0 1 7500.0000000000009 5.0 82 77 0 117160 109660 0
8.8899999999998549 0 1 7500.0000000000009 5.0 82 77 0 117160 109660 0
8.8999999999998547 0 1 7500.0000000000009 5.0 82 77 0 117160 109660 0
8.9099999999998545 0 1 7500.0000000000009 5.0 82 77 0 117160 109660 0
8.9199999999998543 0 1 7500.0000000000009 5.0 82 77 0 117160 109660 0
8.9299999999998541 0 1 7404.000000022018 4.936000000014678 82 78 0 117160 111160 0
8.9399999999998538 0 1 6000.0 4.0 82 78 0 117160 111160 0
8.9499999999998536 0 1 6767.9999999776037 4.5119999999850684 83 78 0 118660 111160 0
8.9599999999998534 0 1 7500.0000000000009 5.0 83 78 0 118660 111160 0
8.9699999999998532 0 1 7500.0000000000009 5.0 83 78 0 118660 111160 0
8.979999999999853 0 1 7500.0000000000009 5.0 83 78 0 118660 111160 0
8.9899999999998528 0 1 8267.9999999776028 5.5119999999850684 84 78 0 120160 111160 0
8.9999999999998526 0 1 9000.0 6.0 84 78 0 120160 111160 0
9.0099999999998523 0 1 9000.0 6.0 84 78 0 120160 111160 0
9.0199999999998521 0 1 9000.0 6.0 84 78 0 120160 111160 0
9.0299999999998519 0 1 9000.0 6.0 84 78 0 120160 111160 0
9.0399999999998517 0 1 9000.0 6.0 84 78 0 120160 111160 0
9.0499999999998515 0 1 8904.0000000222844 5.9360000000148556 84 79 0 120160 112660 0
9.0599999999998513 0 1 7500.0000000000009 5.0 84 79 0 120160 112660 0
9.0699999999998511 0 1 7500.0000000000009 5.0 84 79 0 120160 112660 0
9.0799999999998509 0 1 7500.0000000000009 5.0 84 79 0 120160 112660 0
9.0899999999998506 0 1 7500.0000000000009 5.0 84 79 0 120160 112660 0
9.0999999999998504 0 1 7500.0000000000009 5.0 84 79 0 120160 112660 0
9.1099999999998502 0 1 8267.9999999773372 5.5119999999848908 85 79 0 121660 112660 0
9.11999999999985 0 1 9000.0 6.0 85 79 0 121660 112660 0
9.1299999999998498 0 1 9000.0 6.0 85 79 0 121660 112660 0
9.1399999999998496 0 1 9000.0 6.0 85 79 0 121660 112660 0
9.1499999999998494 0 1 9000.0 6.0 85 79 0 121660 112660 0
9.1599999999998492 0 1 9000.0 6.0 85 79 0 121660 112660 0
9.1699999999998489 0 1 8904.0000000225518 5.9360000000150333 85 80 0 121660 114160 0
9.1799999999998487 0 1 7500.0000000000009 5.0 85 80 0 121660 114160 0
9.1899999999998485 0 1 7500.0000000000009 5.0 85 80 0 121660 114160 0
9.1999999999998483 0 1 7500.0000000000009 5.0 85 80 0 121660 114160 0
9.2099999999998481 0 1 7500.0000000000009 5.0 85 80 0 121660 114160 0
9.2199999999998479 0 1 7500.0000000000009 5.0 85 80 0 121660 114160 0
9.2299999999998477 0 1 7500.0000000000009 5.0 85 80 0 121660 114160 0
9.2399999999998474 0 1 7500.0000000000009 5.0 85 80 0 121660 114160 0
9.2499999999998472 0 1 7500.0000000000009 5.0 85 80 0 121660 114160 0
9.259999999999847 0 1 7500.0000000000009 5.0 85 80 0 121660 114160 0
9.2699999999998468 0 1 7500.0000000000009 5.0 85 80 0 121660 114160 0
9.2799999999998466 0 1 7500.0000000000009 5.0 85 80 0 121660 114160 0
9.2899999999998464 0 1 7404.0000000228174 4.9360000000152109 85 81 0 121660 115660 0
9.2999999999998462 0 1 6000.0 4.0 85 81 0 121660 115660 0
9.309999999999846 0 1 6000.0 4.0 85 81 0 121660 115660 0
9.3199999999998457 0 1 6000.0 4.0 85 81 0 121660 115660 0
9.3299999999998455 0 1 6000.0 4.0 85 81 0 121660 115660 0
9.3399999999998453 0 1 6000.0 4.0 85 81 0 121660 115660 0
9.3499999999998451 0 1 6767.9999999762704 4.5119999999841802 86 81 0 123160 115660 0
9.3599999999998449 0 1 7500.0000000000009 5.0 86 81 0 123160 115660 0
9.3699999999998447 0 1 7500.0000000000009 5.0 86 81 0 123160 115660 0
9.3799999999998445 0 1 7500.0000000000009 5.0 86 81 0 123160 115660 0
9.3899999999998442 0 1 7500.0000000000009 5.0 86 81 0 123160 115660 0
9.399999999999844 0 1 7500.0000000000009 5.0 86 81 0 123160 115660 0
9.4099999999998438 0 1 7404.000000023083 4.9360000000153885 86 82 0 123160 117160 0
9.4199999999998436 0 1 6000.0 4.0 86 82 0 123160 117160 0
9.4299999999998434 0 1 6000.0 4.0 86 82 0 123160 117160 0
9.4399999999998432 0 1 6000.0 4.0 86 82 0 123160 117160 0
9.449999999999843 0 1 6000.0 4.0 86 82 0 123160 117160 0
9.4599999999998428 0 1 6000.0 4.0 86 82 0 123160 117160 0
9.4699999999998425 0 1 6767.9999999765378 4.5119999999843579 87 82 0 124660 117160 0
9.4799999999998423 0 1 7967.9999999764295 5.3119999999842866 88 82 0 126160 117160 0
9.4899999999998421 0 1 9000.0 6.0 88 82 0 126160 117160 0
9.4999999999998419 0 1 9000.0 6.0 88 82 0 126160 117160 0
9.5099999999998417 0 1 9000.0 6.0 88 82 0 126160 117160 0
9.5199999999998415 0 1 9000.0 6.0 88 82 0 126160 117160 0
9.5299999999998413 0 1 8904.0000000233504 5.9360000000155662 88 83 0 126160 118660 0
9.5399999999998411 0 1 7500.0000000000009 5.0 88 83 0 126160 118660 0
9.5499999999998408 0 1 7500.0000000000009 5.0 88 83 0 126160 118660 0
9.5599999999998406 0 1 7500.0000000000009 5.0 88 83 0 126160 118660 0
9.5699999999998404 0 1 7500.0000000000009 5.0 88 83 0 126160 118660 0
9.5799999999998402 0 1 7500.0000000000009 5.0 88 83 0 126160 118660 0
9.58999999999984 0 1 8267.9999999762713 5.5119999999841802 89 83 0 127660 118660 0
9.5999999999998398 0 1 9000.0 6.0 89 83 0 127660 118660 0
9.6099999999998396 0 1 9000.0 6.0 89 83 0 127660 118660 0
9.6199999999998393 0 1 9000.0 6.0 89 83 0 127660 118660 0
9.6299999999998391 0 1 9000.0 6.0 89 83 0 127660 118660 0
9.6399999999998389 0 1 9000.0 6.0 89 83 0 127660 118660 0
9.6499999999998387 0 1 8904.0000000236178 5.9360000000157438 89 84 0 127660 120160 0
9.6599999999998385 0 1 7500.0000000000009 5.0 89 84 0 127660 120160 0
9.6699999999998383 0 1 7500.0000000000009 5.0 89 84 0 127660 120160 0
9.6799999999998381 0 1 7500.0000000000009 5.0 89 84 0 127660 120160 0
9.6899999999998379 0 1 7500.0000000000009 5.0 89 84 0 127660 120160 0
9.6999999999998376 0 1 7500.0000000000009 5.0 89 84 0 127660 120160 0
9.7099999999998374 0 1 7500.0000000000009 5.0 89 84 0 127660 120160 0
9.7199999999998372 0 1 7500.0000000000009 5.0 89 84 0 127660 120160 0
9.729999999999837 0 1 7500.0000000000009 5.0 89 84 0 127660 120160 0
9.7399999999998368 0 1 7500.0000000000009 5.0 89 84 0 127660 120160 0
9.7499999999998366 0 1 7500.0000000000009 5.0 89 84 0 127660 120160 0
9.7599999999998364 0 1 7500.0000000000009 5.0 89 84 0 127660 120160 0
9.7699999999998361 0 1 7404.0000000238833 4.9360000000159214 89 85 0 127660 121660 0
9.7799999999998359 0 1 6000.0 4.0 89 85 0 127660 121660 0
9.7899999999998357 0 1 6767.9999999757374 4.5119999999838249 90 85 0 129160 121660 0
9.7999999999998355 0 1 7500.0000000000009 5.0 90 85 0 129160 121660 0
9.8099999999998353 0 1 7500.0000000000009 5.0 90 85 0 129160 121660 0
9.8199999999998351 0 1 7500.0000000000009 5.0 90 85 0 129160 121660 0
9.8299999999998349 0 1 8267.9999999757365 5.5119999999838249 91 85 0 130660 121660 0
9.8399999999998347 0 1 9467.9999999756328 6.3119999999837537 92 85 0 132160 121660 0
9.8499999999998344 0 1 10500.0 7.0 92 85 0 132160 121660 0
9.8599999999998342 0 1 10500.0 7.0 92 85 0 132160 121660 0
9.869999999999834 0 1 10500.0 7.0 92 85 0 132160 121660 0
9.8799999999998338 0 1 10500.0 7.0 92 85 0 132160 121660 0
9.8899999999998336 0 1 10404.000000024149 6.9360000000160991 92 86 0 132160 123160 0
9.8999999999998334 0 1 9000.0 6.0 92 86 0 132160 123160 0
9.9099999999998332 0 1 9000.0 6.0 92 86 0 132160 123160 0
9.919999999999833 0 1 9000.0 6.0 92 86 0 132160 123160 0
9.9299999999998327 0 1 9000.0 6.0 92 86 0 132160 123160 0
9.9399999999998325 0 1 9000.0 6.0 92 86 0 132160 123160 0
9.9499999999998323 0 1 9000.0 6.0 92 86 0 132160 123160 0
9.9599999999998321 0 1 9000.0 6.0 92 86 0 132160 123160 0
9.9699999999998319 0 1 9000.0 6.0 92 86 0 132160 123160 0
9.9799999999998317 0 1 9000.0 6.0 92 86 0 132160 123160 0
9.9899999999998315 0 1 9000.0 6.0 92 86 0 132160 123160 0
9.9999999999998312 0 1 9000.0 6.0 92 86 0 132160 123160 0
