0 0 1 0 0 0 0 0 0 0 0
0.001 0 1 0.0 0.0 0 0 0 0 0 0
0.002 0 1 0.0 0.0 0 0 0 0 0 0
0.0030000000000000001 0 1 0.0 0.0 0 0 0 0 0 0
0.0040000000000000001 0 1 0.0 0.0 0 0 0 0 0 0
0.0050000000000000001 0 1 0.0 0.0 0 0 0 0 0 0
0.0060000000000000001 0 1 0.0 0.0 0 0 0 0 0 0
0.0070000000000000001 0 1 0.0 0.0 0 0 0 0 0 0
0.0080000000000000002 0 1 0.0 0.0 0 0 0 0 0 0
0.0090000000000000011 0 1 0.0 0.0 0 0 0 0 0 0
0.010000000000000002 0 1 0.0 0.0 0 0 0 0 0 0
0.011000000000000003 0 1 0.0 0.0 0 0 0 0 0 0
0.012000000000000004 0 1 0.0 0.0 0 0 0 0 0 0
0.013000000000000005 0 1 0.0 0.0 0 0 0 0 0 0
0.014000000000000005 0 1 0.0 0.0 0 0 0 0 0 0
0.015000000000000006 0 1 0.0 0.0 0 0 0 0 0 0
0.016000000000000007 0 1 0.0 0.0 0 0 0 0 0 0
0.017000000000000008 0 1 0.0 0.0 0 0 0 0 0 0
0.018000000000000009 0 1 0.0 0.0 0 0 0 0 0 0
0.01900000000000001 0 1 0.0 0.0 0 0 0 0 0 0
0.020000000000000011 0 1 0.0 0.0 0 0 0 0 0 0
0.021000000000000012 0 1 0.0 0.0 0 0 0 0 0 0
0.022000000000000013 0 1 0.0 0.0 0 0 0 0 0 0
0.023000000000000013 0 1 0.0 0.0 0 0 0 0 0 0
0.024000000000000014 0 1 0.0 0.0 0 0 0 0 0 0
0.025000000000000015 0 1 0.0 0.0 0 0 0 0 0 0
0.026000000000000016 0 1 0.0 0.0 0 0 0 0 0 0
0.027000000000000017 0 1 0.0 0.0 0 0 0 0 0 0
0.028000000000000018 0 1 0.0 0.0 0 0 0 0 0 0
0.029000000000000019 0 1 0.0 0.0 0 0 0 0 0 0
0.03000000000000002 0 1 0.0 0.0 0 0 0 0 0 0
0.031000000000000021 0 1 0.0 0.0 0 0 0 0 0 0
0.032000000000000021 0 1 0.0 0.0 0 0 0 0 0 0
0.033000000000000022 0 1 0.0 0.0 0 0 0 0 0 0
0.034000000000000023 0 1 0.0 0.0 0 0 0 0 0 0
0.035000000000000024 0 1 0.0 0.0 0 0 0 0 0 0
0.036000000000000025 0 1 0.0 0.0 0 0 0 0 0 0
0.037000000000000026 0 1 0.0 0.0 0 0 0 0 0 0
0.038000000000000027 0 1 0.0 0.0 0 0 0 0 0 0
0.039000000000000028 0 1 0.0 0.0 0 0 0 0 0 0
0.040000000000000029 0 1 0.0 0.0 0 0 0 0 0 0
0.041000000000000029 0 1 0.0 0.0 0 0 0 0 0 0
0.04200000000000003 0 1 0.0 0.0 0 0 0 0 0 0
0.043000000000000031 0 1 0.0 0.0 0 0 0 0 0 0
0.044000000000000032 0 1 0.0 0.0 0 0 0 0 0 0
0.045000000000000033 0 1 0.0 0.0 0 0 0 0 0 0
0.046000000000000034 0 1 0.0 0.0 0 0 0 0 0 0
0.047000000000000035 0 1 0.0 0.0 0 0 0 0 0 0
0.048000000000000036 0 1 0.0 0.0 0 0 0 0 0 0
0.049000000000000037 0 1 0.0 0.0 0 0 0 0 0 0
0.050000000000000037 0 1 0.0 0.0 0 0 0 0 0 0
0.051000000000000038 0 1 0.0 0.0 0 0 0 0 0 0
0.052000000000000039 0 1 0.0 0.0 0 0 0 0 0 0
0.05300000000000004 0 1 0.0 0.0 0 0 0 0 0 0
0.054000000000000041 0 1 0.0 0.0 0 0 0 0 0 0
0.055000000000000042 0 1 0.0 0.0 0 0 0 0 0 0
0.056000000000000043 0 1 0.0 0.0 0 0 0 0 0 0
0.057000000000000044 0 1 0.0 0.0 0 0 0 0 0 0
0.058000000000000045 0 1 0.0 0.0 0 0 0 0 0 0
0.059000000000000045 0 1 0.0 0.0 0 0 0 0 0 0
0.060000000000000046 0 1 0.0 0.0 0 0 0 0 0 0
0.061000000000000047 0 1 0.0 0.0 0 0 0 0 0 0
0.062000000000000048 0 1 0.0 0.0 0 0 0 0 0 0
0.063000000000000042 0 1 0.0 0.0 0 0 0 0 0 0
0.064000000000000043 0 1 0.0 0.0 0 0 0 0 0 0
0.065000000000000044 0 1 0.0 0.0 0 0 0 0 0 0
0.066000000000000045 0 1 0.0 0.0 0 0 0 0 0 0
0.067000000000000046 0 1 0.0 0.0 0 0 0 0 0 0
0.068000000000000047 0 1 0.0 0.0 0 0 0 0 0 0
0.069000000000000047 0 1 0.0 0.0 0 0 0 0 0 0
0.070000000000000048 0 1 0.0 0.0 0 0 0 0 0 0
0.071000000000000049 0 1 0.0 0.0 0 0 0 0 0 0
0.07200000000000005 0 1 0.0 0.0 0 0 0 0 0 0
0.073000000000000051 0 1 0.0 0.0 0 0 0 0 0 0
0.074000000000000052 0 1 0.0 0.0 0 0 0 0 0 0
0.075000000000000053 0 1 0.0 0.0 0 0 0 0 0 0
0.076000000000000054 0 1 0.0 0.0 0 0 0 0 0 0
0.077000000000000055 0 1 0.0 0.0 0 0 0 0 0 0
0.078000000000000055 0 1 0.0 0.0 0 0 0 0 0 0
0.079000000000000056 0 1 0.0 0.0 0 0 0 0 0 0
0.080000000000000057 0 1 0.0 0.0 0 0 0 0 0 0
0.081000000000000058 0 1 0.0 0.0 0 0 0 0 0 0
0.082000000000000059 0 1 0.0 0.0 0 0 0 0 0 0
0.08300000000000006 0 1 0.0 0.0 0 0 0 0 0 0
0.084000000000000061 0 1 0.0 0.0 0 0 0 0 0 0
0.085000000000000062 0 1 0.0 0.0 0 0 0 0 0 0
0.086000000000000063 0 1 0.0 0.0 0 0 0 0 0 0
0.087000000000000063 0 1 0.0 0.0 0 0 0 0 0 0
0.088000000000000064 0 1 0.0 0.0 0 0 0 0 0 0
0.089000000000000065 0 1 0.0 0.0 0 0 0 0 0 0
0.090000000000000066 0 1 0.0 0.0 0 0 0 0 0 0
0.091000000000000067 0 1 0.0 0.0 0 0 0 0 0 0
0.092000000000000068 0 1 0.0 0.0 0 0 0 0 0 0
0.093000000000000069 0 1 0.0 0.0 0 0 0 0 0 0
0.09400000000000007 0 1 0.0 0.0 0 0 0 0 0 0
0.09500000000000007 0 1 0.0 0.0 0 0 0 0 0 0
0.096000000000000071 0 1 0.0 0.0 0 0 0 0 0 0
0.097000000000000072 0 1 0.0 0.0 0 0 0 0 0 0
0.098000000000000073 0 1 0.0 0.0 0 0 0 0 0 0
0.099000000000000074 0 1 0.0 0.0 0 0 0 0 0 0
0.10000000000000007 0 1 0.0 0.0 0 0 0 0 0 0
0.10100000000000008 0 1 0.0 0.0 0 0 0 0 0 0
0.10200000000000008 0 1 0.0 0.0 0 0 0 0 0 0
0.10300000000000008 0 1 0.0 0.0 0 0 0 0 0 0
0.10400000000000008 0 1 0.0 0.0 0 0 0 0 0 0
0.10500000000000008 0 1 0.0 0.0 0 0 0 0 0 0
0.10600000000000008 0 1 0.0 0.0 0 0 0 0 0 0
0.10700000000000008 0 1 0.0 0.0 0 0 0 0 0 0
0.10800000000000008 0 1 0.0 0.0 0 0 0 0 0 0
0.10900000000000008 0 1 0.0 0.0 0 0 0 0 0 0
0.11000000000000008 0 1 0.0 0.0 0 0 0 0 0 0
0.11100000000000008 0 1 0.0 0.0 0 0 0 0 0 0
0.11200000000000009 0 1 0.0 0.0 0 0 0 0 0 0
0.11300000000000009 0 1 0.0 0.0 0 0 0 0 0 0
0.11400000000000009 0 1 0.0 0.0 0 0 0 0 0 0
0.11500000000000009 0 1 0.0 0.0 0 0 0 0 0 0
0.11600000000000009 0 1 0.0 0.0 0 0 0 0 0 0
0.11700000000000009 0 1 0.0 0.0 0 0 0 0 0 0
0.11800000000000009 0 1 0.0 0.0 0 0 0 0 0 0
0.11900000000000009 0 1 0.0 0.0 0 0 0 0 0 0
0.12000000000000009 0 1 0.0 0.0 0 0 0 0 0 0
0.12100000000000009 0 1 0.0 0.0 0 0 0 0 0 0
0.12200000000000009 0 1 0.0 0.0 0 0 0 0 0 0
0.1230000000000001 0 1 0.0 0.0 0 0 0 0 0 0
0.1240000000000001 0 1 0.0 0.0 0 0 0 0 0 0
0.12500000000000008 0 1 0.0 0.0 0 0 0 0 0 0
0.12600000000000008 0 1 0.0 0.0 0 0 0 0 0 0
0.12700000000000009 0 1 0.0 0.0 0 0 0 0 0 0
0.12800000000000009 0 1 0.0 0.0 0 0 0 0 0 0
0.12900000000000009 0 1 0.0 0.0 0 0 0 0 0 0
0.13000000000000009 0 1 0.0 0.0 0 0 0 0 0 0
0.13100000000000009 0 1 0.0 0.0 0 0 0 0 0 0
0.13200000000000009 0 1 0.0 0.0 0 0 0 0 0 0
0.13300000000000009 0 1 0.0 0.0 0 0 0 0 0 0
0.13400000000000009 0 1 0.0 0.0 0 0 0 0 0 0
0.13500000000000009 0 1 0.0 0.0 0 0 0 0 0 0
0.13600000000000009 0 1 0.0 0.0 0 0 0 0 0 0
0.13700000000000009 0 1 0.0 0.0 0 0 0 0 0 0
0.13800000000000009 0 1 0.0 0.0 0 0 0 0 0 0
0.1390000000000001 0 1 0.0 0.0 0 0 0 0 0 0
0.1400000000000001 0 1 0.0 0.0 0 0 0 0 0 0
0.1410000000000001 0 1 0.0 0.0 0 0 0 0 0 0
0.1420000000000001 0 1 0.0 0.0 0 0 0 0 0 0
0.1430000000000001 0 1 0.0 0.0 0 0 0 0 0 0
0.1440000000000001 0 1 0.0 0.0 0 0 0 0 0 0
0.1450000000000001 0 1 0.0 0.0 0 0 0 0 0 0
0.1460000000000001 0 1 0.0 0.0 0 0 0 0 0 0
0.1470000000000001 0 1 0.0 0.0 0 0 0 0 0 0
0.1480000000000001 0 1 0.0 0.0 0 0 0 0 0 0
0.1490000000000001 0 1 0.0 0.0 0 0 0 0 0 0
0.15000000000000011 0 1 0.0 0.0 0 0 0 0 0 0
0.15100000000000011 0 1 0.0 0.0 0 0 0 0 0 0
0.15200000000000011 0 1 0.0 0.0 0 0 0 0 0 0
0.15300000000000011 0 1 0.0 0.0 0 0 0 0 0 0
0.15400000000000011 0 1 0.0 0.0 0 0 0 0 0 0
0.15500000000000011 0 1 0.0 0.0 0 0 0 0 0 0
0.15600000000000011 0 1 0.0 0.0 0 0 0 0 0 0
0.15700000000000011 0 1 0.0 0.0 0 0 0 0 0 0
0.15800000000000011 0 1 0.0 0.0 0 0 0 0 0 0
0.15900000000000011 0 1 0.0 0.0 0 0 0 0 0 0
0.16000000000000011 0 1 0.0 0.0 0 0 0 0 0 0
0.16100000000000012 0 1 0.0 0.0 0 0 0 0 0 0
0.16200000000000012 0 1 0.0 0.0 0 0 0 0 0 0
0.16300000000000012 0 1 0.0 0.0 0 0 0 0 0 0
0.16400000000000012 0 1 0.0 0.0 0 0 0 0 0 0
0.16500000000000012 0 1 0.0 0.0 0 0 0 0 0 0
0.16600000000000012 0 1 0.0 0.0 0 0 0 0 0 0
0.16700000000000012 0 1 0.0 0.0 0 0 0 0 0 0
0.16800000000000012 0 1 0.0 0.0 0 0 0 0 0 0
0.16900000000000012 0 1 0.0 0.0 0 0 0 0 0 0
0.17000000000000012 0 1 0.0 0.0 0 0 0 0 0 0
0.17100000000000012 0 1 0.0 0.0 0 0 0 0 0 0
0.17200000000000013 0 1 0.0 0.0 0 0 0 0 0 0
0.17300000000000013 0 1 0.0 0.0 0 0 0 0 0 0
0.17400000000000013 0 1 0.0 0.0 0 0 0 0 0 0
0.17500000000000013 0 1 0.0 0.0 0 0 0 0 0 0
0.17600000000000013 0 1 0.0 0.0 0 0 0 0 0 0
0.17700000000000013 0 1 0.0 0.0 0 0 0 0 0 0
0.17800000000000013 0 1 0.0 0.0 0 0 0 0 0 0
0.17900000000000013 0 1 0.0 0.0 0 0 0 0 0 0
0.18000000000000013 0 1 0.0 0.0 0 0 0 0 0 0
0.18100000000000013 0 1 0.0 0.0 0 0 0 0 0 0
0.18200000000000013 0 1 0.0 0.0 0 0 0 0 0 0
0.18300000000000013 0 1 0.0 0.0 0 0 0 0 0 0
0.18400000000000014 0 1 0.0 0.0 0 0 0 0 0 0
0.18500000000000014 0 1 0.0 0.0 0 0 0 0 0 0
0.18600000000000014 0 1 0.0 0.0 0 0 0 0 0 0
0.18700000000000014 0 1 0.0 0.0 0 0 0 0 0 0
0.18800000000000014 0 1 0.0 0.0 0 0 0 0 0 0
0.18900000000000014 0 1 0.0 0.0 0 0 0 0 0 0
0.19000000000000014 0 1 0.0 0.0 0 0 0 0 0 0
0.19100000000000014 0 1 0.0 0.0 0 0 0 0 0 0
0.19200000000000014 0 1 0.0 0.0 0 0 0 0 0 0
0.19300000000000014 0 1 0.0 0.0 0 0 0 0 0 0
0.19400000000000014 0 1 0.0 0.0 0 0 0 0 0 0
0.19500000000000015 0 1 0.0 0.0 0 0 0 0 0 0
0.19600000000000015 0 1 0.0 0.0 0 0 0 0 0 0
0.19700000000000015 0 1 0.0 0.0 0 0 0 0 0 0
0.19800000000000015 0 1 0.0 0.0 0 0 0 0 0 0
0.19900000000000015 0 1 0.0 0.0 0 0 0 0 0 0
0.20000000000000015 0 1 0.0 0.0 0 0 0 0 0 0
0.20100000000000015 0 1 0.0 0.0 0 0 0 0 0 0
0.20200000000000015 0 1 0.0 0.0 0 0 0 0 0 0
0.20300000000000015 0 1 0.0 0.0 0 0 0 0 0 0
0.20400000000000015 0 1 0.0 0.0 0 0 0 0 0 0
0.20500000000000015 0 1 0.0 0.0 0 0 0 0 0 0
0.20600000000000016 0 1 0.0 0.0 0 0 0 0 0 0
0.20700000000000016 0 1 0.0 0.0 0 0 0 0 0 0
0.20800000000000016 0 1 0.0 0.0 0 0 0 0 0 0
0.20900000000000016 0 1 0.0 0.0 0 0 0 0 0 0
0.21000000000000016 0 1 0.0 0.0 0 0 0 0 0 0
0.21100000000000016 0 1 0.0 0.0 0 0 0 0 0 0
0.21200000000000016 0 1 0.0 0.0 0 0 0 0 0 0
0.21300000000000016 0 1 0.0 0.0 0 0 0 0 0 0
0.21400000000000016 0 1 0.0 0.0 0 0 0 0 0 0
0.21500000000000016 0 1 0.0 0.0 0 0 0 0 0 0
0.21600000000000016 0 1 0.0 0.0 0 0 0 0 0 0
0.21700000000000016 0 1 0.0 0.0 0 0 0 0 0 0
0.21800000000000017 0 1 0.0 0.0 0 0 0 0 0 0
0.21900000000000017 0 1 0.0 0.0 0 0 0 0 0 0
0.22000000000000017 0 1 0.0 0.0 0 0 0 0 0 0
0.22100000000000017 0 1 0.0 0.0 0 0 0 0 0 0
0.22200000000000017 0 1 0.0 0.0 0 0 0 0 0 0
0.22300000000000017 0 1 0.0 0.0 0 0 0 0 0 0
0.22400000000000017 0 1 0.0 0.0 0 0 0 0 0 0
0.22500000000000017 0 1 0.0 0.0 0 0 0 0 0 0
0.22600000000000017 0 1 0.0 0.0 0 0 0 0 0 0
0.22700000000000017 0 1 0.0 0.0 0 0 0 0 0 0
0.22800000000000017 0 1 0.0 0.0 0 0 0 0 0 0
0.22900000000000018 0 1 0.0 0.0 0 0 0 0 0 0
0.23000000000000018 0 1 0.0 0.0 0 0 0 0 0 0
0.23100000000000018 0 1 0.0 0.0 0 0 0 0 0 0
0.23200000000000018 0 1 0.0 0.0 0 0 0 0 0 0
0.23300000000000018 0 1 0.0 0.0 0 0 0 0 0 0
0.23400000000000018 0 1 0.0 0.0 0 0 0 0 0 0
0.23500000000000018 0 1 0.0 0.0 0 0 0 0 0 0
0.23600000000000018 0 1 0.0 0.0 0 0 0 0 0 0
0.23700000000000018 0 1 0.0 0.0 0 0 0 0 0 0
0.23800000000000018 0 1 0.0 0.0 0 0 0 0 0 0
0.23900000000000018 0 1 0.0 0.0 0 0 0 0 0 0
0.24000000000000019 0 1 0.0 0.0 0 0 0 0 0 0
0.24100000000000019 0 1 0.0 0.0 0 0 0 0 0 0
0.24200000000000019 0 1 0.0 0.0 0 0 0 0 0 0
0.24300000000000019 0 1 0.0 0.0 0 0 0 0 0 0
0.24400000000000019 0 1 0.0 0.0 0 0 0 0 0 0
0.24500000000000019 0 1 0.0 0.0 0 0 0 0 0 0
0.24600000000000019 0 1 0.0 0.0 0 0 0 0 0 0
0.24700000000000019 0 1 0.0 0.0 0 0 0 0 0 0
0.24800000000000019 0 1 0.0 0.0 0 0 0 0 0 0
0.24900000000000019 0 1 0.0 0.0 0 0 0 0 0 0
0.25000000000000017 0 1 0.0 0.0 0 0 0 0 0 0
0.25100000000000017 0 1 0.0 0.0 0 0 0 0 0 0
0.25200000000000017 0 1 0.0 0.0 0 0 0 0 0 0
0.25300000000000017 0 1 0.0 0.0 0 0 0 0 0 0
0.25400000000000017 0 1 0.0 0.0 0 0 0 0 0 0
0.25500000000000017 0 1 0.0 0.0 0 0 0 0 0 0
0.25600000000000017 0 1 0.0 0.0 0 0 0 0 0 0
0.25700000000000017 0 1 0.0 0.0 0 0 0 0 0 0
0.25800000000000017 0 1 0.0 0.0 0 0 0 0 0 0
0.25900000000000017 0 1 0.0 0.0 0 0 0 0 0 0
0.26000000000000018 0 1 0.0 0.0 0 0 0 0 0 0
0.26100000000000018 0 1 0.0 0.0 0 0 0 0 0 0
0.26200000000000018 0 1 0.0 0.0 0 0 0 0 0 0
0.26300000000000018 0 1 0.0 0.0 0 0 0 0 0 0
0.26400000000000018 0 1 0.0 0.0 0 0 0 0 0 0
0.26500000000000018 0 1 0.0 0.0 0 0 0 0 0 0
0.26600000000000018 0 1 0.0 0.0 0 0 0 0 0 0
0.26700000000000018 0 1 0.0 0.0 0 0 0 0 0 0
0.26800000000000018 0 1 0.0 0.0 0 0 0 0 0 0
0.26900000000000018 0 1 0.0 0.0 0 0 0 0 0 0
0.27000000000000018 0 1 0.0 0.0 0 0 0 0 0 0
0.27100000000000019 0 1 0.0 0.0 0 0 0 0 0 0
0.27200000000000019 0 1 0.0 0.0 0 0 0 0 0 0
0.27300000000000019 0 1 0.0 0.0 0 0 0 0 0 0
0.27400000000000019 0 1 0.0 0.0 0 0 0 0 0 0
0.27500000000000019 0 1 0.0 0.0 0 0 0 0 0 0
0.27600000000000019 0 1 0.0 0.0 0 0 0 0 0 0
0.27700000000000019 0 1 0.0 0.0 0 0 0 0 0 0
0.27800000000000019 0 1 0.0 0.0 0 0 0 0 0 0
0.27900000000000019 0 1 0.0 0.0 0 0 0 0 0 0
0.28000000000000019 0 1 0.0 0.0 0 0 0 0 0 0
0.28100000000000019 0 1 0.0 0.0 0 0 0 0 0 0
0.28200000000000019 0 1 0.0 0.0 0 0 0 0 0 0
0.2830000000000002 0 1 0.0 0.0 0 0 0 0 0 0
0.2840000000000002 0 1 0.0 0.0 0 0 0 0 0 0
0.2850000000000002 0 1 0.0 0.0 0 0 0 0 0 0
0.2860000000000002 0 1 0.0 0.0 0 0 0 0 0 0
0.2870000000000002 0 1 0.0 0.0 0 0 0 0 0 0
0.2880000000000002 0 1 0.0 0.0 0 0 0 0 0 0
0.2890000000000002 0 1 0.0 0.0 0 0 0 0 0 0
0.2900000000000002 0 1 0.0 0.0 0 0 0 0 0 0
0.2910000000000002 0 1 0.0 0.0 0 0 0 0 0 0
0.2920000000000002 0 1 0.0 0.0 0 0 0 0 0 0
0.2930000000000002 0 1 0.0 0.0 0 0 0 0 0 0
0.29400000000000021 0 1 0.0 0.0 0 0 0 0 0 0
0.29500000000000021 0 1 0.0 0.0 0 0 0 0 0 0
0.29600000000000021 0 1 0.0 0.0 0 0 0 0 0 0
0.29700000000000021 0 1 0.0 0.0 0 0 0 0 0 0
0.29800000000000021 0 1 0.0 0.0 0 0 0 0 0 0
0.29900000000000021 0 1 0.0 0.0 0 0 0 0 0 0
0.30000000000000021 0 1 0.0 0.0 0 0 0 0 0 0
0.30100000000000021 0 1 0.0 0.0 0 0 0 0 0 0
0.30200000000000021 0 1 0.0 0.0 0 0 0 0 0 0
0.30300000000000021 0 1 0.0 0.0 0 0 0 0 0 0
0.30400000000000021 0 1 0.0 0.0 0 0 0 0 0 0
0.30500000000000022 0 1 0.0 0.0 0 0 0 0 0 0
0.30600000000000022 0 1 0.0 0.0 0 0 0 0 0 0
0.30700000000000022 0 1 0.0 0.0 0 0 0 0 0 0
0.30800000000000022 0 1 0.0 0.0 0 0 0 0 0 0
0.30900000000000022 0 1 0.0 0.0 0 0 0 0 0 0
0.31000000000000022 0 1 0.0 0.0 0 0 0 0 0 0
0.31100000000000022 0 1 0.0 0.0 0 0 0 0 0 0
0.31200000000000022 0 1 0.0 0.0 0 0 0 0 0 0
0.31300000000000022 0 1 0.0 0.0 0 0 0 0 0 0
0.31400000000000022 0 1 0.0 0.0 0 0 0 0 0 0
0.31500000000000022 0 1 0.0 0.0 0 0 0 0 0 0
0.31600000000000023 0 1 0.0 0.0 0 0 0 0 0 0
0.31700000000000023 0 1 0.0 0.0 0 0 0 0 0 0
0.31800000000000023 0 1 0.0 0.0 0 0 0 0 0 0
0.31900000000000023 0 1 0.0 0.0 0 0 0 0 0 0
0.32000000000000023 0 1 0.0 0.0 0 0 0 0 0 0
0.32100000000000023 0 1 0.0 0.0 0 0 0 0 0 0
0.32200000000000023 0 1 0.0 0.0 0 0 0 0 0 0
0.32300000000000023 0 1 0.0 0.0 0 0 0 0 0 0
0.32400000000000023 0 1 0.0 0.0 0 0 0 0 0 0
0.32500000000000023 0 1 0.0 0.0 0 0 0 0 0 0
0.32600000000000023 0 1 0.0 0.0 0 0 0 0 0 0
0.32700000000000023 0 1 0.0 0.0 0 0 0 0 0 0
0.32800000000000024 0 1 0.0 0.0 0 0 0 0 0 0
0.32900000000000024 0 1 0.0 0.0 0 0 0 0 0 0
0.33000000000000024 0 1 0.0 0.0 0 0 0 0 0 0
0.33100000000000024 0 1 0.0 0.0 0 0 0 0 0 0
0.33200000000000024 0 1 0.0 0.0 0 0 0 0 0 0
0.33300000000000024 0 1 0.0 0.0 0 0 0 0 0 0
0.33400000000000024 0 1 0.0 0.0 0 0 0 0 0 0
0.33500000000000024 0 1 0.0 0.0 0 0 0 0 0 0
0.33600000000000024 0 1 0.0 0.0 0 0 0 0 0 0
0.33700000000000024 0 1 0.0 0.0 0 0 0 0 0 0
0.33800000000000024 0 1 0.0 0.0 0 0 0 0 0 0
0.33900000000000025 0 1 0.0 0.0 0 0 0 0 0 0
0.34000000000000025 0 1 0.0 0.0 0 0 0 0 0 0
0.34100000000000025 0 1 0.0 0.0 0 0 0 0 0 0
0.34200000000000025 0 1 0.0 0.0 0 0 0 0 0 0
0.34300000000000025 0 1 0.0 0.0 0 0 0 0 0 0
0.34400000000000025 0 1 0.0 0.0 0 0 0 0 0 0
0.34500000000000025 0 1 0.0 0.0 0 0 0 0 0 0
0.34600000000000025 0 1 0.0 0.0 0 0 0 0 0 0
0.34700000000000025 0 1 0.0 0.0 0 0 0 0 0 0
0.34800000000000025 0 1 0.0 0.0 0 0 0 0 0 0
0.34900000000000025 0 1 0.0 0.0 0 0 0 0 0 0
0.35000000000000026 0 1 0.0 0.0 0 0 0 0 0 0
0.35100000000000026 0 1 0.0 0.0 0 0 0 0 0 0
0.35200000000000026 0 1 0.0 0.0 0 0 0 0 0 0
0.35300000000000026 0 1 0.0 0.0 0 0 0 0 0 0
0.35400000000000026 0 1 0.0 0.0 0 0 0 0 0 0
0.35500000000000026 0 1 0.0 0.0 0 0 0 0 0 0
0.35600000000000026 0 1 0.0 0.0 0 0 0 0 0 0
0.35700000000000026 0 1 0.0 0.0 0 0 0 0 0 0
0.35800000000000026 0 1 0.0 0.0 0 0 0 0 0 0
0.35900000000000026 0 1 0.0 0.0 0 0 0 0 0 0
0.36000000000000026 0 1 0.0 0.0 0 0 0 0 0 0
0.36100000000000027 0 1 0.0 0.0 0 0 0 0 0 0
0.36200000000000027 0 1 0.0 0.0 0 0 0 0 0 0
0.36300000000000027 0 1 0.0 0.0 0 0 0 0 0 0
0.36400000000000027 0 1 0.0 0.0 0 0 0 0 0 0
0.36500000000000027 0 1 0.0 0.0 0 0 0 0 0 0
0.36600000000000027 0 1 0.0 0.0 0 0 0 0 0 0
0.36700000000000027 0 1 0.0 0.0 0 0 0 0 0 0
0.36800000000000027 0 1 0.0 0.0 0 0 0 0 0 0
0.36900000000000027 0 1 0.0 0.0 0 0 0 0 0 0
0.37000000000000027 0 1 0.0 0.0 0 0 0 0 0 0
0.37100000000000027 0 1 0.0 0.0 0 0 0 0 0 0
0.37200000000000027 0 1 0.0 0.0 0 0 0 0 0 0
0.37300000000000028 0 1 0.0 0.0 0 0 0 0 0 0
0.37400000000000028 0 1 0.0 0.0 0 0 0 0 0 0
0.37500000000000028 0 1 0.0 0.0 0 0 0 0 0 0
0.37600000000000028 0 1 0.0 0.0 0 0 0 0 0 0
0.37700000000000028 0 1 0.0 0.0 0 0 0 0 0 0
0.37800000000000028 0 1 0.0 0.0 0 0 0 0 0 0
0.37900000000000028 0 1 0.0 0.0 0 0 0 0 0 0
0.38000000000000028 0 1 0.0 0.0 0 0 0 0 0 0
0.38100000000000028 0 1 0.0 0.0 0 0 0 0 0 0
0.38200000000000028 0 1 0.0 0.0 0 0 0 0 0 0
0.38300000000000028 0 1 0.0 0.0 0 0 0 0 0 0
0.38400000000000029 0 1 0.0 0.0 0 0 0 0 0 0
0.38500000000000029 0 1 0.0 0.0 0 0 0 0 0 0
0.38600000000000029 0 1 0.0 0.0 0 0 0 0 0 0
0.38700000000000029 0 1 0.0 0.0 0 0 0 0 0 0
0.38800000000000029 0 1 0.0 0.0 0 0 0 0 0 0
0.38900000000000029 0 1 0.0 0.0 0 0 0 0 0 0
0.39000000000000029 0 1 0.0 0.0 0 0 0 0 0 0
0.39100000000000029 0 1 0.0 0.0 0 0 0 0 0 0
0.39200000000000029 0 1 0.0 0.0 0 0 0 0 0 0
0.39300000000000029 0 1 0.0 0.0 0 0 0 0 0 0
0.39400000000000029 0 1 0.0 0.0 0 0 0 0 0 0
0.3950000000000003 0 1 0.0 0.0 0 0 0 0 0 0
0.3960000000000003 0 1 0.0 0.0 0 0 0 0 0 0
0.3970000000000003 0 1 0.0 0.0 0 0 0 0 0 0
0.3980000000000003 0 1 0.0 0.0 0 0 0 0 0 0
0.3990000000000003 0 1 0.0 0.0 0 0 0 0 0 0
0.4000000000000003 0 1 0.0 0.0 0 0 0 0 0 0
0.4010000000000003 0 1 0.0 0.0 0 0 0 0 0 0
0.4020000000000003 0 1 0.0 0.0 0 0 0 0 0 0
0.4030000000000003 0 1 0.0 0.0 0 0 0 0 0 0
0.4040000000000003 0 1 0.0 0.0 0 0 0 0 0 0
0.4050000000000003 0 1 0.0 0.0 0 0 0 0 0 0
0.40600000000000031 0 1 0.0 0.0 0 0 0 0 0 0
0.40700000000000031 0 1 0.0 0.0 0 0 0 0 0 0
0.40800000000000031 0 1 0.0 0.0 0 0 0 0 0 0
0.40900000000000031 0 1 0.0 0.0 0 0 0 0 0 0
0.41000000000000031 0 1 0.0 0.0 0 0 0 0 0 0
0.41100000000000031 0 1 0.0 0.0 0 0 0 0 0 0
0.41200000000000031 0 1 0.0 0.0 0 0 0 0 0 0
0.41300000000000031 0 1 0.0 0.0 0 0 0 0 0 0
0.41400000000000031 0 1 0.0 0.0 0 0 0 0 0 0
0.41500000000000031 0 1 0.0 0.0 0 0 0 0 0 0
0.41600000000000031 0 1 0.0 0.0 0 0 0 0 0 0
0.41700000000000031 0 1 0.0 0.0 0 0 0 0 0 0
0.41800000000000032 0 1 0.0 0.0 0 0 0 0 0 0
0.41900000000000032 0 1 0.0 0.0 0 0 0 0 0 0
0.42000000000000032 0 1 0.0 0.0 0 0 0 0 0 0
0.42100000000000032 0 1 0.0 0.0 0 0 0 0 0 0
0.42200000000000032 0 1 0.0 0.0 0 0 0 0 0 0
0.42300000000000032 0 1 0.0 0.0 0 0 0 0 0 0
0.42400000000000032 0 1 0.0 0.0 0 0 0 0 0 0
0.42500000000000032 0 1 0.0 0.0 0 0 0 0 0 0
0.42600000000000032 0 1 0.0 0.0 0 0 0 0 0 0
0.42700000000000032 0 1 0.0 0.0 0 0 0 0 0 0
0.42800000000000032 0 1 0.0 0.0 0 0 0 0 0 0
0.42900000000000033 0 1 0.0 0.0 0 0 0 0 0 0
0.43000000000000033 0 1 0.0 0.0 0 0 0 0 0 0
0.43100000000000033 0 1 0.0 0.0 0 0 0 0 0 0
0.43200000000000033 0 1 0.0 0.0 0 0 0 0 0 0
0.43300000000000033 0 1 0.0 0.0 0 0 0 0 0 0
0.43400000000000033 0 1 0.0 0.0 0 0 0 0 0 0
0.43500000000000033 0 1 0.0 0.0 0 0 0 0 0 0
0.43600000000000033 0 1 0.0 0.0 0 0 0 0 0 0
0.43700000000000033 0 1 0.0 0.0 0 0 0 0 0 0
0.43800000000000033 0 1 0.0 0.0 0 0 0 0 0 0
0.43900000000000033 0 1 0.0 0.0 0 0 0 0 0 0
0.44000000000000034 0 1 0.0 0.0 0 0 0 0 0 0
0.44100000000000034 0 1 0.0 0.0 0 0 0 0 0 0
0.44200000000000034 0 1 0.0 0.0 0 0 0 0 0 0
0.44300000000000034 0 1 0.0 0.0 0 0 0 0 0 0
0.44400000000000034 0 1 0.0 0.0 0 0 0 0 0 0
0.44500000000000034 0 1 0.0 0.0 0 0 0 0 0 0
0.44600000000000034 0 1 0.0 0.0 0 0 0 0 0 0
0.44700000000000034 0 1 0.0 0.0 0 0 0 0 0 0
0.44800000000000034 0 1 0.0 0.0 0 0 0 0 0 0
0.44900000000000034 0 1 0.0 0.0 0 0 0 0 0 0
0.45000000000000034 0 1 0.0 0.0 0 0 0 0 0 0
0.45100000000000035 0 1 0.0 0.0 0 0 0 0 0 0
0.45200000000000035 0 1 0.0 0.0 0 0 0 0 0 0
0.45300000000000035 0 1 0.0 0.0 0 0 0 0 0 0
0.45400000000000035 0 1 0.0 0.0 0 0 0 0 0 0
0.45500000000000035 0 1 0.0 0.0 0 0 0 0 0 0
0.45600000000000035 0 1 0.0 0.0 0 0 0 0 0 0
0.45700000000000035 0 1 0.0 0.0 0 0 0 0 0 0
0.45800000000000035 0 1 0.0 0.0 0 0 0 0 0 0
0.45900000000000035 0 1 0.0 0.0 0 0 0 0 0 0
0.46000000000000035 0 1 0.0 0.0 0 0 0 0 0 0
0.46100000000000035 0 1 0.0 0.0 0 0 0 0 0 0
0.46200000000000035 0 1 0.0 0.0 0 0 0 0 0 0
0.46300000000000036 0 1 0.0 0.0 0 0 0 0 0 0
0.46400000000000036 0 1 0.0 0.0 0 0 0 0 0 0
0.46500000000000036 0 1 0.0 0.0 0 0 0 0 0 0
0.46600000000000036 0 1 0.0 0.0 0 0 0 0 0 0
0.46700000000000036 0 1 0.0 0.0 0 0 0 0 0 0
0.46800000000000036 0 1 0.0 0.0 0 0 0 0 0 0
0.46900000000000036 0 1 0.0 0.0 0 0 0 0 0 0
0.47000000000000036 0 1 0.0 0.0 0 0 0 0 0 0
0.47100000000000036 0 1 0.0 0.0 0 0 0 0 0 0
0.47200000000000036 0 1 0.0 0.0 0 0 0 0 0 0
0.47300000000000036 0 1 0.0 0.0 0 0 0 0 0 0
0.47400000000000037 0 1 0.0 0.0 0 0 0 0 0 0
0.47500000000000037 0 1 0.0 0.0 0 0 0 0 0 0
0.47600000000000037 0 1 0.0 0.0 0 0 0 0 0 0
0.47700000000000037 0 1 0.0 0.0 0 0 0 0 0 0
0.47800000000000037 0 1 0.0 0.0 0 0 0 0 0 0
0.47900000000000037 0 1 0.0 0.0 0 0 0 0 0 0
0.48000000000000037 0 1 0.0 0.0 0 0 0 0 0 0
0.48100000000000037 0 1 0.0 0.0 0 0 0 0 0 0
0.48200000000000037 0 1 0.0 0.0 0 0 0 0 0 0
0.48300000000000037 0 1 0.0 0.0 0 0 0 0 0 0
0.48400000000000037 0 1 0.0 0.0 0 0 0 0 0 0
0.48500000000000038 0 1 0.0 0.0 0 0 0 0 0 0
0.48600000000000038 0 1 0.0 0.0 0 0 0 0 0 0
0.48700000000000038 0 1 0.0 0.0 0 0 0 0 0 0
0.48800000000000038 0 1 0.0 0.0 0 0 0 0 0 0
0.48900000000000038 0 1 0.0 0.0 0 0 0 0 0 0
0.49000000000000038 0 1 0.0 0.0 0 0 0 0 0 0
0.49100000000000038 0 1 0.0 0.0 0 0 0 0 0 0
0.49200000000000038 0 1 0.0 0.0 0 0 0 0 0 0
0.49300000000000038 0 1 0.0 0.0 0 0 0 0 0 0
0.49400000000000038 0 1 0.0 0.0 0 0 0 0 0 0
0.49500000000000038 0 1 0.0 0.0 0 0 0 0 0 0
0.49600000000000039 0 1 0.0 0.0 0 0 0 0 0 0
0.49700000000000039 0 1 0.0 0.0 0 0 0 0 0 0
0.49800000000000039 0 1 0.0 0.0 0 0 0 0 0 0
0.49900000000000039 0 1 0.0 0.0 0 0 0 0 0 0
0.50000000000000033 0 1 0.0 0.0 0 0 0 0 0 0
0.50100000000000033 0 1 0.0 0.0 0 0 0 0 0 0
0.50200000000000033 0 1 0.0 0.0 0 0 0 0 0 0
0.50300000000000034 0 1 0.0 0.0 0 0 0 0 0 0
0.50400000000000034 0 1 0.0 0.0 0 0 0 0 0 0
0.50500000000000034 0 1 0.0 0.0 0 0 0 0 0 0
0.50600000000000034 0 1 0.0 0.0 0 0 0 0 0 0
0.50700000000000034 0 1 0.0 0.0 0 0 0 0 0 0
0.50800000000000034 0 1 0.0 0.0 0 0 0 0 0 0
0.50900000000000034 0 1 0.0 0.0 0 0 0 0 0 0
0.51000000000000034 0 1 0.0 0.0 0 0 0 0 0 0
0.51100000000000034 0 1 0.0 0.0 0 0 0 0 0 0
0.51200000000000034 0 1 0.0 0.0 0 0 0 0 0 0
0.51300000000000034 0 1 0.0 0.0 0 0 0 0 0 0
0.51400000000000035 0 1 0.0 0.0 0 0 0 0 0 0
0.51500000000000035 0 1 0.0 0.0 0 0 0 0 0 0
0.51600000000000035 0 1 0.0 0.0 0 0 0 0 0 0
0.51700000000000035 0 1 0.0 0.0 0 0 0 0 0 0
0.51800000000000035 0 1 0.0 0.0 0 0 0 0 0 0
0.51900000000000035 0 1 0.0 0.0 0 0 0 0 0 0
0.52000000000000035 0 1 0.0 0.0 0 0 0 0 0 0
0.52100000000000035 0 1 0.0 0.0 0 0 0 0 0 0
0.52200000000000035 0 1 0.0 0.0 0 0 0 0 0 0
0.52300000000000035 0 1 0.0 0.0 0 0 0 0 0 0
0.52400000000000035 0 1 0.0 0.0 0 0 0 0 0 0
0.52500000000000036 0 1 0.0 0.0 0 0 0 0 0 0
0.52600000000000036 0 1 0.0 0.0 0 0 0 0 0 0
0.52700000000000036 0 1 0.0 0.0 0 0 0 0 0 0
0.52800000000000036 0 1 0.0 0.0 0 0 0 0 0 0
0.52900000000000036 0 1 0.0 0.0 0 0 0 0 0 0
0.53000000000000036 0 1 0.0 0.0 0 0 0 0 0 0
0.53100000000000036 0 1 0.0 0.0 0 0 0 0 0 0
0.53200000000000036 0 1 0.0 0.0 0 0 0 0 0 0
0.53300000000000036 0 1 0.0 0.0 0 0 0 0 0 0
0.53400000000000036 0 1 0.0 0.0 0 0 0 0 0 0
0.53500000000000036 0 1 0.0 0.0 0 0 0 0 0 0
0.53600000000000037 0 1 0.0 0.0 0 0 0 0 0 0
0.53700000000000037 0 1 0.0 0.0 0 0 0 0 0 0
0.53800000000000037 0 1 0.0 0.0 0 0 0 0 0 0
0.53900000000000037 0 1 0.0 0.0 0 0 0 0 0 0
0.54000000000000037 0 1 0.0 0.0 0 0 0 0 0 0
0.54100000000000037 0 1 0.0 0.0 0 0 0 0 0 0
0.54200000000000037 0 1 0.0 0.0 0 0 0 0 0 0
0.54300000000000037 0 1 0.0 0.0 0 0 0 0 0 0
0.54400000000000037 0 1 0.0 0.0 0 0 0 0 0 0
0.54500000000000037 0 1 0.0 0.0 0 0 0 0 0 0
0.54600000000000037 0 1 0.0 0.0 0 0 0 0 0 0
0.54700000000000037 0 1 0.0 0.0 0 0 0 0 0 0
0.54800000000000038 0 1 0.0 0.0 0 0 0 0 0 0
0.54900000000000038 0 1 0.0 0.0 0 0 0 0 0 0
0.55000000000000038 0 1 0.0 0.0 0 0 0 0 0 0
0.55100000000000038 0 1 0.0 0.0 0 0 0 0 0 0
0.55200000000000038 0 1 0.0 0.0 0 0 0 0 0 0
0.55300000000000038 0 1 0.0 0.0 0 0 0 0 0 0
0.55400000000000038 0 1 0.0 0.0 0 0 0 0 0 0
0.55500000000000038 0 1 0.0 0.0 0 0 0 0 0 0
0.55600000000000038 0 1 0.0 0.0 0 0 0 0 0 0
0.55700000000000038 0 1 0.0 0.0 0 0 0 0 0 0
0.55800000000000038 0 1 0.0 0.0 0 0 0 0 0 0
0.55900000000000039 0 1 0.0 0.0 0 0 0 0 0 0
0.56000000000000039 0 1 0.0 0.0 0 0 0 0 0 0
0.56100000000000039 0 1 0.0 0.0 0 0 0 0 0 0
0.56200000000000039 0 1 0.0 0.0 0 0 0 0 0 0
0.56300000000000039 0 1 0.0 0.0 0 0 0 0 0 0
0.56400000000000039 0 1 0.0 0.0 0 0 0 0 0 0
0.56500000000000039 0 1 0.0 0.0 0 0 0 0 0 0
0.56600000000000039 0 1 0.0 0.0 0 0 0 0 0 0
0.56700000000000039 0 1 0.0 0.0 0 0 0 0 0 0
0.56800000000000039 0 1 0.0 0.0 0 0 0 0 0 0
0.56900000000000039 0 1 0.0 0.0 0 0 0 0 0 0
0.5700000000000004 0 1 0.0 0.0 0 0 0 0 0 0
0.5710000000000004 0 1 0.0 0.0 0 0 0 0 0 0
0.5720000000000004 0 1 0.0 0.0 0 0 0 0 0 0
0.5730000000000004 0 1 0.0 0.0 0 0 0 0 0 0
0.5740000000000004 0 1 0.0 0.0 0 0 0 0 0 0
0.5750000000000004 0 1 0.0 0.0 0 0 0 0 0 0
0.5760000000000004 0 1 0.0 0.0 0 0 0 0 0 0
0.5770000000000004 0 1 0.0 0.0 0 0 0 0 0 0
0.5780000000000004 0 1 0.0 0.0 0 0 0 0 0 0
0.5790000000000004 0 1 0.0 0.0 0 0 0 0 0 0
0.5800000000000004 0 1 0.0 0.0 0 0 0 0 0 0
0.58100000000000041 0 1 0.0 0.0 0 0 0 0 0 0
0.58200000000000041 0 1 0.0 0.0 0 0 0 0 0 0
0.58300000000000041 0 1 0.0 0.0 0 0 0 0 0 0
0.58400000000000041 0 1 0.0 0.0 0 0 0 0 0 0
0.58500000000000041 0 1 0.0 0.0 0 0 0 0 0 0
0.58600000000000041 0 1 0.0 0.0 0 0 0 0 0 0
0.58700000000000041 0 1 0.0 0.0 0 0 0 0 0 0
0.58800000000000041 0 1 0.0 0.0 0 0 0 0 0 0
0.58900000000000041 0 1 0.0 0.0 0 0 0 0 0 0
0.59000000000000041 0 1 0.0 0.0 0 0 0 0 0 0
0.59100000000000041 0 1 0.0 0.0 0 0 0 0 0 0
0.59200000000000041 0 1 0.0 0.0 0 0 0 0 0 0
0.59300000000000042 0 1 0.0 0.0 0 0 0 0 0 0
0.59400000000000042 0 1 0.0 0.0 0 0 0 0 0 0
0.59500000000000042 0 1 0.0 0.0 0 0 0 0 0 0
0.59600000000000042 0 1 0.0 0.0 0 0 0 0 0 0
0.59700000000000042 0 1 0.0 0.0 0 0 0 0 0 0
0.59800000000000042 0 1 0.0 0.0 0 0 0 0 0 0
0.59900000000000042 0 1 0.0 0.0 0 0 0 0 0 0
0.60000000000000042 0 1 0.0 0.0 0 0 0 0 0 0
0.60100000000000042 0 1 0.0 0.0 0 0 0 0 0 0
0.60200000000000042 0 1 0.0 0.0 0 0 0 0 0 0
0.60300000000000042 0 1 0.0 0.0 0 0 0 0 0 0
0.60400000000000043 0 1 0.0 0.0 0 0 0 0 0 0
0.60500000000000043 0 1 0.0 0.0 0 0 0 0 0 0
0.60600000000000043 0 1 0.0 0.0 0 0 0 0 0 0
0.60700000000000043 0 1 0.0 0.0 0 0 0 0 0 0
0.60800000000000043 0 1 0.0 0.0 0 0 0 0 0 0
0.60900000000000043 0 1 0.0 0.0 0 0 0 0 0 0
0.61000000000000043 0 1 0.0 0.0 0 0 0 0 0 0
0.61100000000000043 0 1 0.0 0.0 0 0 0 0 0 0
0.61200000000000043 0 1 0.0 0.0 0 0 0 0 0 0
0.61300000000000043 0 1 0.0 0.0 0 0 0 0 0 0
0.61400000000000043 0 1 0.0 0.0 0 0 0 0 0 0
0.61500000000000044 0 1 0.0 0.0 0 0 0 0 0 0
0.61600000000000044 0 1 0.0 0.0 0 0 0 0 0 0
0.61700000000000044 0 1 0.0 0.0 0 0 0 0 0 0
0.61800000000000044 0 1 0.0 0.0 0 0 0 0 0 0
0.61900000000000044 0 1 0.0 0.0 0 0 0 0 0 0
0.62000000000000044 0 1 0.0 0.0 0 0 0 0 0 0
0.62100000000000044 0 1 0.0 0.0 0 0 0 0 0 0
0.62200000000000044 0 1 0.0 0.0 0 0 0 0 0 0
0.62300000000000044 0 1 0.0 0.0 0 0 0 0 0 0
0.62400000000000044 0 1 0.0 0.0 0 0 0 0 0 0
0.62500000000000044 0 1 0.0 0.0 0 0 0 0 0 0
0.62600000000000044 0 1 0.0 0.0 0 0 0 0 0 0
0.62700000000000045 0 1 0.0 0.0 0 0 0 0 0 0
0.62800000000000045 0 1 0.0 0.0 0 0 0 0 0 0
0.62900000000000045 0 1 0.0 0.0 0 0 0 0 0 0
0.63000000000000045 0 1 0.0 0.0 0 0 0 0 0 0
0.63100000000000045 0 1 0.0 0.0 0 0 0 0 0 0
0.63200000000000045 0 1 0.0 0.0 0 0 0 0 0 0
0.63300000000000045 0 1 0.0 0.0 0 0 0 0 0 0
0.63400000000000045 0 1 0.0 0.0 0 0 0 0 0 0
0.63500000000000045 0 1 0.0 0.0 0 0 0 0 0 0
0.63600000000000045 0 1 0.0 0.0 0 0 0 0 0 0
0.63700000000000045 0 1 0.0 0.0 0 0 0 0 0 0
0.63800000000000046 0 1 0.0 0.0 0 0 0 0 0 0
0.63900000000000046 0 1 0.0 0.0 0 0 0 0 0 0
0.64000000000000046 0 1 0.0 0.0 0 0 0 0 0 0
0.64100000000000046 0 1 0.0 0.0 0 0 0 0 0 0
0.64200000000000046 0 1 0.0 0.0 0 0 0 0 0 0
0.64300000000000046 0 1 0.0 0.0 0 0 0 0 0 0
0.64400000000000046 0 1 0.0 0.0 0 0 0 0 0 0
0.64500000000000046 0 1 0.0 0.0 0 0 0 0 0 0
0.64600000000000046 0 1 0.0 0.0 0 0 0 0 0 0
0.64700000000000046 0 1 0.0 0.0 0 0 0 0 0 0
0.64800000000000046 0 1 0.0 0.0 0 0 0 0 0 0
0.64900000000000047 0 1 0.0 0.0 0 0 0 0 0 0
0.65000000000000047 0 1 0.0 0.0 0 0 0 0 0 0
0.65100000000000047 0 1 0.0 0.0 0 0 0 0 0 0
0.65200000000000047 0 1 0.0 0.0 0 0 0 0 0 0
0.65300000000000047 0 1 0.0 0.0 0 0 0 0 0 0
0.65400000000000047 0 1 0.0 0.0 0 0 0 0 0 0
0.65500000000000047 0 1 0.0 0.0 0 0 0 0 0 0
0.65600000000000047 0 1 0.0 0.0 0 0 0 0 0 0
0.65700000000000047 0 1 0.0 0.0 0 0 0 0 0 0
0.65800000000000047 0 1 0.0 0.0 0 0 0 0 0 0
0.65900000000000047 0 1 0.0 0.0 0 0 0 0 0 0
0.66000000000000048 0 1 0.0 0.0 0 0 0 0 0 0
0.66100000000000048 0 1 0.0 0.0 0 0 0 0 0 0
0.66200000000000048 0 1 0.0 0.0 0 0 0 0 0 0
0.66300000000000048 0 1 0.0 0.0 0 0 0 0 0 0
0.66400000000000048 0 1 0.0 0.0 0 0 0 0 0 0
0.66500000000000048 0 1 0.0 0.0 0 0 0 0 0 0
0.66600000000000048 0 1 0.0 0.0 0 0 0 0 0 0
0.66700000000000048 0 1 0.0 0.0 0 0 0 0 0 0
0.66800000000000048 0 1 0.0 0.0 0 0 0 0 0 0
0.66900000000000048 0 1 0.0 0.0 0 0 0 0 0 0
0.67000000000000048 0 1 0.0 0.0 0 0 0 0 0 0
0.67100000000000048 0 1 0.0 0.0 0 0 0 0 0 0
0.67200000000000049 0 1 0.0 0.0 0 0 0 0 0 0
0.67300000000000049 0 1 0.0 0.0 0 0 0 0 0 0
0.67400000000000049 0 1 0.0 0.0 0 0 0 0 0 0
0.67500000000000049 0 1 0.0 0.0 0 0 0 0 0 0
0.67600000000000049 0 1 0.0 0.0 0 0 0 0 0 0
0.67700000000000049 0 1 0.0 0.0 0 0 0 0 0 0
0.67800000000000049 0 1 0.0 0.0 0 0 0 0 0 0
0.67900000000000049 0 1 0.0 0.0 0 0 0 0 0 0
0.68000000000000049 0 1 0.0 0.0 0 0 0 0 0 0
0.68100000000000049 0 1 0.0 0.0 0 0 0 0 0 0
0.68200000000000049 0 1 0.0 0.0 0 0 0 0 0 0
0.6830000000000005 0 1 0.0 0.0 0 0 0 0 0 0
0.6840000000000005 0 1 0.0 0.0 0 0 0 0 0 0
0.6850000000000005 0 1 0.0 0.0 0 0 0 0 0 0
0.6860000000000005 0 1 0.0 0.0 0 0 0 0 0 0
0.6870000000000005 0 1 0.0 0.0 0 0 0 0 0 0
0.6880000000000005 0 1 0.0 0.0 0 0 0 0 0 0
0.6890000000000005 0 1 0.0 0.0 0 0 0 0 0 0
0.6900000000000005 0 1 0.0 0.0 0 0 0 0 0 0
0.6910000000000005 0 1 0.0 0.0 0 0 0 0 0 0
0.6920000000000005 0 1 0.0 0.0 0 0 0 0 0 0
0.6930000000000005 0 1 0.0 0.0 0 0 0 0 0 0
0.69400000000000051 0 1 0.0 0.0 0 0 0 0 0 0
0.69500000000000051 0 1 0.0 0.0 0 0 0 0 0 0
0.69600000000000051 0 1 0.0 0.0 0 0 0 0 0 0
0.69700000000000051 0 1 0.0 0.0 0 0 0 0 0 0
0.69800000000000051 0 1 0.0 0.0 0 0 0 0 0 0
0.69900000000000051 0 1 0.0 0.0 0 0 0 0 0 0
0.70000000000000051 0 1 0.0 0.0 0 0 0 0 0 0
0.70100000000000051 0 1 0.0 0.0 0 0 0 0 0 0
0.70200000000000051 0 1 0.0 0.0 0 0 0 0 0 0
0.70300000000000051 0 1 0.0 0.0 0 0 0 0 0 0
0.70400000000000051 0 1 0.0 0.0 0 0 0 0 0 0
0.70500000000000052 0 1 0.0 0.0 0 0 0 0 0 0
0.70600000000000052 0 1 0.0 0.0 0 0 0 0 0 0
0.70700000000000052 0 1 0.0 0.0 0 0 0 0 0 0
0.70800000000000052 0 1 0.0 0.0 0 0 0 0 0 0
0.70900000000000052 0 1 0.0 0.0 0 0 0 0 0 0
0.71000000000000052 0 1 0.0 0.0 0 0 0 0 0 0
0.71100000000000052 0 1 0.0 0.0 0 0 0 0 0 0
0.71200000000000052 0 1 0.0 0.0 0 0 0 0 0 0
0.71300000000000052 0 1 0.0 0.0 0 0 0 0 0 0
0.71400000000000052 0 1 0.0 0.0 0 0 0 0 0 0
0.71500000000000052 0 1 0.0 0.0 0 0 0 0 0 0
0.71600000000000052 0 1 0.0 0.0 0 0 0 0 0 0
0.71700000000000053 0 1 0.0 0.0 0 0 0 0 0 0
0.71800000000000053 0 1 0.0 0.0 0 0 0 0 0 0
0.71900000000000053 0 1 0.0 0.0 0 0 0 0 0 0
0.72000000000000053 0 1 0.0 0.0 0 0 0 0 0 0
0.72100000000000053 0 1 0.0 0.0 0 0 0 0 0 0
0.72200000000000053 0 1 0.0 0.0 0 0 0 0 0 0
0.72300000000000053 0 1 0.0 0.0 0 0 0 0 0 0
0.72400000000000053 0 1 0.0 0.0 0 0 0 0 0 0
0.72500000000000053 0 1 0.0 0.0 0 0 0 0 0 0
0.72600000000000053 0 1 0.0 0.0 0 0 0 0 0 0
0.72700000000000053 0 1 0.0 0.0 0 0 0 0 0 0
0.72800000000000054 0 1 0.0 0.0 0 0 0 0 0 0
0.72900000000000054 0 1 0.0 0.0 0 0 0 0 0 0
0.73000000000000054 0 1 0.0 0.0 0 0 0 0 0 0
0.73100000000000054 0 1 0.0 0.0 0 0 0 0 0 0
0.73200000000000054 0 1 0.0 0.0 0 0 0 0 0 0
0.73300000000000054 0 1 0.0 0.0 0 0 0 0 0 0
0.73400000000000054 0 1 0.0 0.0 0 0 0 0 0 0
0.73500000000000054 0 1 0.0 0.0 0 0 0 0 0 0
0.73600000000000054 0 1 0.0 0.0 0 0 0 0 0 0
0.73700000000000054 0 1 0.0 0.0 0 0 0 0 0 0
0.73800000000000054 0 1 0.0 0.0 0 0 0 0 0 0
0.73900000000000055 0 1 0.0 0.0 0 0 0 0 0 0
0.74000000000000055 0 1 0.0 0.0 0 0 0 0 0 0
0.74100000000000055 0 1 0.0 0.0 0 0 0 0 0 0
0.74200000000000055 0 1 0.0 0.0 0 0 0 0 0 0
0.74300000000000055 0 1 0.0 0.0 0 0 0 0 0 0
0.74400000000000055 0 1 0.0 0.0 0 0 0 0 0 0
0.74500000000000055 0 1 0.0 0.0 0 0 0 0 0 0
0.74600000000000055 0 1 0.0 0.0 0 0 0 0 0 0
0.74700000000000055 0 1 0.0 0.0 0 0 0 0 0 0
0.74800000000000055 0 1 0.0 0.0 0 0 0 0 0 0
0.74900000000000055 0 1 0.0 0.0 0 0 0 0 0 0
0.75000000000000056 0 1 0.0 0.0 0 0 0 0 0 0
0.75100000000000056 0 1 0.0 0.0 0 0 0 0 0 0
0.75200000000000056 0 1 0.0 0.0 0 0 0 0 0 0
0.75300000000000056 0 1 0.0 0.0 0 0 0 0 0 0
0.75400000000000056 0 1 0.0 0.0 0 0 0 0 0 0
0.75500000000000056 0 1 0.0 0.0 0 0 0 0 0 0
0.75600000000000056 0 1 0.0 0.0 0 0 0 0 0 0
0.75700000000000056 0 1 0.0 0.0 0 0 0 0 0 0
0.75800000000000056 0 1 0.0 0.0 0 0 0 0 0 0
0.75900000000000056 0 1 0.0 0.0 0 0 0 0 0 0
0.76000000000000056 0 1 0.0 0.0 0 0 0 0 0 0
0.76100000000000056 0 1 0.0 0.0 0 0 0 0 0 0
0.76200000000000057 0 1 0.0 0.0 0 0 0 0 0 0
0.76300000000000057 0 1 0.0 0.0 0 0 0 0 0 0
0.76400000000000057 0 1 0.0 0.0 0 0 0 0 0 0
0.76500000000000057 0 1 0.0 0.0 0 0 0 0 0 0
0.76600000000000057 0 1 0.0 0.0 0 0 0 0 0 0
0.76700000000000057 0 1 0.0 0.0 0 0 0 0 0 0
0.76800000000000057 0 1 0.0 0.0 0 0 0 0 0 0
0.76900000000000057 0 1 0.0 0.0 0 0 0 0 0 0
0.77000000000000057 0 1 0.0 0.0 0 0 0 0 0 0
0.77100000000000057 0 1 0.0 0.0 0 0 0 0 0 0
0.77200000000000057 0 1 0.0 0.0 0 0 0 0 0 0
0.77300000000000058 0 1 0.0 0.0 0 0 0 0 0 0
0.77400000000000058 0 1 0.0 0.0 0 0 0 0 0 0
0.77500000000000058 0 1 0.0 0.0 0 0 0 0 0 0
0.77600000000000058 0 1 0.0 0.0 0 0 0 0 0 0
0.77700000000000058 0 1 0.0 0.0 0 0 0 0 0 0
0.77800000000000058 0 1 0.0 0.0 0 0 0 0 0 0
0.77900000000000058 0 1 0.0 0.0 0 0 0 0 0 0
0.78000000000000058 0 1 0.0 0.0 0 0 0 0 0 0
0.78100000000000058 0 1 0.0 0.0 0 0 0 0 0 0
0.78200000000000058 0 1 0.0 0.0 0 0 0 0 0 0
0.78300000000000058 0 1 0.0 0.0 0 0 0 0 0 0
0.78400000000000059 0 1 0.0 0.0 0 0 0 0 0 0
0.78500000000000059 0 1 0.0 0.0 0 0 0 0 0 0
0.78600000000000059 0 1 0.0 0.0 0 0 0 0 0 0
0.78700000000000059 0 1 0.0 0.0 0 0 0 0 0 0
0.78800000000000059 0 1 0.0 0.0 0 0 0 0 0 0
0.78900000000000059 0 1 0.0 0.0 0 0 0 0 0 0
0.79000000000000059 0 1 0.0 0.0 0 0 0 0 0 0
0.79100000000000059 0 1 0.0 0.0 0 0 0 0 0 0
0.79200000000000059 0 1 0.0 0.0 0 0 0 0 0 0
0.79300000000000059 0 1 0.0 0.0 0 0 0 0 0 0
0.79400000000000059 0 1 0.0 0.0 0 0 0 0 0 0
0.7950000000000006 0 1 0.0 0.0 0 0 0 0 0 0
0.7960000000000006 0 1 0.0 0.0 0 0 0 0 0 0
0.7970000000000006 0 1 0.0 0.0 0 0 0 0 0 0
0.7980000000000006 0 1 0.0 0.0 0 0 0 0 0 0
0.7990000000000006 0 1 0.0 0.0 0 0 0 0 0 0
0.8000000000000006 0 1 0.0 0.0 0 0 0 0 0 0
0.8010000000000006 0 1 0.0 0.0 0 0 0 0 0 0
0.8020000000000006 0 1 0.0 0.0 0 0 0 0 0 0
0.8030000000000006 0 1 0.0 0.0 0 0 0 0 0 0
0.8040000000000006 0 1 0.0 0.0 0 0 0 0 0 0
0.8050000000000006 0 1 0.0 0.0 0 0 0 0 0 0
0.8060000000000006 0 1 0.0 0.0 0 0 0 0 0 0
0.80700000000000061 0 1 0.0 0.0 0 0 0 0 0 0
0.80800000000000061 0 1 0.0 0.0 0 0 0 0 0 0
0.80900000000000061 0 1 0.0 0.0 0 0 0 0 0 0
0.81000000000000061 0 1 0.0 0.0 0 0 0 0 0 0
0.81100000000000061 0 1 0.0 0.0 0 0 0 0 0 0
0.81200000000000061 0 1 0.0 0.0 0 0 0 0 0 0
0.81300000000000061 0 1 0.0 0.0 0 0 0 0 0 0
0.81400000000000061 0 1 0.0 0.0 0 0 0 0 0 0
0.81500000000000061 0 1 0.0 0.0 0 0 0 0 0 0
0.81600000000000061 0 1 0.0 0.0 0 0 0 0 0 0
0.81700000000000061 0 1 0.0 0.0 0 0 0 0 0 0
0.81800000000000062 0 1 0.0 0.0 0 0 0 0 0 0
0.81900000000000062 0 1 0.0 0.0 0 0 0 0 0 0
0.82000000000000062 0 1 0.0 0.0 0 0 0 0 0 0
0.82100000000000062 0 1 0.0 0.0 0 0 0 0 0 0
0.82200000000000062 0 1 0.0 0.0 0 0 0 0 0 0
0.82300000000000062 0 1 0.0 0.0 0 0 0 0 0 0
0.82400000000000062 0 1 0.0 0.0 0 0 0 0 0 0
0.82500000000000062 0 1 0.0 0.0 0 0 0 0 0 0
0.82600000000000062 0 1 0.0 0.0 0 0 0 0 0 0
0.82700000000000062 0 1 0.0 0.0 0 0 0 0 0 0
0.82800000000000062 0 1 0.0 0.0 0 0 0 0 0 0
0.82900000000000063 0 1 0.0 0.0 0 0 0 0 0 0
0.83000000000000063 0 1 0.0 0.0 0 0 0 0 0 0
0.83100000000000063 0 1 0.0 0.0 0 0 0 0 0 0
0.83200000000000063 0 1 0.0 0.0 0 0 0 0 0 0
0.83300000000000063 0 1 0.0 0.0 0 0 0 0 0 0
0.83400000000000063 0 1 0.0 0.0 0 0 0 0 0 0
0.83500000000000063 0 1 0.0 0.0 0 0 0 0 0 0
0.83600000000000063 0 1 0.0 0.0 0 0 0 0 0 0
0.83700000000000063 0 1 0.0 0.0 0 0 0 0 0 0
0.83800000000000063 0 1 0.0 0.0 0 0 0 0 0 0
0.83900000000000063 0 1 0.0 0.0 0 0 0 0 0 0
0.84000000000000064 0 1 0.0 0.0 0 0 0 0 0 0
0.84100000000000064 0 1 0.0 0.0 0 0 0 0 0 0
0.84200000000000064 0 1 0.0 0.0 0 0 0 0 0 0
0.84300000000000064 0 1 0.0 0.0 0 0 0 0 0 0
0.84400000000000064 0 1 0.0 0.0 0 0 0 0 0 0
0.84500000000000064 0 1 0.0 0.0 0 0 0 0 0 0
0.84600000000000064 0 1 0.0 0.0 0 0 0 0 0 0
0.84700000000000064 0 1 0.0 0.0 0 0 0 0 0 0
0.84800000000000064 0 1 0.0 0.0 0 0 0 0 0 0
0.84900000000000064 0 1 0.0 0.0 0 0 0 0 0 0
0.85000000000000064 0 1 0.0 0.0 0 0 0 0 0 0
0.85100000000000064 0 1 0.0 0.0 0 0 0 0 0 0
0.85200000000000065 0 1 0.0 0.0 0 0 0 0 0 0
0.85300000000000065 0 1 0.0 0.0 0 0 0 0 0 0
0.85400000000000065 0 1 0.0 0.0 0 0 0 0 0 0
0.85500000000000065 0 1 0.0 0.0 0 0 0 0 0 0
0.85600000000000065 0 1 0.0 0.0 0 0 0 0 0 0
0.85700000000000065 0 1 0.0 0.0 0 0 0 0 0 0
0.85800000000000065 0 1 0.0 0.0 0 0 0 0 0 0
0.85900000000000065 0 1 0.0 0.0 0 0 0 0 0 0
0.86000000000000065 0 1 0.0 0.0 0 0 0 0 0 0
0.86100000000000065 0 1 0.0 0.0 0 0 0 0 0 0
0.86200000000000065 0 1 0.0 0.0 0 0 0 0 0 0
0.86300000000000066 0 1 0.0 0.0 0 0 0 0 0 0
0.86400000000000066 0 1 0.0 0.0 0 0 0 0 0 0
0.86500000000000066 0 1 0.0 0.0 0 0 0 0 0 0
0.86600000000000066 0 1 0.0 0.0 0 0 0 0 0 0
0.86700000000000066 0 1 0.0 0.0 0 0 0 0 0 0
0.86800000000000066 0 1 0.0 0.0 0 0 0 0 0 0
0.86900000000000066 0 1 0.0 0.0 0 0 0 0 0 0
0.87000000000000066 0 1 0.0 0.0 0 0 0 0 0 0
0.87100000000000066 0 1 0.0 0.0 0 0 0 0 0 0
0.87200000000000066 0 1 0.0 0.0 0 0 0 0 0 0
0.87300000000000066 0 1 0.0 0.0 0 0 0 0 0 0
0.87400000000000067 0 1 0.0 0.0 0 0 0 0 0 0
0.87500000000000067 0 1 0.0 0.0 0 0 0 0 0 0
0.87600000000000067 0 1 0.0 0.0 0 0 0 0 0 0
0.87700000000000067 0 1 0.0 0.0 0 0 0 0 0 0
0.87800000000000067 0 1 0.0 0.0 0 0 0 0 0 0
0.87900000000000067 0 1 0.0 0.0 0 0 0 0 0 0
0.88000000000000067 0 1 0.0 0.0 0 0 0 0 0 0
0.88100000000000067 0 1 0.0 0.0 0 0 0 0 0 0
0.88200000000000067 0 1 0.0 0.0 0 0 0 0 0 0
0.88300000000000067 0 1 0.0 0.0 0 0 0 0 0 0
0.88400000000000067 0 1 0.0 0.0 0 0 0 0 0 0
0.88500000000000068 0 1 0.0 0.0 0 0 0 0 0 0
0.88600000000000068 0 1 0.0 0.0 0 0 0 0 0 0
0.88700000000000068 0 1 0.0 0.0 0 0 0 0 0 0
0.88800000000000068 0 1 0.0 0.0 0 0 0 0 0 0
0.88900000000000068 0 1 0.0 0.0 0 0 0 0 0 0
0.89000000000000068 0 1 0.0 0.0 0 0 0 0 0 0
0.89100000000000068 0 1 0.0 0.0 0 0 0 0 0 0
0.89200000000000068 0 1 0.0 0.0 0 0 0 0 0 0
0.89300000000000068 0 1 0.0 0.0 0 0 0 0 0 0
0.89400000000000068 0 1 0.0 0.0 0 0 0 0 0 0
0.89500000000000068 0 1 0.0 0.0 0 0 0 0 0 0
0.89600000000000068 0 1 0.0 0.0 0 0 0 0 0 0
0.89700000000000069 0 1 0.0 0.0 0 0 0 0 0 0
0.89800000000000069 0 1 0.0 0.0 0 0 0 0 0 0
0.89900000000000069 0 1 0.0 0.0 0 0 0 0 0 0
0.90000000000000069 0 1 0.0 0.0 0 0 0 0 0 0
0.90100000000000069 0 1 0.0 0.0 0 0 0 0 0 0
0.90200000000000069 0 1 0.0 0.0 0 0 0 0 0 0
0.90300000000000069 0 1 0.0 0.0 0 0 0 0 0 0
0.90400000000000069 0 1 0.0 0.0 0 0 0 0 0 0
0.90500000000000069 0 1 0.0 0.0 0 0 0 0 0 0
0.90600000000000069 0 1 0.0 0.0 0 0 0 0 0 0
0.90700000000000069 0 1 0.0 0.0 0 0 0 0 0 0
0.9080000000000007 0 1 0.0 0.0 0 0 0 0 0 0
0.9090000000000007 0 1 0.0 0.0 0 0 0 0 0 0
0.9100000000000007 0 1 0.0 0.0 0 0 0 0 0 0
0.9110000000000007 0 1 0.0 0.0 0 0 0 0 0 0
0.9120000000000007 0 1 0.0 0.0 0 0 0 0 0 0
0.9130000000000007 0 1 0.0 0.0 0 0 0 0 0 0
0.9140000000000007 0 1 0.0 0.0 0 0 0 0 0 0
0.9150000000000007 0 1 0.0 0.0 0 0 0 0 0 0
0.9160000000000007 0 1 0.0 0.0 0 0 0 0 0 0
0.9170000000000007 0 1 0.0 0.0 0 0 0 0 0 0
0.9180000000000007 0 1 0.0 0.0 0 0 0 0 0 0
0.91900000000000071 0 1 0.0 0.0 0 0 0 0 0 0
0.92000000000000071 0 1 0.0 0.0 0 0 0 0 0 0
0.92100000000000071 0 1 0.0 0.0 0 0 0 0 0 0
0.92200000000000071 0 1 0.0 0.0 0 0 0 0 0 0
0.92300000000000071 0 1 0.0 0.0 0 0 0 0 0 0
0.92400000000000071 0 1 0.0 0.0 0 0 0 0 0 0
0.92500000000000071 0 1 0.0 0.0 0 0 0 0 0 0
0.92600000000000071 0 1 0.0 0.0 0 0 0 0 0 0
0.92700000000000071 0 1 0.0 0.0 0 0 0 0 0 0
0.92800000000000071 0 1 0.0 0.0 0 0 0 0 0 0
0.92900000000000071 0 1 0.0 0.0 0 0 0 0 0 0
0.93000000000000071 0 1 0.0 0.0 0 0 0 0 0 0
0.93100000000000072 0 1 0.0 0.0 0 0 0 0 0 0
0.93200000000000072 0 1 0.0 0.0 0 0 0 0 0 0
0.93300000000000072 0 1 0.0 0.0 0 0 0 0 0 0
0.93400000000000072 0 1 0.0 0.0 0 0 0 0 0 0
0.93500000000000072 0 1 0.0 0.0 0 0 0 0 0 0
0.93600000000000072 0 1 0.0 0.0 0 0 0 0 0 0
0.93700000000000072 0 1 0.0 0.0 0 0 0 0 0 0
0.93800000000000072 0 1 0.0 0.0 0 0 0 0 0 0
0.93900000000000072 0 1 0.0 0.0 0 0 0 0 0 0
0.94000000000000072 0 1 0.0 0.0 0 0 0 0 0 0
0.94100000000000072 0 1 0.0 0.0 0 0 0 0 0 0
0.94200000000000073 0 1 0.0 0.0 0 0 0 0 0 0
0.94300000000000073 0 1 0.0 0.0 0 0 0 0 0 0
0.94400000000000073 0 1 0.0 0.0 0 0 0 0 0 0
0.94500000000000073 0 1 0.0 0.0 0 0 0 0 0 0
0.94600000000000073 0 1 0.0 0.0 0 0 0 0 0 0
0.94700000000000073 0 1 0.0 0.0 0 0 0 0 0 0
0.94800000000000073 0 1 0.0 0.0 0 0 0 0 0 0
0.94900000000000073 0 1 0.0 0.0 0 0 0 0 0 0
0.95000000000000073 0 1 0.0 0.0 0 0 0 0 0 0
0.95100000000000073 0 1 0.0 0.0 0 0 0 0 0 0
0.95200000000000073 0 1 0.0 0.0 0 0 0 0 0 0
0.95300000000000074 0 1 0.0 0.0 0 0 0 0 0 0
0.95400000000000074 0 1 0.0 0.0 0 0 0 0 0 0
0.95500000000000074 0 1 0.0 0.0 0 0 0 0 0 0
0.95600000000000074 0 1 0.0 0.0 0 0 0 0 0 0
0.95700000000000074 0 1 0.0 0.0 0 0 0 0 0 0
0.95800000000000074 0 1 0.0 0.0 0 0 0 0 0 0
0.95900000000000074 0 1 0.0 0.0 0 0 0 0 0 0
0.96000000000000074 0 1 0.0 0.0 0 0 0 0 0 0
0.96100000000000074 0 1 0.0 0.0 0 0 0 0 0 0
0.96200000000000074 0 1 0.0 0.0 0 0 0 0 0 0
0.96300000000000074 0 1 0.0 0.0 0 0 0 0 0 0
0.96400000000000075 0 1 0.0 0.0 0 0 0 0 0 0
0.96500000000000075 0 1 0.0 0.0 0 0 0 0 0 0
0.96600000000000075 0 1 0.0 0.0 0 0 0 0 0 0
0.96700000000000075 0 1 0.0 0.0 0 0 0 0 0 0
0.96800000000000075 0 1 0.0 0.0 0 0 0 0 0 0
0.96900000000000075 0 1 0.0 0.0 0 0 0 0 0 0
0.97000000000000075 0 1 0.0 0.0 0 0 0 0 0 0
0.97100000000000075 0 1 0.0 0.0 0 0 0 0 0 0
0.97200000000000075 0 1 0.0 0.0 0 0 0 0 0 0
0.97300000000000075 0 1 0.0 0.0 0 0 0 0 0 0
0.97400000000000075 0 1 0.0 0.0 0 0 0 0 0 0
0.97500000000000075 0 1 0.0 0.0 0 0 0 0 0 0
0.97600000000000076 0 1 0.0 0.0 0 0 0 0 0 0
0.97700000000000076 0 1 0.0 0.0 0 0 0 0 0 0
0.97800000000000076 0 1 0.0 0.0 0 0 0 0 0 0
0.97900000000000076 0 1 0.0 0.0 0 0 0 0 0 0
0.98000000000000076 0 1 0.0 0.0 0 0 0 0 0 0
0.98100000000000076 0 1 0.0 0.0 0 0 0 0 0 0
0.98200000000000076 0 1 0.0 0.0 0 0 0 0 0 0
0.98300000000000076 0 1 0.0 0.0 0 0 0 0 0 0
0.98400000000000076 0 1 0.0 0.0 0 0 0 0 0 0
0.98500000000000076 0 1 0.0 0.0 0 0 0 0 0 0
0.98600000000000076 0 1 0.0 0.0 0 0 0 0 0 0
0.98700000000000077 0 1 0.0 0.0 0 0 0 0 0 0
0.98800000000000077 0 1 0.0 0.0 0 0 0 0 0 0
0.98900000000000077 0 1 0.0 0.0 0 0 0 0 0 0
0.99000000000000077 0 1 0.0 0.0 0 0 0 0 0 0
0.99100000000000077 0 1 0.0 0.0 0 0 0 0 0 0
0.99200000000000077 0 1 0.0 0.0 0 0 0 0 0 0
0.99300000000000077 0 1 0.0 0.0 0 0 0 0 0 0
0.99400000000000077 0 1 0.0 0.0 0 0 0 0 0 0
0.99500000000000077 0 1 0.0 0.0 0 0 0 0 0 0
0.99600000000000077 0 1 0.0 0.0 0 0 0 0 0 0
0.99700000000000077 0 1 0.0 0.0 0 0 0 0 0 0
0.99800000000000078 0 1 0.0 0.0 0 0 0 0 0 0
0.99900000000000078 0 1 0.0 0.0 0 0 0 0 0 0
1.0000000000000007 0 1 0.0 0.0 0 0 0 0 0 0
1.0010000000000006 0 1 0.12800000000369482 0.0032000000000923707 2 2 0 80 80 0
1.0020000000000004 0 1 0.0 0.0 2 2 0 80 80 0
1.0030000000000003 0 1 102.48191999978636 0.1779199999996291 8 8 0 2464 2464 0
1.0040000000000002 0 1 0.0 0.0 8 8 0 2464 2464 0
1.0050000000000001 0 1 318.50495999967831 0.55295999999944156 16 16 0 7072 7072 0
1.006 0 1 0.0 0.0 16 16 0 7072 7072 0
1.0069999999999999 0 1 295.3728000005965 0.51280000000103565 27 22 0 13408 10528 0
1.0079999999999998 0 1 1190.9836799979023 2.0676799999963582 32 32 0 16288 16288 0
1.0089999999999997 0 1 86.538240000119103 0.15024000000020676 39 36 0 20320 18592 0
1.0099999999999996 0 1 5686.8249599986038 9.8729599999975761 64 57 0 34720 30688 0
1.0109999999999995 0 1 596.73599999484316 1.0359999999910472 65 65 0 35296 35296 0
1.0119999999999993 0 1 6510.3667200053142 11.302720000009227 109 87 0 60640 47968 0
1.0129999999999992 0 1 14953.23647999433 25.960479999990156 128 109 0 71584 60640 0
1.0139999999999991 0 1 15954.647039975096 27.699039999956764 169 131 0 95200 73312 0
1.0149