0 0 1 0 0 0 0 0 0 0 0
0.01 0 1 0.0 0.0 0 0 0 0 0 0
0.02 0 1 0.0 0.0 0 0 0 0 0 0
0.029999999999999999 0 1 0.0 0.0 0 0 0 0 0 0
0.040000000000000001 0 1 0.0 0.0 0 0 0 0 0 0
0.050000000000000003 0 1 0.0 0.0 0 0 0 0 0 0
0.060000000000000005 0 1 0.0 0.0 0 0 0 0 0 0
0.070000000000000007 0 1 0.0 0.0 0 0 0 0 0 0
0.080000000000000002 0 1 0.0 0.0 0 0 0 0 0 0
0.089999999999999997 0 1 0.0 0.0 0 0 0 0 0 0
0.099999999999999992 0 1 0.0 0.0 0 0 0 0 0 0
0.10999999999999999 0 1 0.0 0.0 0 0 0 0 0 0
0.11999999999999998 0 1 0.0 0.0 0 0 0 0 0 0
0.12999999999999998 0 1 0.0 0.0 0 0 0 0 0 0
0.13999999999999999 0 1 0.0 0.0 0 0 0 0 0 0
0.14999999999999999 0 1 0.0 0.0 0 0 0 0 0 0
0.16 0 1 0.0 0.0 0 0 0 0 0 0
0.17000000000000001 0 1 0.0 0.0 0 0 0 0 0 0
0.18000000000000002 0 1 0.0 0.0 0 0 0 0 0 0
0.19000000000000003 0 1 0.0 0.0 0 0 0 0 0 0
0.20000000000000004 0 1 0.0 0.0 0 0 0 0 0 0
0.21000000000000005 0 1 0.0 0.0 0 0 0 0 0 0
0.22000000000000006 0 1 0.0 0.0 0 0 0 0 0 0
0.23000000000000007 0 1 0.0 0.0 0 0 0 0 0 0
0.24000000000000007 0 1 0.0 0.0 0 0 0 0 0 0
0.25000000000000006 0 1 0.0 0.0 0 0 0 0 0 0
0.26000000000000006 0 1 0.0 0.0 0 0 0 0 0 0
0.27000000000000007 0 1 0.0 0.0 0 0 0 0 0 0
0.28000000000000008 0 1 0.0 0.0 0 0 0 0 0 0
0.29000000000000009 0 1 0.0 0.0 0 0 0 0 0 0
0.3000000000000001 0 1 0.0 0.0 0 0 0 0 0 0
0.31000000000000011 0 1 0.0 0.0 0 0 0 0 0 0
0.32000000000000012 0 1 0.0 0.0 0 0 0 0 0 0
0.33000000000000013 0 1 0.0 0.0 0 0 0 0 0 0
0.34000000000000014 0 1 0.0 0.0 0 0 0 0 0 0
0.35000000000000014 0 1 0.0 0.0 0 0 0 0 0 0
0.36000000000000015 0 1 0.0 0.0 0 0 0 0 0 0
0.37000000000000016 0 1 0.0 0.0 0 0 0 0 0 0
0.38000000000000017 0 1 0.0 0.0 0 0 0 0 0 0
0.39000000000000018 0 1 0.0 0.0 0 0 0 0 0 0
0.40000000000000019 0 1 0.0 0.0 0 0 0 0 0 0
0.4100000000000002 0 1 0.0 0.0 0 0 0 0 0 0
0.42000000000000021 0 1 0.0 0.0 0 0 0 0 0 0
0.43000000000000022 0 1 0.0 0.0 0 0 0 0 0 0
0.44000000000000022 0 1 0.0 0.0 0 0 0 0 0 0
0.45000000000000023 0 1 0.0 0.0 0 0 0 0 0 0
0.46000000000000024 0 1 0.0 0.0 0 0 0 0 0 0
0.47000000000000025 0 1 0.0 0.0 0 0 0 0 0 0
0.48000000000000026 0 1 0.0 0.0 0 0 0 0 0 0
0.49000000000000027 0 1 0.0 0.0 0 0 0 0 0 0
0.50000000000000022 0 1 0.0 0.0 0 0 0 0 0 0
0.51000000000000023 0 1 0.0 0.0 0 0 0 0 0 0
0.52000000000000024 0 1 0.0 0.0 0 0 0 0 0 0
0.53000000000000025 0 1 0.0 0.0 0 0 0 0 0 0
0.54000000000000026 0 1 0.0 0.0 0 0 0 0 0 0
0.55000000000000027 0 1 0.0 0.0 0 0 0 0 0 0
0.56000000000000028 0 1 0.0 0.0 0 0 0 0 0 0
0.57000000000000028 0 1 0.0 0.0 0 0 0 0 0 0
0.58000000000000029 0 1 0.0 0.0 0 0 0 0 0 0
0.5900000000000003 0 1 0.0 0.0 0 0 0 0 0 0
0.60000000000000031 0 1 0.0 0.0 0 0 0 0 0 0
0.61000000000000032 0 1 0.0 0.0 0 0 0 0 0 0
0.62000000000000033 0 1 0.0 0.0 0 0 0 0 0 0
0.63000000000000034 0 1 0.0 0.0 0 0 0 0 0 0
0.64000000000000035 0 1 0.0 0.0 0 0 0 0 0 0
0.65000000000000036 0 1 0.0 0.0 0 0 0 0 0 0
0.66000000000000036 0 1 0.0 0.0 0 0 0 0 0 0
0.67000000000000037 0 1 0.0 0.0 0 0 0 0 0 0
0.68000000000000038 0 1 0.0 0.0 0 0 0 0 0 0
0.69000000000000039 0 1 0.0 0.0 0 0 0 0 0 0
0.7000000000000004 0 1 0.0 0.0 0 0 0 0 0 0
0.71000000000000041 0 1 0.0 0.0 0 0 0 0 0 0
0.72000000000000042 0 1 0.0 0.0 0 0 0 0 0 0
0.73000000000000043 0 1 0.0 0.0 0 0 0 0 0 0
0.74000000000000044 0 1 0.0 0.0 0 0 0 0 0 0
0.75000000000000044 0 1 0.0 0.0 0 0 0 0 0 0
0.76000000000000045 0 1 0.0 0.0 0 0 0 0 0 0
0.77000000000000046 0 1 0.0 0.0 0 0 0 0 0 0
0.78000000000000047 0 1 0.0 0.0 0 0 0 0 0 0
0.79000000000000048 0 1 0.0 0.0 0 0 0 0 0 0
0.80000000000000049 0 1 0.0 0.0 0 0 0 0 0 0
0.8100000000000005 0 1 0.0 0.0 0 0 0 0 0 0
0.82000000000000051 0 1 0.0 0.0 0 0 0 0 0 0
0.83000000000000052 0 1 0.0 0.0 0 0 0 0 0 0
0.84000000000000052 0 1 0.0 0.0 0 0 0 0 0 0
0.85000000000000053 0 1 0.0 0.0 0 0 0 0 0 0
0.86000000000000054 0 1 0.0 0.0 0 0 0 0 0 0
0.87000000000000055 0 1 0.0 0.0 0 0 0 0 0 0
0.88000000000000056 0 1 0.0 0.0 0 0 0 0 0 0
0.89000000000000057 0 1 0.0 0.0 0 0 0 0 0 0
0.90000000000000058 0 1 0.0 0.0 0 0 0 0 0 0
0.91000000000000059 0 1 0.0 0.0 0 0 0 0 0 0
0.9200000000000006 0 1 0.0 0.0 0 0 0 0 0 0
0.9300000000000006 0 1 0.0 0.0 0 0 0 0 0 0
0.94000000000000061 0 1 0.0 0.0 0 0 0 0 0 0
0.95000000000000062 0 1 0.0 0.0 0 0 0 0 0 0
0.96000000000000063 0 1 0.0 0.0 0 0 0 0 0 0
0.97000000000000064 0 1 0.0 0.0 0 0 0 0 0 0
0.98000000000000065 0 1 0.0 0.0 0 0 0 0 0 0
0.99000000000000066 0 1 0.0 0.0 0 0 0 0 0 0
1.0000000000000007 0 1 0.0 0.0 0 0 0 0 0 0
1.0100000000000007 0 1 1.7415680020871334 0.04213760005038477 440 440 0 18000 18000 0
1.0200000000000007 0 1 6.1595105674919051 0.14907256418101852 1560 1560 0 63920 63920 0
1.0300000000000007 0 1 7.6762880079494984 0.18595840019226523 2520 2520 0 103280 103280 0
1.0400000000000007 0 1 3.0477440036524834 0.073740800088173339 3080 3080 0 126240 126240 0
1.0500000000000007 0 1 4.7893120057396166 0.11587840013855812 3960 3960 0 162320 162320 0
1.0600000000000007 0 1 3.0477440036524834 0.073740800088173339 4520 4520 0 185280 185280 0
1.0700000000000007 0 1 4.3539200052178337 0.10534400012596191 5320 5320 0 218080 218080 0
1.0800000000000007 0 1 5.2247040062614003 0.1264128001511543 6280 6280 0 257440 257440 0
1.0900000000000007 0 1 5.2247040062614003 0.1264128001511543 7240 7240 0 296800 296800 0
1.1000000000000008 0 1 5.2247040062614003 0.1264128001511543 8200 8200 0 336160 336160 0
1.1100000000000008 0 1 8.9824640095148496 0.2175616002300538 9400 9400 0 385360 385360 0
1.1200000000000008 0 1 7.6762880079494984 0.18595840019226523 10360 10360 0 424720 424720 0
1.1300000000000008 0 1 9.8532480105584153 0.23863040025524618 11720 11720 0 480480 480480 0
1.1400000000000008 0 1 4.7893120057396166 0.11587840013855812 12600 12600 0 516560 516560 0
1.1500000000000008 0 1 2.1769600026089169 0.052672000062980957 13000 13000 0 532960 532960 0
1.1600000000000008 0 1 4.7893120057396166 0.11587840013855812 13880 13880 0 569040 569040 0
1.1700000000000008 0 1 6.8055040069059318 0.16488960016707285 14680 14680 0 601840 601840 0
1.1800000000000008 0 1 2.6123520031307002 0.063206400075577152 15160 15160 0 621520 621520 0
1.1900000000000008 0 1 3.91852800469605 0.094809600113365727 15880 15880 0 651040 651040 0
1.2000000000000008 0 1 4.7893120057396166 0.11587840013855812 16760 16760 0 687120 687120 0
1.2100000000000009 0 1 4.3539200052178337 0.10534400012596191 17560 17560 0 719920 719920 0
1.2200000000000009 0 1 10.288640011080199 0.24916480026784238 19000 19000 0 778960 778960 0
1.2300000000000009 0 1 2.6123520031307002 0.063206400075577152 19480 19480 0 798640 798640 0
1.2400000000000009 0 1 3.91852800469605 0.094809600113365727 20200 20200 0 828160 828160 0
1.2500000000000009 0 1 3.0477440036524834 0.073740800088173339 20760 20760 0 851120 851120 0
1.2600000000000009 0 1 4.3539200052178337 0.10534400012596191 21560 21560 0 883920 883920 0
1.2700000000000009 0 1 4.3539200052178337 0.10534400012596191 22360 22360 0 916720 916720 0
1.2800000000000009 0 1 6.0954880073049669 0.14748160017634668 23480 23480 0 962640 962640 0
1.2900000000000009 0 1 2.6154215335389952 0.063282258335783881 23985 23984 0 983324 983284 0
1.3000000000000009 0 1 2.1738904722006218 0.052596141802774228 24360 24360 0 998720 998720 0
1.3100000000000009 0 1 5.6600960067831831 0.1369472001637505 25400 25400 0 1041360 1041360 0
1.320000000000001 0 1 4.7893120057396166 0.11587840013855812 26280 26280 0 1077440 1077440 0
1.330000000000001 0 1 2.6123520031307002 0.063206400075577152 26760 26760 0 1097120 1097120 0
1.340000000000001 0 1 3.4831360041742667 0.08427520010076954 27400 27400 0 1123360 1123360 0
1.350000000000001 0 1 4.3539200052178337 0.10534400012596191 28200 28200 0 1156160 1156160 0
1.360000000000001 0 1 3.0477440036524834 0.073740800088173339 28760 28760 0 1179120 1179120 0
1.370000000000001 0 1 4.7893120057396166 0.11587840013855812 29640 29640 0 1215200 1215200 0
1.380000000000001 0 1 3.4831360041742667 0.08427520010076954 30280 30280 0 1241440 1241440 0
1.390000000000001 0 1 3.91852800469605 0.094809600113365727 31000 31000 0 1270960 1270960 0
1.400000000000001 0 1 5.2189197771389262 0.12627508041014301 31958 31957 0 1310236 1310194 0
1.410000000000001 0 1 267.1297223204042 0.44963576015157841 32564 32560 0 1450860 1446900 0
1.420000000000001 0 1 9825.286841667481 16.17751064617406 34374 34348 0 2722708 2696968 0
1.430000000000001 0 1 34061.190142815103 46.919041655616802 36140 35995 0 3992732 3946950 0
1.4400000000000011 0 1 19632.342205732064 54.191987068187174 37472 37472 0 4412730 4412730 0
1.4500000000000011 0 1 1615.9348446334591 2.1613893117803133 39221 39197 0 5235098 5229350 0
1.4600000000000011 0 1 19913.743727195197 29.828035712447562 41123 41091 0 6510718 6479038 0
1.4700000000000011 0 1 56631.74815935536 95.333198894437018 43345 43274 0 7799458 7729168 0
1.4800000000000011 0 1 86848.88644920956 156.22286546803414 45639 45449 0 9091150 8978970 0
1.4900000000000011 0 1 132857.16075573419 236.77860910405184 47946 47642 0 10382426 10229510 0
1.5000000000000011 0 1 174780.75533507159 320.48244295638324 50477 49899 79 11683828 11478878 7034
1.5100000000000011 0 1 89402.043965760109 162.64488049956771 51816 51733 83 12201238 12194036 7202
1.5200000000000011 0 1 1984.6023845883724 2.6164101763365122 52772 52684 83 12653528 12646120 7202
1.5300000000000011 0 1 2.5629228766832024 0.061996504773431604 53212 53129 83 12671588 12664386 7202
1.5400000000000011 0 1 8.1116800084712821 0.19649280020486143 54252 54169 83 12714228 12707026 7202
1.5500000000000012 0 1 3.91852800469605 0.094809600113365727 54972 54889 83 12743748 12736546 7202
1.5600000000000012 0 1 5.6600960067831831 0.1369472001637505 56012 55929 83 12786388 12779186 7202
1.5700000000000012 0 1 3.91852800469605 0.094809600113365727 56732 56649 83 12815908 12808706 7202
1.5800000000000012 0 1 3.91852800469605 0.094809600113365727 57452 57369 83 12845428 12838226 7202
1.5900000000000012 0 1 4.7893120057396166 0.11587840013855812 58332 58249 83 12881508 12874306 7202
1.6000000000000012 0 1 3.9396595247960651 0.095336288115865836 59052 58969 83 12911028 12903826 7202
1.6100000000000012 0 1 8.5470720089930659 0.2070272002174576 60172 60089 83 12956948 12949746 7202
1.6200000000000012 0 1 8.5470720089930659 0.2070272002174576 61292 61209 83 13002868 12995666 7202
1.6300000000000012 0 1 5.2247040062614003 0.1264128001511543 62252 62169 83 13042228 13035026 7202
1.6400000000000012 0 1 4.3539200052178337 0.10534400012596191 63052 62969 83 13075028 13067826 7202
1.6500000000000012 0 1 3.0477440036524834 0.073740800088173339 63612 63529 83 13097988 13090786 7202
1.6600000000000013 0 1 5.2247040062614003 0.1264128001511543 64572 64489 83 13137348 13130146 7202
1.6700000000000013 0 1 5.6600960067831831 0.1369472001637505 65612 65529 83 13179988 13172786 7202
1.6800000000000013 0 1 6.6916723283996165 0.16236992020375304 66252 66169 83 13206228 13199026 7202
1.6900000000000013 0 1 1.7415680020871334 0.04213760005038477 66572 66489 83 13219348 13212146 7202
1.7000000000000013 0 1 3.0477440036524834 0.073740800088173339 67132 67049 83 13242308 13235106 7202
1.7100000000000013 0 1 3.4831360041742667 0.08427520010076954 67772 67689 83 13268548 13261346 7202
1.7200000000000013 0 1 6.5308800078267497 0.15801600018894288 68972 68889 83 13317748 13310546 7202
1.7300000000000013 0 1 8.9824640095148496 0.2175616002300538 70172 70089 83 13366948 13359746 7202
1.7400000000000013 0 1 2.1769600026089169 0.052672000062980957 70572 70489 83 13383348 13376146 7202
1.7500000000000013 0 1 3.0302476427438636 0.073324220066539533 71128 71042 83 13406140 13398812 7202
1.7600000000000013 0 1 8.0355094089857566 0.19462482021688193 72172 72089 83 13448948 13441746 7202
1.7700000000000014 0 1 3.91852800469605 0.094809600113365727 72892 72809 83 13478468 13471266 7202
1.7800000000000014 0 1 4.7893120057396166 0.11587840013855812 73772 73689 83 13514548 13507346 7202
1.7900000000000014 0 1 8.5470720089930659 0.2070272002174576 74892 74809 83 13560468 13553266 7202
1.8000000000000014 0 1 5.6600960067831831 0.1369472001637505 75932 75849 83 13603108 13595906 7202
1.8100000000000014 0 1 8.9824640095148496 0.2175616002300538 77132 77049 83 13652308 13645106 7202
1.8200000000000014 0 1 6.8055040069059318 0.16488960016707285 77932 77849 83 13685108 13677906 7202
1.8300000000000014 0 1 4.3539200052178337 0.10534400012596191 78732 78649 83 13717908 13710706 7202
1.8400000000000014 0 1 4.7893120057396166 0.11587840013855812 79612 79529 83 13753988 13746786 7202
1.8500000000000014 0 1 6.5308800078267497 0.15801600018894288 80820 80737 83 13803508 13796306 7202
1.8600000000000014 0 1 3.0477440036524834 0.073740800088173339 81372 81289 83 13826148 13818946 7202
1.8700000000000014 0 1 8.5470720089930659 0.2070272002174576 82492 82409 83 13872068 13864866 7202
1.8800000000000014 0 1 3.4831360041742667 0.08427520010076954 83132 83049 83 13898308 13891106 7202
1.8900000000000015 0 1 4.3539200052178337 0.10534400012596191 83932 83849 83 13931108 13923906 7202
1.9000000000000015 0 1 3.9156940824000195 0.094742125772984048 84651 84567 83 13960586 13953342 7202
1.9100000000000015 0 1 6.9910548903743424 0.16934923453568715 85692 85609 83 14003268 13996066 7202
1.9200000000000015 0 1 3.0173577864420738 0.073017318726020727 86246 86159 83 14025976 14018606 7202
1.9300000000000015 0 1 1.771954219297543 0.042861081412537382 86572 86489 83 14039348 14032146 7202
1.9400000000000015 0 1 3.0477440036524834 0.073740800088173339 87132 87049 83 14062308 14055106 7202
1.9500000000000015 0 1 5.6600960067831831 0.1369472001637505 88172 88089 83 14104948 14097746 7202
1.9600000000000015 0 1 4.3539200052178337 0.10534400012596191 88972 88889 83 14137748 14130546 7202
1.9700000000000015 0 1 4.7893120057396166 0.11587840013855812 89852 89769 83 14173828 14166626 7202
1.9800000000000015 0 1 6.5308800078267497 0.15801600018894288 91052 90969 83 14223028 14215826 7202
1.9900000000000015 0 1 7.2408960074277156 0.17542400017966903 91932 91849 83 14259108 14251906 7202
2.0000000000000013 0 1 5.2247040062615158 0.12641280015115711 92892 92809 83 14298468 14291266 7202
2.0100000000000011 0 1 3.0477439839594149 0.073740799612400001 93452 93369 83 14321428 14314226 7202
2.0200000000000009 0 1 4.3566355769578502 0.10541188944311 94252 94169 83 14354228 14347026 7202
2.0300000000000007 0 1 6.0955610478786912 0.14748342622379654 95372 95289 83 14400148 14392946 7202
2.0400000000000005 0 1 2.1769599885424391 0.052671999723142862 95772 95689 83 14416548 14409346 7202
2.0500000000000003 0 1 4.7893119747933666 0.11587839939091429 96652 96569 83 14452628 14445426 7202
2.0600000000000001 0 1 4.7893119747933666 0.11587839939091429 97532 97449 83 14488708 14481506 7202
2.0699999999999998 0 1 3.0477439839594149 0.073740799612400001 98092 98009 83 14511668 14504466 7202
2.0799999999999996 0 1 2.1769599885424391 0.052671999723142862 98492 98409 83 14528068 14520866 7202
2.0899999999999994 0 1 4.3539199770848782 0.10534399944628572 99292 99209 83 14560868 14553666 7202
2.0999999999999992 0 1 3.4831359816679028 0.084275199557028571 99932 99849 83 14587108 14579906 7202
2.109999999999999 0 1 5.916750130204333 0.1433389592790521 100812 100729 83 14623188 14615986 7202
2.1199999999999988 0 1 795.61962020722342 1.3314837919627571 101708 101604 83 14900966 14872974 7202
2.1299999999999986 0 1 387751.69835655758 398.69468902848143 104334 102949 890 17123004 16122912 521426
2.1399999999999983 0 1 355300.48484074307 439.93319284826737 106104 104500 1604 17903496 17324428 579068
2.1499999999999981 0 1 4436.4341561879146 7.085523121883659 107682 106056 1604 18934290 18333442 579068
2.1599999999999979 0 1 236024.93379811989 373.6778197169694 110866 107935 2442 20455596 19583364 670892
2.1699999999999977 0 1 112236.85370479996 189.85736141356219 112693 110025 2442 21575486 20833596 670892
2.1799999999999975 0 1 182492.91387247178 270.87156831488193 114971 111898 2723 23082894 22083400 733660
2.1899999999999973 0 1 163651.58886624553 246.81879587285655 116242 113497 2745 23716820 22980348 736472
2.1999999999999971 0 1 21317.339133650894 35.934828710596292 118379 115486 2745 24590374 23742474 736472
2.2099999999999969 0 1 120633.8713086456 201.99795289951678 120501 117628 2745 25856034 24992842 736472
2.2199999999999966 0 1 138742.96558587914 210.44120071568054 122475 119504 2745 27127014 26242722 736472
2.2299999999999964 0 1 155944.5941043878 248.08824177530383 124447 121446 2745 28396014 27492450 736472
2.2399999999999962 0 1 170164.58145650011 248.88729541957218 126254 123333 2745 29653504 28742792 736472
2.249999999999996 0 1 184997.06203058749 292.42800865414415 128306 125133 2745 30925784 29993352 736472
2.2599999999999958 0 1 198218.65603952282 321.76213024329343 130342 127315 2745 32182224 31242492 736472
2.2699999999999956 0 1 168738.94230609207 324.23515838196778 132523 129665 2855 33241884 32489372 749542
2.2799999999999954 0 1 16509.274939579846 23.077548645136272 134351 131464 2855 34520164 33738942 749542
2.2899999999999952 0 1 60387.339710908411 97.573610012870077 136410 133495 2855 35798724 34989782 749542
2.2999999999999949 0 1 72986.635393268109 130.22736851088797 138769 135677 2855 37074098 36238922 749542
2.3099999999999947 0 1 62705.851670221986 97.390303239982529 140191 137336 2855 37946944 37197402 749542
2.3199999999999945 0 1 2.612351986250927 0.063206399667771432 140671 137816 2855 37966624 37217082 749542
2.3299999999999943 0 1 3.4831359816679028 0.084275199557028571 141311 138456 2855 37992864 37243322 749542
2.3399999999999941 0 1 2.612351986250927 0.063206399667771432 141791 138936 2855 38012544 37263002 749542
2.3499999999999939 0 1 11.476799953943374 0.27858079888268311 142671 139816 2855 38048624 37299082 749542
2.3599999999999937 0 1 4.3539199770848782 0.10534399944628572 143471 140616 2855 38081424 37331882 749542
2.3699999999999934 0 1 5.6600959702103424 0.13694719928017143 144511 141656 2855 38124064 37374522 749542
2.3799999999999932 0 1 4.0340890183402118 0.097674625475765303 145231 142376 2855 38153584 37404042 749542
2.389999999999993 0 1 6.5308799656273182 0.15801599916942857 146431 143576 2855 38202784 37453242 749542
2.3999999999999928 0 1 7.6762879654596574 0.18595839916395859 147391 144536 2855 38242144 37492602 749542
2.4099999999999926 0 1 2.612351986250927 0.063206399667771432 147871 145016 2855 38261824 37512282 749542
2.4199999999999924 0 1 5.224703972501854 0.12641279933554286 148831 145976 2855 38301184 37551642 749542
2.4299999999999922 0 1 2.612351986250927 0.063206399667771432 149311 146456 2855 38320864 37571322 749542
2.439999999999992 0 1 3.4831359816679028 0.084275199557028571 149951 147096 2855 38347104 37597562 749542
2.4499999999999917 0 1 7.6762879654596574 0.18595839916395859 150911 148056 2855 38386464 37636922 749542
2.4599999999999915 0 1 2.612351986250927 0.063206399667771432 151391 148536 2855 38406144 37656602 749542
2.4699999999999913 0 1 1.3061759931254635 0.031603199833885716 151631 148776 2855 38415984 37666442 749542
2.4799999999999911 0 1 3.4831359816679028 0.084275199557028571 152271 149416 2855 38442224 37692682 749542
2.4899999999999909 0 1 7.8222880454747461 0.18967047916334373 153071 150216 2855 38475024 37725482 749542
2.4999999999999907 0 1 3.0524671837853332 0.073858879608047948 153631 150776 2855 38497984 37748442 749542
2.5099999999999905 0 1 4.3539199770848782 0.10534399944628572 154431 151576 2855 38530784 37781242 749542
2.5199999999999902 0 1 4.3130206148839036 0.10447343939210763 155151 152296 2855 38560304 37810762 749542
2.52999999999999 0 1 3.4831359816679028 0.084275199557028571 155791 152936 2855 38586544 37837002 749542
2.5399999999999898 0 1 3.4831359816679028 0.084275199557028571 156431 153576 2855 38612784 37863242 749542
2.5499999999999896 0 1 3.0477439839594149 0.073740799612400001 156991 154136 2855 38635744 37886202 749542
2.5599999999999894 0 1 4.7893119747933666 0.11587839939091429 157871 155016 2855 38671824 37922282 749542
2.5699999999999892 0 1 5.224703972501854 0.12641279933554286 158831 155976 2855 38711184 37961642 749542
2.579999999999989 0 1 5.224703972501854 0.12641279933554286 159791 156936 2855 38750544 38001002 749542
2.5899999999999888 0 1 6.8055039700426816 0.16488959927470145 160591 157736 2855 38783344 38033802 749542
2.5999999999999885 0 1 1.3061759931254635 0.031603199833885716 160831 157976 2855 38793184 38043642 749542
2.6099999999999883 0 1 4.3539199770848782 0.10534399944628572 161631 158776 2855 38825984 38076442 749542
2.6199999999999881 0 1 6.7243464434449161 0.16283447911571783 162751 159896 2855 38871904 38122362 749542
2.6299999999999879 0 1 4.7893119747933666 0.11587839939091429 163631 160776 2855 38907984 38158442 749542
2.6399999999999877 0 1 3.4831359816679028 0.084275199557028571 164271 161416 2855 38934224 38184682 749542
2.6499999999999875 0 1 6.7675210833756712 0.16388751911402893 165391 162536 2855 38980144 38230602 749542
2.6599999999999873 0 1 3.4831359816679028 0.084275199557028571 166031 163176 2855 39006384 38256842 749542
2.6699999999999871 0 1 1.3061759931254635 0.031603199833885716 166304 163449 2855 39046994 38297452 749542
2.6799999999999868 0 1 7269.4856695863327 9.8970517285378428 167992 165088 2855 40314768 39548054 749542
2.6899999999999866 0 1 31568.022038884741 51.595975169175233 170013 167110 2855 41595288 40798226 749542
2.6999999999999864 0 1 22089.7060926167 40.533885310931716 171624 168769 2855 42112114 41362572 749542
2.7099999999999862 0 1 7324.9800386754541 12.480647036659986 173069 170175 2855 42846082 42073130 749542
2.719999999999986 0 1 31466.737800289338 41.215409206118359 174715 171819 2855 44111222 43322988 749542
2.7299999999999858 0 1 62251.554336554516 105.02273294326112 177015 173929 2855 45403160 44572972 749542
2.7399999999999856 0 1 83475.847692399664 102.05424329974484 178517 175497 2855 46662380 45823510 749542
2.7499999999999853 0 1 106752.23905126339 183.87954727681316 180815 177601 2855 47954236 47073248 749542
2.7599999999999851 0 1 144784.52460313393 252.46791812057572 182884 179857 2855 49235754 48323524 749542
2.7699999999999849 0 1 148246.44530376914 237.0571551175257 184651 181796 2855 50225234 49475692 749542
2.7799999999999847 0 1 5.6600959702103424 0.13694719928017143 185691 182836 2855 50267874 49518332 749542
2.7899999999999845 0 1 4.7950884546211681 0.11602281138660933 186571 183716 2855 50303954 49554412 749542
2.7999999999999843 0 1 4.3539199770848782 0.10534399944628572 187387 184532 2855 50337394 49587852 749542
2.8099999999999841 0 1 4.4404415762714207 0.10749103942595768 188171 185316 2855 50369554 49620012 749542
2.8199999999999839 0 1 3.4831359816679028 0.084275199557028571 188811 185956 2855 50395794 49646252 749542
2.8299999999999836 0 1 2.1769599885424391 0.052671999723142862 189211 186356 2855 50412194 49662652 749542
2.8399999999999834 0 1 4.3539199770848782 0.10534399944628572 190011 187156 2855 50444994 49695452 749542
2.8499999999999832 0 1 5.224703972501854 0.12641279933554286 190971 188116 2855 50484354 49734812 749542
2.859999999999983 0 1 3.4831359816679028 0.084275199557028571 191611 188756 2855 50510594 49761052 749542
2.8699999999999828 0 1 8.1072909229453263 0.19640835910333251 192731 189876 2855 50556514 49806972 749542
2.8799999999999826 0 1 3.4831359816679028 0.084275199557028571 193371 190516 2855 50582754 49833212 749542
2.8899999999999824 0 1 3.0477439839594149 0.073740799612400001 193931 191076 2855 50605714 49856172 749542
2.8999999999999821 0 1 3.0477439839594149 0.073740799612400001 194491 191636 2855 50628674 49879132 749542
2.9099999999999819 0 1 4.3539199770848782 0.10534399944628572 195291 192436 2855 50661474 49911932 749542
2.9199999999999817 0 1 4.7893119747933666 0.11587839939091429 196171 193316 2855 50697554 49948012 749542
2.9299999999999815 0 1 3.6767172594949997 0.0890964795035495 196731 193876 2855 50720514 49970972 749542
2.9399999999999813 0 1 3.4831359816679028 0.084275199557028571 197371 194516 2855 50746754 49997212 749542
2.9499999999999811 0 1 3.4831359816679028 0.084275199557028571 198011 195156 2855 50772994 50023452 749542
2.9599999999999809 0 1 733.71740777011507 1.2433476443068956 198964 196100 2855 51106252 50350650 749542
2.9699999999999807 0 1 296600.4983430396 347.01313094682115 201670 197677 3495 53180678 51600606 1164882
2.9799999999999804 0 1 279818.39670379017 326.34670363544751 203045 199220 3822 54044348 52845038 1196340
2.9899999999999802 0 1 89673.314264413508 136.90501851202774 205369 201328 3822 55432200 54094970 1196340
2.99999999999998 0 1 182064.86151654719 283.1960009429306 207785 203169 4117 56837080 55344344 1258778
3.0099999999999798 0 1 114520.48477467174 230.97442843464017 209895 205546 4178 57950350 56594738 1262242
3.0199999