0 0 1 0 0 0 0 0 0 0 0
0.01 0 1 0.0 0.0 0 0 0 0 0 0
0.02 0 1 0.0 0.0 0 0 0 0 0 0
0.029999999999999999 0 1 0.0 0.0 0 0 0 0 0 0
0.040000000000000001 0 1 0.0 0.0 0 0 0 0 0 0
0.050000000000000003 0 1 0.0 0.0 0 0 0 0 0 0
0.060000000000000005 0 1 0.0 0.0 0 0 0 0 0 0
0.070000000000000007 0 1 0.0 0.0 0 0 0 0 0 0
0.080000000000000002 0 1 0.0 0.0 0 0 0 0 0 0
0.089999999999999997 0 1 0.0 0.0 0 0 0 0 0 0
0.099999999999999992 0 1 0.0 0.0 0 0 0 0 0 0
0.10999999999999999 0 1 0.0 0.0 0 0 0 0 0 0
0.11999999999999998 0 1 0.0 0.0 0 0 0 0 0 0
0.12999999999999998 0 1 0.0 0.0 0 0 0 0 0 0
0.13999999999999999 0 1 0.0 0.0 0 0 0 0 0 0
0.14999999999999999 0 1 0.0 0.0 0 0 0 0 0 0
0.16 0 1 0.0 0.0 0 0 0 0 0 0
0.17000000000000001 0 1 0.0 0.0 0 0 0 0 0 0
0.18000000000000002 0 1 0.0 0.0 0 0 0 0 0 0
0.19000000000000003 0 1 0.0 0.0 0 0 0 0 0 0
0.20000000000000004 0 1 0.0 0.0 0 0 0 0 0 0
0.21000000000000005 0 1 0.0 0.0 0 0 0 0 0 0
0.22000000000000006 0 1 0.0 0.0 0 0 0 0 0 0
0.23000000000000007 0 1 0.0 0.0 0 0 0 0 0 0
0.24000000000000007 0 1 0.0 0.0 0 0 0 0 0 0
0.25000000000000006 0 1 0.0 0.0 0 0 0 0 0 0
0.26000000000000006 0 1 0.0 0.0 0 0 0 0 0 0
0.27000000000000007 0 1 0.0 0.0 0 0 0 0 0 0
0.28000000000000008 0 1 0.0 0.0 0 0 0 0 0 0
0.29000000000000009 0 1 0.0 0.0 0 0 0 0 0 0
0.3000000000000001 0 1 0.0 0.0 0 0 0 0 0 0
0.31000000000000011 0 1 0.0 0.0 0 0 0 0 0 0
0.32000000000000012 0 1 0.0 0.0 0 0 0 0 0 0
0.33000000000000013 0 1 0.0 0.0 0 0 0 0 0 0
0.34000000000000014 0 1 0.0 0.0 0 0 0 0 0 0
0.35000000000000014 0 1 0.0 0.0 0 0 0 0 0 0
0.36000000000000015 0 1 0.0 0.0 0 0 0 0 0 0
0.37000000000000016 0 1 0.0 0.0 0 0 0 0 0 0
0.38000000000000017 0 1 0.0 0.0 0 0 0 0 0 0
0.39000000000000018 0 1 0.0 0.0 0 0 0 0 0 0
0.40000000000000019 0 1 0.0 0.0 0 0 0 0 0 0
0.4100000000000002 0 1 0.0 0.0 0 0 0 0 0 0
0.42000000000000021 0 1 0.0 0.0 0 0 0 0 0 0
0.43000000000000022 0 1 0.0 0.0 0 0 0 0 0 0
0.44000000000000022 0 1 0.0 0.0 0 0 0 0 0 0
0.45000000000000023 0 1 0.0 0.0 0 0 0 0 0 0
0.46000000000000024 0 1 0.0 0.0 0 0 0 0 0 0
0.47000000000000025 0 1 0.0 0.0 0 0 0 0 0 0
0.48000000000000026 0 1 0.0 0.0 0 0 0 0 0 0
0.49000000000000027 0 1 0.0 0.0 0 0 0 0 0 0
0.50000000000000022 0 1 0.0 0.0 0 0 0 0 0 0
0.51000000000000023 0 1 0.0 0.0 0 0 0 0 0 0
0.52000000000000024 0 1 0.0 0.0 0 0 0 0 0 0
0.53000000000000025 0 1 0.0 0.0 0 0 0 0 0 0
0.54000000000000026 0 1 0.0 0.0 0 0 0 0 0 0
0.55000000000000027 0 1 0.0 0.0 0 0 0 0 0 0
0.56000000000000028 0 1 0.0 0.0 0 0 0 0 0 0
0.57000000000000028 0 1 0.0 0.0 0 0 0 0 0 0
0.58000000000000029 0 1 0.0 0.0 0 0 0 0 0 0
0.5900000000000003 0 1 0.0 0.0 0 0 0 0 0 0
0.60000000000000031 0 1 0.0 0.0 0 0 0 0 0 0
0.61000000000000032 0 1 0.0 0.0 0 0 0 0 0 0
0.62000000000000033 0 1 0.0 0.0 0 0 0 0 0 0
0.63000000000000034 0 1 0.0 0.0 0 0 0 0 0 0
0.64000000000000035 0 1 0.0 0.0 0 0 0 0 0 0
0.65000000000000036 0 1 0.0 0.0 0 0 0 0 0 0
0.66000000000000036 0 1 0.0 0.0 0 0 0 0 0 0
0.67000000000000037 0 1 0.0 0.0 0 0 0 0 0 0
0.68000000000000038 0 1 0.0 0.0 0 0 0 0 0 0
0.69000000000000039 0 1 0.0 0.0 0 0 0 0 0 0
0.7000000000000004 0 1 0.0 0.0 0 0 0 0 0 0
0.71000000000000041 0 1 0.0 0.0 0 0 0 0 0 0
0.72000000000000042 0 1 0.0 0.0 0 0 0 0 0 0
0.73000000000000043 0 1 0.0 0.0 0 0 0 0 0 0
0.74000000000000044 0 1 0.0 0.0 0 0 0 0 0 0
0.75000000000000044 0 1 0.0 0.0 0 0 0 0 0 0
0.76000000000000045 0 1 0.0 0.0 0 0 0 0 0 0
0.77000000000000046 0 1 0.0 0.0 0 0 0 0 0 0
0.78000000000000047 0 1 0.0 0.0 0 0 0 0 0 0
0.79000000000000048 0 1 0.0 0.0 0 0 0 0 0 0
0.80000000000000049 0 1 0.0 0.0 0 0 0 0 0 0
0.8100000000000005 0 1 0.0 0.0 0 0 0 0 0 0
0.82000000000000051 0 1 0.0 0.0 0 0 0 0 0 0
0.83000000000000052 0 1 0.0 0.0 0 0 0 0 0 0
0.84000000000000052 0 1 0.0 0.0 0 0 0 0 0 0
0.85000000000000053 0 1 0.0 0.0 0 0 0 0 0 0
0.86000000000000054 0 1 0.0 0.0 0 0 0 0 0 0
0.87000000000000055 0 1 0.0 0.0 0 0 0 0 0 0
0.88000000000000056 0 1 0.0 0.0 0 0 0 0 0 0
0.89000000000000057 0 1 0.0 0.0 0 0 0 0 0 0
0.90000000000000058 0 1 0.0 0.0 0 0 0 0 0 0
0.91000000000000059 0 1 0.0 0.0 0 0 0 0 0 0
0.9200000000000006 0 1 0.0 0.0 0 0 0 0 0 0
0.9300000000000006 0 1 0.0 0.0 0 0 0 0 0 0
0.94000000000000061 0 1 0.0 0.0 0 0 0 0 0 0
0.95000000000000062 0 1 0.0 0.0 0 0 0 0 0 0
0.96000000000000063 0 1 0.0 0.0 0 0 0 0 0 0
0.97000000000000064 0 1 0.0 0.0 0 0 0 0 0 0
0.98000000000000065 0 1 0.0 0.0 0 0 0 0 0 0
0.99000000000000066 0 1 0.0 0.0 0 0 0 0 0 0
1.0000000000000007 0 1 0.0 0.0 0 0 0 0 0 0
1.0100000000000007 0 1 1.7415680020871334 0.04213760005038477 440 440 0 18000 18000 0
1.0200000000000007 0 1 6.1595105674919051 0.14907256418101852 1560 1560 0 63920 63920 0
1.0300000000000007 0 1 7.6762880079494984 0.18595840019226523 2520 2520 0 103280 103280 0
1.0400000000000007 0 1 3.0477440036524834 0.073740800088173339 3080 3080 0 126240 126240 0
1.0500000000000007 0 1 4.7893120057396166 0.11587840013855812 3960 3960 0 162320 162320 0
1.0600000000000007 0 1 3.0477440036524834 0.073740800088173339 4520 4520 0 185280 185280 0
1.0700000000000007 0 1 4.3539200052178337 0.10534400012596191 5320 5320 0 218080 218080 0
1.0800000000000007 0 1 5.2247040062614003 0.1264128001511543 6280 6280 0 257440 257440 0
1.0900000000000007 0 1 5.2247040062614003 0.1264128001511543 7240 7240 0 296800 296800 0
1.1000000000000008 0 1 5.2247040062614003 0.1264128001511543 8200 8200 0 336160 336160 0
1.1100000000000008 0 1 8.9824640095148496 0.2175616002300538 9400 9400 0 385360 385360 0
1.1200000000000008 0 1 7.6762880079494984 0.18595840019226523 10360 10360 0 424720 424720 0
1.1300000000000008 0 1 9.8532480105584153 0.23863040025524618 11720 11720 0 480480 480480 0
1.1400000000000008 0 1 4.7893120057396166 0.11587840013855812 12600 12600 0 516560 516560 0
1.1500000000000008 0 1 2.1769600026089169 0.052672000062980957 13000 13000 0 532960 532960 0
1.1600000000000008 0 1 4.7893120057396166 0.11587840013855812 13880 13880 0 569040 569040 0
1.1700000000000008 0 1 6.8055040069059318 0.16488960016707285 14680 14680 0 601840 601840 0
1.1800000000000008 0 1 2.6123520031307002 0.063206400075577152 15160 15160 0 621520 621520 0
1.1900000000000008 0 1 3.91852800469605 0.094809600113365727 15880 15880 0 651040 651040 0
1.2000000000000008 0 1 4.7893120057396166 0.11587840013855812 16760 16760 0 687120 687120 0
1.2100000000000009 0 1 4.3539200052178337 0.10534400012596191 17560 17560 0 719920 719920 0
1.2200000000000009 0 1 10.288640011080199 0.24916480026784238 19000 19000 0 778960 778960 0
1.2300000000000009 0 1 2.6123520031307002 0.063206400075577152 19480 19480 0 798640 798640 0
1.2400000000000009 0 1 3.91852800469605 0.094809600113365727 20200 20200 0 828160 828160 0
1.2500000000000009 0 1 3.0477440036524834 0.073740800088173339 20760 20760 0 851120 851120 0
1.2600000000000009 0 1 4.3539200052178337 0.10534400012596191 21560 21560 0 883920 883920 0
1.2700000000000009 0 1 4.3539200052178337 0.10534400012596191 22360 22360 0 916720 916720 0
1.2800000000000009 0 1 13594.912599731839 23.783758117813328 24393 24361 0 1872202 1840522 0
1.2900000000000009 0 1 40412.810393322878 56.125523597499885 26155 26080 0 3143010 3090608 0
1.3000000000000009 0 1 44725.910888729741 64.080197596968603 27451 27451 0 4056910 4056910 0
1.3100000000000009 0 1 374.34063261507515 0.62935720631618286 28767 28763 0 4372790 4368830 0
1.320000000000001 0 1 24496.190802326801 39.080646419605102 30904 30866 0 5657096 5619476 0
1.330000000000001 0 1 49853.468322998327 68.258399652868178 32648 32590 0 6926238 6868818 0
1.340000000000001 0 1 72848.936735362411 108.23685973417169 34549 34465 0 8202766 8119606 0
1.350000000000001 0 1 94711.026991278966 150.36600983392526 36606 36354 0 9483792 9369054 0
1.360000000000001 0 1 128602.35086310879 191.18041262329044 38436 38297 0 10756460 10618850 0
1.370000000000001 0 1 150824.04468843111 240.49229181176392 40574 40246 0 12041756 11868876 0
1.380000000000001 0 1 29201.678279064978 57.322248491157318 41341 41341 0 12189280 12189280 0
1.390000000000001 0 1 3.91852800469605 0.094809600113365727 42061 42061 0 12218800 12218800 0
1.400000000000001 0 1 5.2189197771389262 0.12627508041014301 43019 43018 0 12258076 12258034 0
1.410000000000001 0 1 2.6181362322531743 0.06334411981658844 43501 43501 0 12277840 12277840 0
1.420000000000001 0 1 3.0477440036524834 0.073740800088173339 44061 44061 0 12300800 12300800 0
1.430000000000001 0 1 2.6183949844649201 0.063354960595929322 44568 44566 0 12321566 12321484 0
1.4400000000000011 0 1 7.6702450266152784 0.18580983967191306 45501 45501 0 12359840 12359840 0
1.4500000000000011 0 1 5.2247040062614003 0.1264128001511543 46461 46461 0 12399200 12399200 0
1.4600000000000011 0 1 3.4831360041742667 0.08427520010076954 47101 47101 0 12425440 12425440 0
1.4700000000000011 0 1 6.1301288075397533 0.14847760018230613 48061 48061 0 12464800 12464800 0
1.4800000000000011 0 1 5.6600960067831831 0.1369472001637505 49101 49101 0 12507440 12507440 0
1.4900000000000011 0 1 8.1116800084712821 0.19649280020486143 50141 50141 0 12550080 12550080 0
1.5000000000000011 0 1 6.9299270495037417 0.16768504403856785 51414 51410 0 12602266 12602098 0
1.5100000000000011 0 1 6.4220089656786552 0.1555773563282957 52221 52221 0 12635360 12635360 0
1.5200000000000011 0 1 2.6617811295781979 0.064416295377722699 52741 52736 0 12656660 12656454 0
1.5300000000000011 0 1 2.5629228766832024 0.061996504773431604 53181 53181 0 12674720 12674720 0
1.5400000000000011 0 1 8.1116800084712821 0.19649280020486143 54221 54221 0 12717360 12717360 0
1.5500000000000012 0 1 3.91852800469605 0.094809600113365727 54941 54941 0 12746880 12746880 0
1.5600000000000012 0 1 5.6600960067831831 0.1369472001637505 55981 55981 0 12789520 12789520 0
1.5700000000000012 0 1 3.91852800469605 0.094809600113365727 56701 56701 0 12819040 12819040 0
1.5800000000000012 0 1 3.91852800469605 0.094809600113365727 57421 57421 0 12848560 12848560 0
1.5900000000000012 0 1 4.7893120057396166 0.11587840013855812 58301 58301 0 12884640 12884640 0
1.6000000000000012 0 1 3.9396595247960651 0.095336288115865836 59021 59021 0 12914160 12914160 0
1.6100000000000012 0 1 8.5470720089930659 0.2070272002174576 60141 60141 0 12960080 12960080 0
1.6200000000000012 0 1 8.5470720089930659 0.2070272002174576 61261 61261 0 13006000 13006000 0
1.6300000000000012 0 1 5.2247040062614003 0.1264128001511543 62221 62221 0 13045360 13045360 0
1.6400000000000012 0 1 4.3539200052178337 0.10534400012596191 63021 63021 0 13078160 13078160 0
1.6500000000000012 0 1 3.0477440036524834 0.073740800088173339 63581 63581 0 13101120 13101120 0
1.6600000000000013 0 1 5.2247040062614003 0.1264128001511543 64541 64541 0 13140480 13140480 0
1.6700000000000013 0 1 5.6600960067831831 0.1369472001637505 65581 65581 0 13183120 13183120 0
1.6800000000000013 0 1 6.6916723283996165 0.16236992020375304 66221 66221 0 13209360 13209360 0
1.6900000000000013 0 1 1.7415680020871334 0.04213760005038477 66541 66541 0 13222480 13222480 0
1.7000000000000013 0 1 3.0477440036524834 0.073740800088173339 67101 67101 0 13245440 13245440 0
1.7100000000000013 0 1 3.4831360041742667 0.08427520010076954 67741 67741 0 13271680 13271680 0
1.7200000000000013 0 1 6.5308800078267497 0.15801600018894288 68941 68941 0 13320880 13320880 0
1.7300000000000013 0 1 8.9824640095148496 0.2175616002300538 70141 70141 0 13370080 13370080 0
1.7400000000000013 0 1 2.1769600026089169 0.052672000062980957 70541 70541 0 13386480 13386480 0
1.7500000000000013 0 1 74624.183434799837 86.569712445472931 72109 71524 86 14409250 13976250 14910
1.7600000000000013 0 1 326209.99759842776 389.188237167951 74428 73074 1331 15699494 15226150 458872
1.7700000000000014 0 1 1438.2228913276995 2.0688148648828824 75508 74170 1331 16061442 15595640 458872
1.7800000000000014 0 1 196841.3363598368 311.77400161913118 77847 76045 1355 17541932 16846428 470306
1.7900000000000014 0 1 67867.164672893472 160.95525138501071 80030 78598 1379 18619570 18095786 471314
1.8000000000000014 0 1 72017.362693370465 132.00391975937009 82329 80781 1379 19908620 19345916 471314
1.8100000000000014 0 1 104722.30864070481 207.61615271951737 84765 83194 1379 21181460 20595986 471314
1.8200000000000014 0 1 124508.24675994999 203.95636780721196 86814 85295 1379 22450770 21845596 471314
1.8300000000000014 0 1 142609.10117091952 223.8288699287082 88860 87253 1379 23717110 23095996 471314
1.8400000000000014 0 1 159334.88197306986 259.92586485700463 90984 89282 1379 24984750 24345506 471314
1.8500000000000014 0 1 177204.60262773899 357.72941670555798 93416 91786 1379 26246980 25595496 471314
1.8600000000000014 0 1 185941.13765028137 262.83777637059967 95222 93572 1379 27510130 26846446 471314
1.8700000000000014 0 1 106864.50856518028 210.10491654602185 97423 95984 1395 28615008 28095670 475778
1.8800000000000014 0 1 58414.421802069606 85.952163910516845 99339 97860 1395 29904488 29345550 475778
1.8900000000000015 0 1 96856.888314483251 154.4643488024108 101396 99813 1395 31181718 30595740 475778
1.9000000000000015 0 1 119403.84492966998 185.39409987402198 103367 101766 1395 32450676 31845930 475778
1.9100000000000015 0 1 45419.251412252139 100.50312696523902 105173 103747 1426 33228392 32747528 480864
1.9200000000000015 0 1 2879.0313989327419 3.4915459462033529 106496 104992 1426 34014308 33524558 480864
1.9300000000000015 0 1 12277.935810901097 16.888602734627852 108086 106638 1426 35277142 34774498 480864
1.9400000000000015 0 1 11812.875878230045 18.015531305486636 109222 107796 1426 35869692 35388828 480864
1.9500000000000015 0 1 5.6600960067831831 0.1369472001637505 110262 108836 1426 35912332 35431468 480864
1.9600000000000015 0 1 4.3539200052178337 0.10534400012596191 111062 109636 1426 35945132 35464268 480864
1.9700000000000015 0 1 4.7893120057396166 0.11587840013855812 111942 110516 1426 35981212 35500348 480864
1.9800000000000015 0 1 6.5308800078267497 0.15801600018894288 113142 111716 1426 36030412 35549548 480864
1.9900000000000015 0 1 7.2408960074277156 0.17542400017966903 114022 112596 1426 36066492 35585628 480864
2.0000000000000013 0 1 5.2247040062615158 0.12641280015115711 114982 113556 1426 36105852 35624988 480864
2.0100000000000011 0 1 3.0477439839594149 0.073740799612400001 115542 114116 1426 36128812 35647948 480864
2.0200000000000009 0 1 4.3566355769578502 0.10541188944311 116342 114916 1426 36161612 35680748 480864
2.0300000000000007 0 1 6.0955610478786912 0.14748342622379654 117462 116036 1426 36207532 35726668 480864
2.0400000000000005 0 1 2.1769599885424391 0.052671999723142862 117862 116436 1426 36223932 35743068 480864
2.0500000000000003 0 1 4.7893119747933666 0.11587839939091429 118742 117316 1426 36260012 35779148 480864
2.0600000000000001 0 1 4.7893119747933666 0.11587839939091429 119622 118196 1426 36296092 35815228 480864
2.0699999999999998 0 1 3.0477439839594149 0.073740799612400001 120182 118756 1426 36319052 35838188 480864
2.0799999999999996 0 1 2.1769599885424391 0.052671999723142862 120582 119156 1426 36335452 35854588 480864
2.0899999999999994 0 1 4.3539199770848782 0.10534399944628572 121382 119956 1426 36368252 35887388 480864
2.0999999999999992 0 1 3.4831359816679028 0.084275199557028571 122022 120596 1426 36394492 35913628 480864
2.109999999999999 0 1 5.916750130204333 0.1433389592790521 122902 121476 1426 36430572 35949708 480864
2.1199999999999988 0 1 7767.2930848762053 14.283704168004656 124395 122944 1426 37306974 36801360 480864
2.1299999999999986 0 1 31584.258894144081 42.322331025429449 126058 124590 1426 38573744 38051300 480864
2.1399999999999983 0 1 43527.809129419853 82.672807466483519 127978 126552 1426 39555912 39075048 480864
2.1499999999999981 0 1 196.94356125881919 0.47447078225256634 128759 127330 1426 39799560 39315726 480864
2.1599999999999979 0 1 33322.830351272751 75.390659849810689 131690 130027 1426 41116420 40565086 480864
2.1699999999999977 0 1 87129.58878379433 137.36267913132733 133680 132079 1426 42395648 41815556 480864
2.1799999999999975 0 1 110782.52158873988 179.2737186119962 135746 134099 1511 43677992 43065640 489100
2.1899999999999973 0 1 29373.635327377167 56.85319348409751 136640 135129 1511 43920850 43431750 489100
2.1999999999999971 0 1 16494.389314527627 28.961273375087821 138818 137272 1511 44862350 44338600 489100
2.2099999999999969 0 1 55173.276258919424 91.652171101225207 140958 139378 1511 46145830 45588420 489100
2.2199999999999966 0 1 77396.902898604283 118.64197711379454 142928 141254 1511 47412850 46838300 489100
2.2299999999999964 0 1 23268.554808108827 37.973471471878341 143936 142425 1511 47726840 47237740 489100
2.2399999999999962 0 1 3.0477439839594149 0.073740799612400001 144496 142985 1511 47749800 47260700 489100
2.249999999999996 0 1 6.8055039700426816 0.16488959927470145 145296 143785 1511 47782600 47293500 489100
2.2599999999999958 0 1 4.3539199770848782 0.10534399944628572 146096 144585 1511 47815400 47326300 489100
2.2699999999999956 0 1 7.5954324434165894 0.18398447911507745 147216 145705 1511 47861320 47372220 489100
2.2799999999999954 0 1 3.0477439839594149 0.073740799612400001 147776 146265 1511 47884280 47395180 489100
2.2899999999999952 0 1 4.3539199770848782 0.10534399944628572 148576 147065 1511 47917080 47427980 489100
2.2999999999999949 0 1 6.0845753232437314 0.14722177435158337 149693 148180 1511 47962874 47473690 489100
2.3099999999999947 0 1 51742.279695280624 66.421888972783577 151230 149363 1511 48947368 48108676 489100
2.3199999999999945 0 1 437742.69918822771 463.23666844588161 153475 150651 2432 50711550 49359122 1042166
2.3299999999999943 0 1 126163.65531431246 214.49385124742321 155265 152536 2559 51822018 50606296 1047422
2.3399999999999941 0 1 178576.25791063829 243.06744042951024 157019 154183 2559 53102958 51857226 1047422
2.3499999999999939 0 1 229338.46456329522 339.39030670072748 159222 156089 2809 54433314 53106498 1080078
2.3599999999999937 0 1 120404.18644206866 197.36199616660051 161133 158062 2809 55544448 54356830 1080078
2.3699999999999934 0 1 131819.56755484708 249.04712952908278 163441 160491 2809 56826620 55606952 1080078
2.3799999999999932 0 1 155131.28881110626 226.67769356774937 165426 162214 2809 58108490 56857202 1080078
2.389999999999993 0 1 174418.16806558523 315.25364730941709 167799 164481 2974 59318960 58106982 1099178
2.3999999999999928 0 1 50235.171681925742 106.79574392962601 169980 166748 3015 60529744 59356404 1102750
2.4099999999999926 0 1 97519.607357926536 138.02451539692814 171784 168619 3015 61858284 60607034 1102750
2.4199999999999924 0 1 290055.49933306186 387.95907452810013 174152 170201 3596 63291564 61857184 1234770
2.4299999999999922 0 1 45463.317870327621 75.684059425487121 175728 172114 3596 64359010 63106420 1234770
2.439999999999992 0 1 82170.926670377623 116.99868991583524 177733 173914 3596 65736600 64356980 1234770
2.4499999999999917 0 1 161629.39543298146 278.70905079899126 179944 176020 3596 67014450 65606800 1234770
2.4599999999999915 0 1 184021.0438876932 265.80477258832019 181687 177896 3596 68284500 66856680 1234770
2.4699999999999913 0 1 207067.71863460977 246.46264860377022 183204 179389 3596 69558570 68106990 1234770
2.4799999999999911 0 1 232334.05269404218 342.56872208519434 185108 181111 3596 70836170 69356250 1234770
2.4899999999999909 0 1 252400.99110788124 396.10199389194611 187160 183064 3677 72108450 70606440 1246648
2.4999999999999907 0 1 135655.96999446815 221.25891258202395 188863 185061 3677 73227416 71857018 1246648
2.5099999999999905 0 1 144657.63434933979 226.54790367662321 190942 186939 3677 74524526 73106978 1246648
2.5199999999999902 0 1 252191.35152255019 363.76462343406729 193140 188841 3928 76017266 74356940 1368956
2.52999999999999 0 1 69040.880949206301 114.9231126769172 194146 190218 3928 76367642 74998686 1368956
2.5399999999999898 0 1 58248.832706964313 82.651547983997304 195963 191925 3928 77559112 76081256 1368956
2.5499999999999896 0 1 130624.99874997263 178.78022549631376 197806 193571 3928 78852242 77331196 1368956
2.5599999999999894 0 1 166104.14258584409 276.32597127939357 199946 195600 3928 80135722 78580706 1368956
2.5699999999999892 0 1 186707.0892634246 323.35498360313431 202106 197772 3946 81361182 79831318 1373504
2.579999999999989 0 1 205223.46925784092 324.37629856394778 204568 199889 4244 82876260 81080766 1501518
2.5899999999999888 0 1 116636.90786489067 184.85511622641221 206390 202081 4261 83881412 82330716 1503176
2.5999999999999885 0 1 77835.839766698104 90.42423614692845 207961 203497 4261 85208942 83580716 1503176
2.6099999999999883 0 1 178873.49545380307 301.37751338942712 210043 205533 4262 86510922 84831454 1503218
2.6199999999999881 0 1 180432.53317167907 325.88578833557358 212328 207777 4280 87699832 86081244 1511558
2.6299999999999879 0 1 141977.11196529825 252.97027059575592 214538 210048 4280 89050712 87331254 1511558
2.6399999999999877 0 1 237783.46407251566 353.63980782717897 216417 211814 4534 90281004 88581356 1652956
2.6499999999999875 0 1 74000.120492559057 141.44401983533351 218818 214109 4534 91580996 89830710 1652956
2.6599999999999873 0 1 133430.24538720865 196.75475546453976 220781 216062 4534 92917006 91080900 1652956
2.6699999999999871 0 1 219312.36379374596 261.16086492660259 222305 217555 4534 94198006 92331210 1652956
2.6799999999999868 0 1 207615.6737339487 271.05603480848833 223979 219125 4534 95443678 93581180 1652956
2.6899999999999866 0 1 214449.42880681923 338.06835310937123 225944 221035 4582 96661166 94830538 1658738
2.6999999999999864 0 1 157014.2212752534 293.85703479098089 228312 223478 4582 97913404 96081106 1658738
2.7099999999999862 0 1 190941.21434177447 305.8090689203641 230314 225431 4604 99195954 97331296 1664402
2.719999999999986 0 1 195664.18163613009 261.48590801702989 231964 227089 4604 100449990 98580868 1664402
2.7299999999999858 0 1 133935.11553375851 235.71872080506378 234161 229200 4714 101601436 99831276 1677470
2.7399999999999856 0 1 107142.46638016409 130.5436381239835 235697 230769 4714 102894316 101080906 1677470
2.7499999999999853 0 1 156025.08654108146 264.95746201313409 237985 232799 4714 104171826 102331406 1677470
2.7599999999999851 0 1 107623.28618303816 204.67557012190616 239971 235135 4715 105378766 103580516 1678460
2.7699999999999849 0 1 141230.08538457943 221.45157788064 242043 237012 4715 106670846 104831386 1678460
2.7799999999999847 0 1 174675.21775803916 317.89790167353107 244332 239271 4715 107949046 106080836 1678460
2.7899999999999845 0 1 180672.38242772021 292.33239486351459 246533 241379 4741 109275966 107330854 1688082
2.7999999999999843 0 1 286428.641333459 414.14766503660184 248527 243290 5219 110448578 108580688 1865270
2.8099999999999841 0 1 102114.81634209162 134.67207008354384 250693 245330 5219 111838598 109830768 1865270
2.8199999999999839 0 1 123701.67321529707 191.14683759492266 252551 247206 5241 113070008 111079998 1887050
2.8299999999999836 0 1 114082.80532921429 151.17087161241955 254222 248852 5241 114344698 112329938 1887050
2.8399999999999834 0 1 155769.04988813915 245.4191373526121 256300 250729 5241 115642718 113580808 1887050
2.8499999999999832 0 1 166735.10340878635 295.37425004660412 258430 252982 5255 116833804 114830038 1891430
2.859999999999983 0 1 134761.76403810634 206.09590061034729 260348 254938 5255 118125264 116080384 1891430
2.8699999999999828 0 1 125796.13995409924 233.27808865639844 262673 257251 5326 119326438 117330402 1901946
2.8799999999999826 0 1 200827.4233184288 273.00786078582087 264856 259128 5326 120880248 118580322 1901946
2.8899999999999824 0 1 469480.53797852469 484.90536051160711 266842 260407 5988 122314948 119830398 2117010
2.8999999999999821 0 1 149456.87833999575 212.49128247749445 268396 262070 6200 123261016 121076336 2135860
2.9099999999999819 0 1 81556.015157670437 132.9727230252997 270500 264100 6200 124584776 122326836 2135860
2.9199999999999817 0 1 169037.03208700672 272.13321226501517 272743 266238 6200 125938114 123576224 2135860
2.9299999999999815 0 1 299373.30969046219 401.81334448891903 274653 267885 6354 127297574 124827154 2204796
2.9399999999999813 0 1 228890.81133593828 346.32686860073107 276513 269796 6521 128495030 126077008 2223982
2.9499999999999811 0 1 267741.41011487081 367.77232573623672 278605 271506 6600 129932724 127326304 2252870
2.9599999999999809 0 1 278160.6573115082 410.54113600229061 280356 273321 6718 131042800 128576572 2303296
2.9699999999999807 0 1 63163.9110161563 124.32249020981139 282174 275382 6718 132203436 129826880 2303296
2.9799999999999804 0 1 115827.33957955973 151.02224204968275 283986 277028 6718 133540846 131076820 2303296
2.9899999999999802 0 1 195359.91154998323 330.57920257289413 286282 279195 6738 134901896 132326274 2306032
2.99999999999998 0 1 348156.40076135774 461.71086290137555 288739 2806