0 0 1 0 0 0 0 0 0 0 0
0.01 0 1 0.0 0.0 0 0 0 0 0 0
0.02 0 1 0.0 0.0 0 0 0 0 0 0
0.029999999999999999 0 1 0.0 0.0 0 0 0 0 0 0
0.040000000000000001 0 1 0.0 0.0 0 0 0 0 0 0
0.050000000000000003 0 1 0.0 0.0 0 0 0 0 0 0
0.060000000000000005 0 1 0.0 0.0 0 0 0 0 0 0
0.070000000000000007 0 1 0.0 0.0 0 0 0 0 0 0
0.080000000000000002 0 1 0.0 0.0 0 0 0 0 0 0
0.089999999999999997 0 1 0.0 0.0 0 0 0 0 0 0
0.099999999999999992 0 1 0.0 0.0 0 0 0 0 0 0
0.10999999999999999 0 1 0.0 0.0 0 0 0 0 0 0
0.11999999999999998 0 1 0.0 0.0 0 0 0 0 0 0
0.12999999999999998 0 1 0.0 0.0 0 0 0 0 0 0
0.13999999999999999 0 1 0.0 0.0 0 0 0 0 0 0
0.14999999999999999 0 1 0.0 0.0 0 0 0 0 0 0
0.16 0 1 0.0 0.0 0 0 0 0 0 0
0.17000000000000001 0 1 0.0 0.0 0 0 0 0 0 0
0.18000000000000002 0 1 0.0 0.0 0 0 0 0 0 0
0.19000000000000003 0 1 0.0 0.0 0 0 0 0 0 0
0.20000000000000004 0 1 0.0 0.0 0 0 0 0 0 0
0.21000000000000005 0 1 0.0 0.0 0 0 0 0 0 0
0.22000000000000006 0 1 0.0 0.0 0 0 0 0 0 0
0.23000000000000007 0 1 0.0 0.0 0 0 0 0 0 0
0.24000000000000007 0 1 0.0 0.0 0 0 0 0 0 0
0.25000000000000006 0 1 0.0 0.0 0 0 0 0 0 0
0.26000000000000006 0 1 0.0 0.0 0 0 0 0 0 0
0.27000000000000007 0 1 0.0 0.0 0 0 0 0 0 0
0.28000000000000008 0 1 0.0 0.0 0 0 0 0 0 0
0.29000000000000009 0 1 0.0 0.0 0 0 0 0 0 0
0.3000000000000001 0 1 0.0 0.0 0 0 0 0 0 0
0.31000000000000011 0 1 0.0 0.0 0 0 0 0 0 0
0.32000000000000012 0 1 0.0 0.0 0 0 0 0 0 0
0.33000000000000013 0 1 0.0 0.0 0 0 0 0 0 0
0.34000000000000014 0 1 0.0 0.0 0 0 0 0 0 0
0.35000000000000014 0 1 0.0 0.0 0 0 0 0 0 0
0.36000000000000015 0 1 0.0 0.0 0 0 0 0 0 0
0.37000000000000016 0 1 0.0 0.0 0 0 0 0 0 0
0.38000000000000017 0 1 0.0 0.0 0 0 0 0 0 0
0.39000000000000018 0 1 0.0 0.0 0 0 0 0 0 0
0.40000000000000019 0 1 0.0 0.0 0 0 0 0 0 0
0.4100000000000002 0 1 0.0 0.0 0 0 0 0 0 0
0.42000000000000021 0 1 0.0 0.0 0 0 0 0 0 0
0.43000000000000022 0 1 0.0 0.0 0 0 0 0 0 0
0.44000000000000022 0 1 0.0 0.0 0 0 0 0 0 0
0.45000000000000023 0 1 0.0 0.0 0 0 0 0 0 0
0.46000000000000024 0 1 0.0 0.0 0 0 0 0 0 0
0.47000000000000025 0 1 0.0 0.0 0 0 0 0 0 0
0.48000000000000026 0 1 0.0 0.0 0 0 0 0 0 0
0.49000000000000027 0 1 0.0 0.0 0 0 0 0 0 0
0.50000000000000022 0 1 0.0 0.0 0 0 0 0 0 0
0.51000000000000023 0 1 0.0 0.0 0 0 0 0 0 0
0.52000000000000024 0 1 0.0 0.0 0 0 0 0 0 0
0.53000000000000025 0 1 0.0 0.0 0 0 0 0 0 0
0.54000000000000026 0 1 0.0 0.0 0 0 0 0 0 0
0.55000000000000027 0 1 0.0 0.0 0 0 0 0 0 0
0.56000000000000028 0 1 0.0 0.0 0 0 0 0 0 0
0.57000000000000028 0 1 0.0 0.0 0 0 0 0 0 0
0.58000000000000029 0 1 0.0 0.0 0 0 0 0 0 0
0.5900000000000003 0 1 0.0 0.0 0 0 0 0 0 0
0.60000000000000031 0 1 0.0 0.0 0 0 0 0 0 0
0.61000000000000032 0 1 0.0 0.0 0 0 0 0 0 0
0.62000000000000033 0 1 0.0 0.0 0 0 0 0 0 0
0.63000000000000034 0 1 0.0 0.0 0 0 0 0 0 0
0.64000000000000035 0 1 0.0 0.0 0 0 0 0 0 0
0.65000000000000036 0 1 0.0 0.0 0 0 0 0 0 0
0.66000000000000036 0 1 0.0 0.0 0 0 0 0 0 0
0.67000000000000037 0 1 0.0 0.0 0 0 0 0 0 0
0.68000000000000038 0 1 0.0 0.0 0 0 0 0 0 0
0.69000000000000039 0 1 0.0 0.0 0 0 0 0 0 0
0.7000000000000004 0 1 0.0 0.0 0 0 0 0 0 0
0.71000000000000041 0 1 0.0 0.0 0 0 0 0 0 0
0.72000000000000042 0 1 0.0 0.0 0 0 0 0 0 0
0.73000000000000043 0 1 0.0 0.0 0 0 0 0 0 0
0.74000000000000044 0 1 0.0 0.0 0 0 0 0 0 0
0.75000000000000044 0 1 0.0 0.0 0 0 0 0 0 0
0.76000000000000045 0 1 0.0 0.0 0 0 0 0 0 0
0.77000000000000046 0 1 0.0 0.0 0 0 0 0 0 0
0.78000000000000047 0 1 0.0 0.0 0 0 0 0 0 0
0.79000000000000048 0 1 0.0 0.0 0 0 0 0 0 0
0.80000000000000049 0 1 0.0 0.0 0 0 0 0 0 0
0.8100000000000005 0 1 0.0 0.0 0 0 0 0 0 0
0.82000000000000051 0 1 0.0 0.0 0 0 0 0 0 0
0.83000000000000052 0 1 0.0 0.0 0 0 0 0 0 0
0.84000000000000052 0 1 0.0 0.0 0 0 0 0 0 0
0.85000000000000053 0 1 0.0 0.0 0 0 0 0 0 0
0.86000000000000054 0 1 0.0 0.0 0 0 0 0 0 0
0.87000000000000055 0 1 0.0 0.0 0 0 0 0 0 0
0.88000000000000056 0 1 0.0 0.0 0 0 0 0 0 0
0.89000000000000057 0 1 0.0 0.0 0 0 0 0 0 0
0.90000000000000058 0 1 0.0 0.0 0 0 0 0 0 0
0.91000000000000059 0 1 0.0 0.0 0 0 0 0 0 0
0.9200000000000006 0 1 0.0 0.0 0 0 0 0 0 0
0.9300000000000006 0 1 0.0 0.0 0 0 0 0 0 0
0.94000000000000061 0 1 0.0 0.0 0 0 0 0 0 0
0.95000000000000062 0 1 0.0 0.0 0 0 0 0 0 0
0.96000000000000063 0 1 0.0 0.0 0 0 0 0 0 0
0.97000000000000064 0 1 0.0 0.0 0 0 0 0 0 0
0.98000000000000065 0 1 0.0 0.0 0 0 0 0 0 0
0.99000000000000066 0 1 0.0 0.0 0 0 0 0 0 0
1.0000000000000007 0 1 0.0 0.0 0 0 0 0 0 0
1.0100000000000007 0 1 1.7415680020871334 0.04213760005038477 440 440 0 18000 18000 0
1.0200000000000007 0 1 6.1595105674919051 0.14907256418101852 1560 1560 0 63920 63920 0
1.0300000000000007 0 1 7.6762880079494984 0.18595840019226523 2520 2520 0 103280 103280 0
1.0400000000000007 0 1 3.0477440036524834 0.073740800088173339 3080 3080 0 126240 126240 0
1.0500000000000007 0 1 4.7893120057396166 0.11587840013855812 3960 3960 0 162320 162320 0
1.0600000000000007 0 1 3.0477440036524834 0.073740800088173339 4520 4520 0 185280 185280 0
1.0700000000000007 0 1 4.3539200052178337 0.10534400012596191 5320 5320 0 218080 218080 0
1.0800000000000007 0 1 5.2247040062614003 0.1264128001511543 6280 6280 0 257440 257440 0
1.0900000000000007 0 1 5.2247040062614003 0.1264128001511543 7240 7240 0 296800 296800 0
1.1000000000000008 0 1 5.2247040062614003 0.1264128001511543 8200 8200 0 336160 336160 0
1.1100000000000008 0 1 8.9824640095148496 0.2175616002300538 9400 9400 0 385360 385360 0
1.1200000000000008 0 1 7.6762880079494984 0.18595840019226523 10360 10360 0 424720 424720 0
1.1300000000000008 0 1 9.8532480105584153 0.23863040025524618 11720 11720 0 480480 480480 0
1.1400000000000008 0 1 4.7893120057396166 0.11587840013855812 12600 12600 0 516560 516560 0
1.1500000000000008 0 1 2.1769600026089169 0.052672000062980957 13000 13000 0 532960 532960 0
1.1600000000000008 0 1 4.7893120057396166 0.11587840013855812 13880 13880 0 569040 569040 0
1.1700000000000008 0 1 6.8055040069059318 0.16488960016707285 14680 14680 0 601840 601840 0
1.1800000000000008 0 1 2.6123520031307002 0.063206400075577152 15160 15160 0 621520 621520 0
1.1900000000000008 0 1 3.91852800469605 0.094809600113365727 15880 15880 0 651040 651040 0
1.2000000000000008 0 1 4.7893120057396166 0.11587840013855812 16760 16760 0 687120 687120 0
1.2100000000000009 0 1 4.3539200052178337 0.10534400012596191 17560 17560 0 719920 719920 0
1.2200000000000009 0 1 10.288640011080199 0.24916480026784238 19000 19000 0 778960 778960 0
1.2300000000000009 0 1 2.6123520031307002 0.063206400075577152 19480 19480 0 798640 798640 0
1.2400000000000009 0 1 3.91852800469605 0.094809600113365727 20200 20200 0 828160 828160 0
1.2500000000000009 0 1 3.0477440036524834 0.073740800088173339 20760 20760 0 851120 851120 0
1.2600000000000009 0 1 4.3539200052178337 0.10534400012596191 21560 21560 0 883920 883920 0
1.2700000000000009 0 1 4.3539200052178337 0.10534400012596191 22360 22360 0 916720 916720 0
1.2800000000000009 0 1 6.0954880073049669 0.14748160017634668 23480 23480 0 962640 962640 0
1.2900000000000009 0 1 2.6154215335389952 0.063282258335783881 23985 23984 0 983324 983284 0
1.3000000000000009 0 1 2.1738904722006218 0.052596141802774228 24360 24360 0 998720 998720 0
1.3100000000000009 0 1 5.6600960067831831 0.1369472001637505 25400 25400 0 1041360 1041360 0
1.320000000000001 0 1 4.7893120057396166 0.11587840013855812 26280 26280 0 1077440 1077440 0
1.330000000000001 0 1 2.6123520031307002 0.063206400075577152 26760 26760 0 1097120 1097120 0
1.340000000000001 0 1 3.4831360041742667 0.08427520010076954 27400 27400 0 1123360 1123360 0
1.350000000000001 0 1 4.3539200052178337 0.10534400012596191 28200 28200 0 1156160 1156160 0
1.360000000000001 0 1 3.0477440036524834 0.073740800088173339 28760 28760 0 1179120 1179120 0
1.370000000000001 0 1 4.7893120057396166 0.11587840013855812 29640 29640 0 1215200 1215200 0
1.380000000000001 0 1 3.4831360041742667 0.08427520010076954 30280 30280 0 1241440 1241440 0
1.390000000000001 0 1 3.91852800469605 0.094809600113365727 31000 31000 0 1270960 1270960 0
1.400000000000001 0 1 5.2189197771389262 0.12627508041014301 31958 31957 0 1310236 1310194 0
1.410000000000001 0 1 2.6181362322531743 0.06334411981658844 32440 32440 0 1330000 1330000 0
1.420000000000001 0 1 3.0477440036524834 0.073740800088173339 33000 33000 0 1352960 1352960 0
1.430000000000001 0 1 2.6183949844649201 0.063354960595929322 33507 33505 0 1373726 1373644 0
1.4400000000000011 0 1 7.6702450266152784 0.18580983967191306 34440 34440 0 1412000 1412000 0
1.4500000000000011 0 1 5.2247040062614003 0.1264128001511543 35400 35400 0 1451360 1451360 0
1.4600000000000011 0 1 3.4831360041742667 0.08427520010076954 36040 36040 0 1477600 1477600 0
1.4700000000000011 0 1 6.1301288075397533 0.14847760018230613 37000 37000 0 1516960 1516960 0
1.4800000000000011 0 1 5.6600960067831831 0.1369472001637505 38040 38040 0 1559600 1559600 0
1.4900000000000011 0 1 8.1116800084712821 0.19649280020486143 39080 39080 0 1602240 1602240 0
1.5000000000000011 0 1 6.9299270495037417 0.16768504403856785 40353 40349 0 1654426 1654258 0
1.5100000000000011 0 1 6.4220089656786552 0.1555773563282957 41160 41160 0 1687520 1687520 0
1.5200000000000011 0 1 2.6617811295781979 0.064416295377722699 41680 41675 0 1708820 1708614 0
1.5300000000000011 0 1 2.5629228766832024 0.061996504773431604 42120 42120 0 1726880 1726880 0
1.5400000000000011 0 1 8.1116800084712821 0.19649280020486143 43160 43160 0 1769520 1769520 0
1.5500000000000012 0 1 3.91852800469605 0.094809600113365727 43880 43880 0 1799040 1799040 0
1.5600000000000012 0 1 5.6600960067831831 0.1369472001637505 44920 44920 0 1841680 1841680 0
1.5700000000000012 0 1 3.91852800469605 0.094809600113365727 45640 45640 0 1871200 1871200 0
1.5800000000000012 0 1 3.91852800469605 0.094809600113365727 46360 46360 0 1900720 1900720 0
1.5900000000000012 0 1 4.7893120057396166 0.11587840013855812 47240 47240 0 1936800 1936800 0
1.6000000000000012 0 1 3.9396595247960651 0.095336288115865836 47960 47960 0 1966320 1966320 0
1.6100000000000012 0 1 8.5470720089930659 0.2070272002174576 49080 49080 0 2012240 2012240 0
1.6200000000000012 0 1 8.5470720089930659 0.2070272002174576 50200 50200 0 2058160 2058160 0
1.6300000000000012 0 1 5.2247040062614003 0.1264128001511543 51160 51160 0 2097520 2097520 0
1.6400000000000012 0 1 4.3539200052178337 0.10534400012596191 51960 51960 0 2130320 2130320 0
1.6500000000000012 0 1 3.0477440036524834 0.073740800088173339 52520 52520 0 2153280 2153280 0
1.6600000000000013 0 1 5.2247040062614003 0.1264128001511543 53480 53480 0 2192640 2192640 0
1.6700000000000013 0 1 5.6600960067831831 0.1369472001637505 54520 54520 0 2235280 2235280 0
1.6800000000000013 0 1 6.6916723283996165 0.16236992020375304 55160 55160 0 2261520 2261520 0
1.6900000000000013 0 1 1.7415680020871334 0.04213760005038477 55480 55480 0 2274640 2274640 0
1.7000000000000013 0 1 3.0477440036524834 0.073740800088173339 56040 56040 0 2297600 2297600 0
1.7100000000000013 0 1 3.4831360041742667 0.08427520010076954 56680 56680 0 2323840 2323840 0
1.7200000000000013 0 1 6.5308800078267497 0.15801600018894288 57880 57880 0 2373040 2373040 0
1.7300000000000013 0 1 8.9824640095148496 0.2175616002300538 59080 59080 0 2422240 2422240 0
1.7400000000000013 0 1 2.1769600026089169 0.052672000062980957 59480 59480 0 2438640 2438640 0
1.7500000000000013 0 1 3.0302476427438636 0.073324220066539533 60036 60033 0 2461432 2461306 0
1.7600000000000013 0 1 8.0355094089857566 0.19462482021688193 61080 61080 0 2504240 2504240 0
1.7700000000000014 0 1 3.91852800469605 0.094809600113365727 61800 61800 0 2533760 2533760 0
1.7800000000000014 0 1 4.7893120057396166 0.11587840013855812 62680 62680 0 2569840 2569840 0
1.7900000000000014 0 1 8.5470720089930659 0.2070272002174576 63800 63800 0 2615760 2615760 0
1.8000000000000014 0 1 5.6600960067831831 0.1369472001637505 64840 64840 0 2658400 2658400 0
1.8100000000000014 0 1 8.9824640095148496 0.2175616002300538 66040 66040 0 2707600 2707600 0
1.8200000000000014 0 1 6.8055040069059318 0.16488960016707285 66840 66840 0 2740400 2740400 0
1.8300000000000014 0 1 4.3539200052178337 0.10534400012596191 67640 67640 0 2773200 2773200 0
1.8400000000000014 0 1 4.7893120057396166 0.11587840013855812 68520 68520 0 2809280 2809280 0
1.8500000000000014 0 1 6.5308800078267497 0.15801600018894288 69728 69728 0 2858800 2858800 0
1.8600000000000014 0 1 3.0477440036524834 0.073740800088173339 70280 70280 0 2881440 2881440 0
1.8700000000000014 0 1 8.5470720089930659 0.2070272002174576 71400 71400 0 2927360 2927360 0
1.8800000000000014 0 1 3.4831360041742667 0.08427520010076954 72040 72040 0 2953600 2953600 0
1.8900000000000015 0 1 4.3539200052178337 0.10534400012596191 72840 72840 0 2986400 2986400 0
1.9000000000000015 0 1 3.9156940824000195 0.094742125772984048 73559 73558 0 3015878 3015836 0
1.9100000000000015 0 1 6.9910548903743424 0.16934923453568715 74600 74600 0 3058560 3058560 0
1.9200000000000015 0 1 3.0173577864420738 0.073017318726020727 75154 75150 0 3081268 3081100 0
1.9300000000000015 0 1 1.771954219297543 0.042861081412537382 75480 75480 0 3094640 3094640 0
1.9400000000000015 0 1 3.0477440036524834 0.073740800088173339 76040 76040 0 3117600 3117600 0
1.9500000000000015 0 1 5.6600960067831831 0.1369472001637505 77080 77080 0 3160240 3160240 0
1.9600000000000015 0 1 4.3539200052178337 0.10534400012596191 77880 77880 0 3193040 3193040 0
1.9700000000000015 0 1 4.7893120057396166 0.11587840013855812 78760 78760 0 3229120 3229120 0
1.9800000000000015 0 1 6.5308800078267497 0.15801600018894288 79960 79960 0 3278320 3278320 0
1.9900000000000015 0 1 7.2408960074277156 0.17542400017966903 80840 80840 0 3314400 3314400 0
2.0000000000000013 0 1 5.2247040062615158 0.12641280015115711 81800 81800 0 3353760 3353760 0
2.0100000000000011 0 1 3.0477439839594149 0.073740799612400001 82360 82360 0 3376720 3376720 0
2.0200000000000009 0 1 4.3566355769578502 0.10541188944311 83160 83160 0 3409520 3409520 0
2.0300000000000007 0 1 6.0955610478786912 0.14748342622379654 84280 84280 0 3455440 3455440 0
2.0400000000000005 0 1 2.1769599885424391 0.052671999723142862 84680 84680 0 3471840 3471840 0
2.0500000000000003 0 1 4.7893119747933666 0.11587839939091429 85560 85560 0 3507920 3507920 0
2.0600000000000001 0 1 4.7893119747933666 0.11587839939091429 86440 86440 0 3544000 3544000 0
2.0699999999999998 0 1 3.0477439839594149 0.073740799612400001 87000 87000 0 3566960 3566960 0
2.0799999999999996 0 1 2.1769599885424391 0.052671999723142862 87400 87400 0 3583360 3583360 0
2.0899999999999994 0 1 4.3539199770848782 0.10534399944628572 88200 88200 0 3616160 3616160 0
2.0999999999999992 0 1 3.4831359816679028 0.084275199557028571 88840 88840 0 3642400 3642400 0
2.109999999999999 0 1 5.916750130204333 0.1433389592790521 89720 89720 0 3678480 3678480 0
2.1199999999999988 0 1 3.4831359816679028 0.084275199557028571 90360 90360 0 3704720 3704720 0
2.1299999999999986 0 1 2.1769599885424391 0.052671999723142862 90760 90760 0 3721120 3721120 0
2.1399999999999983 0 1 5.224703972501854 0.12641279933554286 91720 91720 0 3760480 3760480 0
2.1499999999999981 0 1 3.0477439839594149 0.073740799612400001 92280 92280 0 3783440 3783440 0
2.1599999999999979 0 1 11.842239938953977 0.28685599852216803 93960 93960 0 3852320 3852320 0
2.1699999999999977 0 1 3.9185279793763907 0.094809599501657155 94680 94680 0 3881840 3881840 0
2.1799999999999975 0 1 6.0994380525089174 0.14778687933479123 95480 95480 0 3914640 3914640 0
2.1899999999999973 0 1 5.9347199746257058 0.14382079938544429 96120 96120 0 3940880 3940880 0
2.1999999999999971 0 1 7.88499715881147 0.19093959900376287 97400 97400 0 3993360 3993360 0
2.2099999999999969 0 1 7.2408959677511699 0.17542399921933002 98280 98280 0 4029440 4029440 0
2.2199999999999966 0 1 3.9185279793763907 0.094809599501657155 99000 99000 0 4058960 4058960 0
2.2299999999999964 0 1 3.9185279793763907 0.094809599501657155 99720 99720 0 4088480 4088480 0
2.2399999999999962 0 1 3.0477439839594149 0.073740799612400001 100280 100280 0 4111440 4111440 0
2.249999999999996 0 1 6.8055039700426816 0.16488959927470145 101080 101080 0 4144240 4144240 0
2.2599999999999958 0 1 4.3539199770848782 0.10534399944628572 101880 101880 0 4177040 4177040 0
2.2699999999999956 0 1 7.5954324434165894 0.18398447911507745 103000 103000 0 4222960 4222960 0
2.2799999999999954 0 1 3.0477439839594149 0.073740799612400001 103560 103560 0 4245920 4245920 0
2.2899999999999952 0 1 4.3539199770848782 0.10534399944628572 104360 104360 0 4278720 4278720 0
2.2999999999999949 0 1 6.0845753232437314 0.14722177435158337 105477 105475 0 4324514 4324430 0
2.3099999999999947 0 1 3.0586566286345138 0.074000624485616645 106040 106040 0 4347600 4347600 0
2.3199999999999945 0 1 2.612351986250927 0.063206399667771432 106520 106520 0 4367280 4367280 0
2.3299999999999943 0 1 3.4831359816679028 0.084275199557028571 107160 107160 0 4393520 4393520 0
2.3399999999999941 0 1 2.612351986250927 0.063206399667771432 107640 107640 0 4413200 4413200 0
2.3499999999999939 0 1 11.476799953943374 0.27858079888268311 108520 108520 0 4449280 4449280 0
2.3599999999999937 0 1 4.3539199770848782 0.10534399944628572 109320 109320 0 4482080 4482080 0
2.3699999999999934 0 1 5.6600959702103424 0.13694719928017143 110360 110360 0 4524720 4524720 0
2.3799999999999932 0 1 4.0340890183402118 0.097674625475765303 111080 111080 0 4554240 4554240 0
2.389999999999993 0 1 6.5308799656273182 0.15801599916942857 112280 112280 0 4603440 4603440 0
2.3999999999999928 0 1 7.6762879654596574 0.18595839916395859 113240 113240 0 4642800 4642800 0
2.4099999999999926 0 1 2.612351986250927 0.063206399667771432 113720 113720 0 4662480 4662480 0
2.4199999999999924 0 1 5.224703972501854 0.12641279933554286 114680 114680 0 4701840 4701840 0
2.4299999999999922 0 1 2.612351986250927 0.063206399667771432 115160 115160 0 4721520 4721520 0
2.439999999999992 0 1 3.4831359816679028 0.084275199557028571 115800 115800 0 4747760 4747760 0
2.4499999999999917 0 1 7.6762879654596574 0.18595839916395859 116760 116760 0 4787120 4787120 0
2.4599999999999915 0 1 2.612351986250927 0.063206399667771432 117240 117240 0 4806800 4806800 0
2.4699999999999913 0 1 1.3061759931254635 0.031603199833885716 117480 117480 0 4816640 4816640 0
2.4799999999999911 0 1 3.4831359816679028 0.084275199557028571 118120 118120 0 4842880 4842880 0
2.4899999999999909 0 1 7.8222880454747461 0.18967047916334373 118920 118920 0 4875680 4875680 0
2.4999999999999907 0 1 3.0524671837853332 0.073858879608047948 119480 119480 0 4898640 4898640 0
2.5099999999999905 0 1 4.3539199770848782 0.10534399944628572 120280 120280 0 4931440 4931440 0
2.5199999999999902 0 1 4.3130206148839036 0.10447343939210763 121000 121000 0 4960960 4960960 0
2.52999999999999 0 1 3.4831359816679028 0.084275199557028571 121640 121640 0 4987200 4987200 0
2.5399999999999898 0 1 3.4831359816679028 0.084275199557028571 122280 122280 0 5013440 5013440 0
2.5499999999999896 0 1 3.0477439839594149 0.073740799612400001 122840 122840 0 5036400 5036400 0
2.5599999999999894 0 1 4.7893119747933666 0.11587839939091429 123720 123720 0 5072480 5072480 0
2.5699999999999892 0 1 5.224703972501854 0.12641279933554286 124680 124680 0 5111840 5111840 0
2.579999999999989 0 1 5.224703972501854 0.12641279933554286 125640 125640 0 5151200 5151200 0
2.5899999999999888 0 1 6.8055039700426816 0.16488959927470145 126440 126440 0 5184000 5184000 0
2.5999999999999885 0 1 1.3061759931254635 0.031603199833885716 126680 126680 0 5193840 5193840 0
2.6099999999999883 0 1 4.3539199770848782 0.10534399944628572 127480 127480 0 5226640 5226640 0
2.6199999999999881 0 1 6.7243464434449161 0.16283447911571783 128600 128600 0 5272560 5272560 0
2.6299999999999879 0 1 4.7893119747933666 0.11587839939091429 129480 129480 0 5308640 5308640 0
2.6399999999999877 0 1 3.4831359816679028 0.084275199557028571 130120 130120 0 5334880 5334880 0
2.6499999999999875 0 1 6.7675210833756712 0.16388751911402893 131240 131240 0 5380800 5380800 0
2.6599999999999873 0 1 3.4831359816679028 0.084275199557028571 131880 131880 0 5407040 5407040 0
2.6699999999999871 0 1 1.3061759931254635 0.031603199833885716 132120 132120 0 5416880 5416880 0
2.6799999999999868 0 1 2.1972270051926057 0.053168690296480102 132553 132550 0 5434612 5434490 0
2.6899999999999866 0 1 4.333652960434712 0.10484730887294848 133320 133320 0 5466080 5466080 0
2.6999999999999864 0 1 8.5470719608766341 0.20702719905321573 134440 134440 0 5512000 5512000 0
2.7099999999999862 0 1 3.9185279793763907 0.094809599501657155 135177 135177 0 5542200 5542200 0
2.719999999999986 0 1 2.1769599885424391 0.052671999723142862 135560 135560 0 5557920 5557920 0
2.7299999999999858 0 1 5.6600959702103424 0.13694719928017143 136600 136600 0 5600560 5600560 0
2.7399999999999856 0 1 1.3061759931254635 0.031603199833885716 136840 136840 0 5610400 5610400 0
2.7499999999999853 0 1 5.6600959702103424 0.13694719928017143 137880 137880 0 5653040 5653040 0
2.7599999999999851 0 1 4.3539199770848782 0.10534399944628572 138680 138680 0 5685840 5685840 0
2.7699999999999849 0 1 4.3539199770848782 0.10534399944628572 139480 139480 0 5718640 5718640 0
2.7799999999999847 0 1 5.6600959702103424 0.13694719928017143 140520 140520 0 5761280 5761280 0
2.7899999999999845 0 1 4.7950884546211681 0.11602281138660933 141400 141400 0 5797360 5797360 0
2.7999999999999843 0 1 4.3539199770848782 0.10534399944628572 142216 142216 0 5830800 5830800 0
2.8099999999999841 0 1 4.4404415762714207 0.10749103942595768 143000 143000 0 5862960 5862960 0
2.8199999999999839 0 1 3.4831359816679028 0.084275199557028571 143640 143640 0 5889200 5889200 0
2.8299999999999836 0 1 2.1769599885424391 0.052671999723142862 144040 144040 0 5905600 5905600 0
2.8399999999999834 0 1 4.3539199770848782 0.10534399944628572 144840 144840 0 5938400 5938400 0
2.8499999999999832 0 1 5.224703972501854 0.12641279933554286 145800 145800 0 5977760 5977760 0
2.859999999999983 0 1 3.4831359816679028 0.084275199557028571 146440 146440 0 6004000 6004000 0
2.8699999999999828 0 1 8.1072909229453263 0.19640835910333251 147560 147560 0 6049920 6049920 0
2.8799999999999826 0 1 3.4831359816679028 0.084275199557028571 148200 148200 0 6076160 6076160 0
2.8899999999999824 0 1 3.0477439839594149 0.073740799612400001 148760 148760 0 6099120 6099120 0
2.8999999999999821 0 1 3.0477439839594149 0.073740799612400001 149320 149320 0 6122080 6122080 0
2.9099999999999819 0 1 4.3539199770848782 0.10534399944628572 150120 150120 0 6154880 6154880 0
2.9199999999999817 0 1 4.7893119747933666 0.11587839939091429 151000 151000 0 6190960 6190960 0
2.9299999999999815 0 1 3.6767172594949997 0.0890964795035495 151560 151560 0 6213920 6213920 0
2.9399999999999813 0 1 3.4831359816679028 0.084275199557028571 152200 152200 0 6240160 6240160 0
2.9499999999999811 0 1 3.4831359816679028 0.084275199557028571 152840 152840 0 6266400 6266400 0
2.9599999999999809 0 1 3.4831359816679028 0.084275199557028571 153483 153483 0 6292760 6292760 0
2.9699999999999807 0 1 3.4831359816679028 0.084275199557028571 154120 154120 0 6318880 6318880 0
2.9799999999999804 0 1 2.612351986250927 0.063206399667771432 154600 154600 0 6338560 6338560 0
2.9899999999999802 0 1 6.1233654079197093 0.14831263922383858 155560 155560 0 6377920 6377920 0
2.99999999999998 0 1 5.6600959702103424 0.13694719928017143 156600 156600 0 6420560 6420560 0
3.0099999999999798 0 1 5.224703972501854 0.12641279933554286 157560 157560 0 6459920 6459920 0
3.0199999999999796 0 1 2.612351986250927 0.063206399667771432 158040 158040 0 6479600 6479600 0
3.0299999999999794 0 1 7.6762879654596574 0.18595839916395859 159000 159000 0 6518960 6518960 0
3.0399999999999792 0 1 2.1769599885424391 0.052671999723142862 159400 159400 0 6535360 6535360 0
3.049999999999979 0 1 5.224703972501854 0.12641279933554286 160360 160360 0 6574720 6574720 0
3.0599999999999787 0 1 2.1769599885424391 0.052671999723142862 160760 160760 0 6591120 6591120 0
3.0699999999999785 0 1 10.563263956125949 0.25603839893700286 161800 161800 0 6633760 6633760 0
3.0799999999999783 0 1 2.612351986250927 0.063206399667771432 162280 162280 0 6653440 6653440 0
3.0899999999999781 0 1 6.0954879679188299 0.1474815992248 163400 163400 0 6699360 6699360 0
3.0999999999999779 0 1 5.6600959702103424 0.13694719928017143 164440 164440 0 6742000 6742000 0
3.1099999999999777 0 1 3.4831359816679028 0.084275199557028571 165080 165080 0 6768240 6768240 0
3.1199999999999775 0 1 1.7415679908339514 0.042137599778514286 165400 165400 0 6781360 6781360 0
3.1299999999999772 0 1 6.3701119723341941 0.15435519933007288 166120 166120 0 6810880 6810880 0
3.139999999999977 0 1 9.4178559562936091 0.22809599894247287 167400 167400 0 6863360 686