0 0 1 0 0 0 0 0 0 0 0
0.01 0 1 0.0 0.0 0 0 0 0 0 0
0.02 0 1 0.0 0.0 0 0 0 0 0 0
0.029999999999999999 0 1 0.0 0.0 0 0 0 0 0 0
0.040000000000000001 0 1 0.0 0.0 0 0 0 0 0 0
0.050000000000000003 0 1 0.0 0.0 0 0 0 0 0 0
0.060000000000000005 0 1 0.0 0.0 0 0 0 0 0 0
0.070000000000000007 0 1 0.0 0.0 0 0 0 0 0 0
0.080000000000000002 0 1 0.0 0.0 0 0 0 0 0 0
0.089999999999999997 0 1 0.0 0.0 0 0 0 0 0 0
0.099999999999999992 0 1 0.0 0.0 0 0 0 0 0 0
0.10999999999999999 0 1 0.0 0.0 0 0 0 0 0 0
0.11999999999999998 0 1 0.0 0.0 0 0 0 0 0 0
0.12999999999999998 0 1 0.0 0.0 0 0 0 0 0 0
0.13999999999999999 0 1 0.0 0.0 0 0 0 0 0 0
0.14999999999999999 0 1 0.0 0.0 0 0 0 0 0 0
0.16 0 1 0.0 0.0 0 0 0 0 0 0
0.17000000000000001 0 1 0.0 0.0 0 0 0 0 0 0
0.18000000000000002 0 1 0.0 0.0 0 0 0 0 0 0
0.19000000000000003 0 1 0.0 0.0 0 0 0 0 0 0
0.20000000000000004 0 1 0.0 0.0 0 0 0 0 0 0
0.21000000000000005 0 1 0.0 0.0 0 0 0 0 0 0
0.22000000000000006 0 1 0.0 0.0 0 0 0 0 0 0
0.23000000000000007 0 1 0.0 0.0 0 0 0 0 0 0
0.24000000000000007 0 1 0.0 0.0 0 0 0 0 0 0
0.25000000000000006 0 1 0.0 0.0 0 0 0 0 0 0
0.26000000000000006 0 1 0.0 0.0 0 0 0 0 0 0
0.27000000000000007 0 1 0.0 0.0 0 0 0 0 0 0
0.28000000000000008 0 1 0.0 0.0 0 0 0 0 0 0
0.29000000000000009 0 1 0.0 0.0 0 0 0 0 0 0
0.3000000000000001 0 1 0.0 0.0 0 0 0 0 0 0
0.31000000000000011 0 1 0.0 0.0 0 0 0 0 0 0
0.32000000000000012 0 1 0.0 0.0 0 0 0 0 0 0
0.33000000000000013 0 1 0.0 0.0 0 0 0 0 0 0
0.34000000000000014 0 1 0.0 0.0 0 0 0 0 0 0
0.35000000000000014 0 1 0.0 0.0 0 0 0 0 0 0
0.36000000000000015 0 1 0.0 0.0 0 0 0 0 0 0
0.37000000000000016 0 1 0.0 0.0 0 0 0 0 0 0
0.38000000000000017 0 1 0.0 0.0 0 0 0 0 0 0
0.39000000000000018 0 1 0.0 0.0 0 0 0 0 0 0
0.40000000000000019 0 1 0.0 0.0 0 0 0 0 0 0
0.4100000000000002 0 1 0.0 0.0 0 0 0 0 0 0
0.42000000000000021 0 1 0.0 0.0 0 0 0 0 0 0
0.43000000000000022 0 1 0.0 0.0 0 0 0 0 0 0
0.44000000000000022 0 1 0.0 0.0 0 0 0 0 0 0
0.45000000000000023 0 1 0.0 0.0 0 0 0 0 0 0
0.46000000000000024 0 1 0.0 0.0 0 0 0 0 0 0
0.47000000000000025 0 1 0.0 0.0 0 0 0 0 0 0
0.48000000000000026 0 1 0.0 0.0 0 0 0 0 0 0
0.49000000000000027 0 1 0.0 0.0 0 0 0 0 0 0
0.50000000000000022 0 1 0.0 0.0 0 0 0 0 0 0
0.51000000000000023 0 1 0.0 0.0 0 0 0 0 0 0
0.52000000000000024 0 1 0.0 0.0 0 0 0 0 0 0
0.53000000000000025 0 1 0.0 0.0 0 0 0 0 0 0
0.54000000000000026 0 1 0.0 0.0 0 0 0 0 0 0
0.55000000000000027 0 1 0.0 0.0 0 0 0 0 0 0
0.56000000000000028 0 1 0.0 0.0 0 0 0 0 0 0
0.57000000000000028 0 1 0.0 0.0 0 0 0 0 0 0
0.58000000000000029 0 1 0.0 0.0 0 0 0 0 0 0
0.5900000000000003 0 1 0.0 0.0 0 0 0 0 0 0
0.60000000000000031 0 1 0.0 0.0 0 0 0 0 0 0
0.61000000000000032 0 1 0.0 0.0 0 0 0 0 0 0
0.62000000000000033 0 1 0.0 0.0 0 0 0 0 0 0
0.63000000000000034 0 1 0.0 0.0 0 0 0 0 0 0
0.64000000000000035 0 1 0.0 0.0 0 0 0 0 0 0
0.65000000000000036 0 1 0.0 0.0 0 0 0 0 0 0
0.66000000000000036 0 1 0.0 0.0 0 0 0 0 0 0
0.67000000000000037 0 1 0.0 0.0 0 0 0 0 0 0
0.68000000000000038 0 1 0.0 0.0 0 0 0 0 0 0
0.69000000000000039 0 1 0.0 0.0 0 0 0 0 0 0
0.7000000000000004 0 1 0.0 0.0 0 0 0 0 0 0
0.71000000000000041 0 1 0.0 0.0 0 0 0 0 0 0
0.72000000000000042 0 1 0.0 0.0 0 0 0 0 0 0
0.73000000000000043 0 1 0.0 0.0 0 0 0 0 0 0
0.74000000000000044 0 1 0.0 0.0 0 0 0 0 0 0
0.75000000000000044 0 1 0.0 0.0 0 0 0 0 0 0
0.76000000000000045 0 1 0.0 0.0 0 0 0 0 0 0
0.77000000000000046 0 1 0.0 0.0 0 0 0 0 0 0
0.78000000000000047 0 1 0.0 0.0 0 0 0 0 0 0
0.79000000000000048 0 1 0.0 0.0 0 0 0 0 0 0
0.80000000000000049 0 1 0.0 0.0 0 0 0 0 0 0
0.8100000000000005 0 1 0.0 0.0 0 0 0 0 0 0
0.82000000000000051 0 1 0.0 0.0 0 0 0 0 0 0
0.83000000000000052 0 1 0.0 0.0 0 0 0 0 0 0
0.84000000000000052 0 1 0.0 0.0 0 0 0 0 0 0
0.85000000000000053 0 1 0.0 0.0 0 0 0 0 0 0
0.86000000000000054 0 1 0.0 0.0 0 0 0 0 0 0
0.87000000000000055 0 1 0.0 0.0 0 0 0 0 0 0
0.88000000000000056 0 1 0.0 0.0 0 0 0 0 0 0
0.89000000000000057 0 1 0.0 0.0 0 0 0 0 0 0
0.90000000000000058 0 1 0.0 0.0 0 0 0 0 0 0
0.91000000000000059 0 1 0.0 0.0 0 0 0 0 0 0
0.9200000000000006 0 1 0.0 0.0 0 0 0 0 0 0
0.9300000000000006 0 1 0.0 0.0 0 0 0 0 0 0
0.94000000000000061 0 1 0.0 0.0 0 0 0 0 0 0
0.95000000000000062 0 1 0.0 0.0 0 0 0 0 0 0
0.96000000000000063 0 1 0.0 0.0 0 0 0 0 0 0
0.97000000000000064 0 1 0.0 0.0 0 0 0 0 0 0
0.98000000000000065 0 1 0.0 0.0 0 0 0 0 0 0
0.99000000000000066 0 1 0.0 0.0 0 0 0 0 0 0
1.0000000000000007 0 1 0.0 0.0 0 0 0 0 0 0
1.0100000000000007 0 1 1.7415680020871334 0.04213760005038477 440 440 0 18000 18000 0
1.0200000000000007 0 1 6.1595105674919051 0.14907256418101852 1560 1560 0 63920 63920 0
1.0300000000000007 0 1 7.6762880079494984 0.18595840019226523 2520 2520 0 103280 103280 0
1.0400000000000007 0 1 3.0477440036524834 0.073740800088173339 3080 3080 0 126240 126240 0
1.0500000000000007 0 1 4.7893120057396166 0.11587840013855812 3960 3960 0 162320 162320 0
1.0600000000000007 0 1 3.0477440036524834 0.073740800088173339 4520 4520 0 185280 185280 0
1.0700000000000007 0 1 4.3539200052178337 0.10534400012596191 5320 5320 0 218080 218080 0
1.0800000000000007 0 1 5.2247040062614003 0.1264128001511543 6280 6280 0 257440 257440 0
1.0900000000000007 0 1 5.2247040062614003 0.1264128001511543 7240 7240 0 296800 296800 0
1.1000000000000008 0 1 5.2247040062614003 0.1264128001511543 8200 8200 0 336160 336160 0
1.1100000000000008 0 1 8.9824640095148496 0.2175616002300538 9400 9400 0 385360 385360 0
1.1200000000000008 0 1 7.6762880079494984 0.18595840019226523 10360 10360 0 424720 424720 0
1.1300000000000008 0 1 9.8532480105584153 0.23863040025524618 11720 11720 0 480480 480480 0
1.1400000000000008 0 1 4.7893120057396166 0.11587840013855812 12600 12600 0 516560 516560 0
1.1500000000000008 0 1 2.1769600026089169 0.052672000062980957 13000 13000 0 532960 532960 0
1.1600000000000008 0 1 4.7893120057396166 0.11587840013855812 13880 13880 0 569040 569040 0
1.1700000000000008 0 1 6.8055040069059318 0.16488960016707285 14680 14680 0 601840 601840 0
1.1800000000000008 0 1 2.6123520031307002 0.063206400075577152 15160 15160 0 621520 621520 0
1.1900000000000008 0 1 3.91852800469605 0.094809600113365727 15880 15880 0 651040 651040 0
1.2000000000000008 0 1 4.7893120057396166 0.11587840013855812 16760 16760 0 687120 687120 0
1.2100000000000009 0 1 4.3539200052178337 0.10534400012596191 17560 17560 0 719920 719920 0
1.2200000000000009 0 1 10.288640011080199 0.24916480026784238 19000 19000 0 778960 778960 0
1.2300000000000009 0 1 2.6123520031307002 0.063206400075577152 19480 19480 0 798640 798640 0
1.2400000000000009 0 1 3.91852800469605 0.094809600113365727 20200 20200 0 828160 828160 0
1.2500000000000009 0 1 3.0477440036524834 0.073740800088173339 20760 20760 0 851120 851120 0
1.2600000000000009 0 1 4.3539200052178337 0.10534400012596191 21560 21560 0 883920 883920 0
1.2700000000000009 0 1 4.3539200052178337 0.10534400012596191 22360 22360 0 916720 916720 0
1.2800000000000009 0 1 53.138852783808808 0.74835813811695506 23993 23993 0 1468610 1468610 0
1.2900000000000009 0 1 40.102753937285804 0.53791426863023473 25225 25224 0 2209024 2208984 0
1.3000000000000009 0 1 20.743391032809935 0.2855683117907179 26363 26363 0 2979790 2979790 0
1.3100000000000009 0 1 39.229524449686934 0.61028258293018778 27980 27980 0 3593660 3593660 0
1.320000000000001 0 1 41.381724052579969 0.69507744417469586 29432 29432 0 4196020 4196020 0
1.330000000000001 0 1 17.469170823490185 0.29100719038079842 30442 30442 0 4740400 4740400 0
1.340000000000001 0 1 34.814237871230851 0.57782738665048627 31667 31667 0 5345790 5345790 0
1.350000000000001 0 1 37.220627062487978 0.57574479419040203 32992 32992 0 5898340 5898340 0
1.360000000000001 0 1 28.585674706479988 0.49581436263523804 34096 34096 0 6459860 6459860 0
1.370000000000001 0 1 36.937736729706849 0.62475688592069589 35500 35500 0 7014700 7014700 0
1.380000000000001 0 1 35.313850359954927 0.53082298028415087 36751 36751 0 7645830 7645830 0
1.390000000000001 0 1 40.985858102783418 0.63386628825632341 38080 38080 0 8278260 8278260 0
1.400000000000001 0 1 39.799124118897446 0.71496684447422898 39596 39572 0 8871854 8870852 0
1.410000000000001 0 1 17.544543958011644 0.2527393421160482 40647 40647 0 9453030 9453030 0
1.420000000000001 0 1 20.344216841232601 0.34223467312102213 41783 41783 0 10046230 10046230 0
1.430000000000001 0 1 27.079313232732648 0.4771024511623474 42836 42834 0 10607536 10607454 0
1.4400000000000011 0 1 54.936735203569761 0.92361522609147795 44348 44348 0 11219020 11219020 0
1.4500000000000011 0 1 55.550556450940157 0.85166797841995578 45929 45929 0 11872520 11872520 0
1.4600000000000011 0 1 3.4831360041742667 0.08427520010076954 46569 46569 0 11898760 11898760 0
1.4700000000000011 0 1 6.1301288075397533 0.14847760018230613 47529 47529 0 11938120 11938120 0
1.4800000000000011 0 1 5.6600960067831831 0.1369472001637505 48569 48569 0 11980760 11980760 0
1.4900000000000011 0 1 8.1116800084712821 0.19649280020486143 49609 49609 0 12023400 12023400 0
1.5000000000000011 0 1 6.9299270495037417 0.16768504403856785 50882 50878 0 12075586 12075418 0
1.5100000000000011 0 1 6.4220089656786552 0.1555773563282957 51689 51689 0 12108680 12108680 0
1.5200000000000011 0 1 2.6617811295781979 0.064416295377722699 52209 52204 0 12129980 12129774 0
1.5300000000000011 0 1 2.5629228766832024 0.061996504773431604 52649 52649 0 12148040 12148040 0
1.5400000000000011 0 1 8.1116800084712821 0.19649280020486143 53689 53689 0 12190680 12190680 0
1.5500000000000012 0 1 3.91852800469605 0.094809600113365727 54409 54409 0 12220200 12220200 0
1.5600000000000012 0 1 5.6600960067831831 0.1369472001637505 55449 55449 0 12262840 12262840 0
1.5700000000000012 0 1 3.91852800469605 0.094809600113365727 56169 56169 0 12292360 12292360 0
1.5800000000000012 0 1 3.91852800469605 0.094809600113365727 56889 56889 0 12321880 12321880 0
1.5900000000000012 0 1 4.7893120057396166 0.11587840013855812 57769 57769 0 12357960 12357960 0
1.6000000000000012 0 1 3.9396595247960651 0.095336288115865836 58489 58489 0 12387480 12387480 0
1.6100000000000012 0 1 8.5470720089930659 0.2070272002174576 59609 59609 0 12433400 12433400 0
1.6200000000000012 0 1 8.5470720089930659 0.2070272002174576 60729 60729 0 12479320 12479320 0
1.6300000000000012 0 1 5.2247040062614003 0.1264128001511543 61689 61689 0 12518680 12518680 0
1.6400000000000012 0 1 4.3539200052178337 0.10534400012596191 62489 62489 0 12551480 12551480 0
1.6500000000000012 0 1 3.0477440036524834 0.073740800088173339 63049 63049 0 12574440 12574440 0
1.6600000000000013 0 1 5.2247040062614003 0.1264128001511543 64009 64009 0 12613800 12613800 0
1.6700000000000013 0 1 5.6600960067831831 0.1369472001637505 65049 65049 0 12656440 12656440 0
1.6800000000000013 0 1 6.6916723283996165 0.16236992020375304 65689 65689 0 12682680 12682680 0
1.6900000000000013 0 1 1.7415680020871334 0.04213760005038477 66009 66009 0 12695800 12695800 0
1.7000000000000013 0 1 3.0477440036524834 0.073740800088173339 66569 66569 0 12718760 12718760 0
1.7100000000000013 0 1 3.4831360041742667 0.08427520010076954 67209 67209 0 12745000 12745000 0
1.7200000000000013 0 1 6.5308800078267497 0.15801600018894288 68409 68409 0 12794200 12794200 0
1.7300000000000013 0 1 8.9824640095148496 0.2175616002300538 69609 69609 0 12843400 12843400 0
1.7400000000000013 0 1 2.1769600026089169 0.052672000062980957 70009 70009 0 12859800 12859800 0
1.7500000000000013 0 1 63.421677035218451 0.24752791537128149 70914 70868 0 13224302 13221450 0
1.7600000000000013 0 1 220.26534947956159 1.2645918655117316 72763 72762 0 14064060 14063070 0
1.7700000000000014 0 1 219.11972267185712 0.968373180066461 74349 74349 0 14950920 14950920 0
1.7800000000000014 0 1 228.72558119114086 1.0248868710329697 76127 76127 0 15876020 15876020 0
1.7900000000000014 0 1 247.44607066765681 1.562808897812705 78156 78156 0 16821850 16821850 0
1.8000000000000014 0 1 210.15164906211265 1.2789666480495832 80098 80098 0 17757470 17757470 0
1.8100000000000014 0 1 208.52198863392482 1.4900702965236365 82202 82202 0 18701630 18701630 0
1.8200000000000014 0 1 235.81689772733066 1.279834372237908 83914 83914 0 19637310 19637310 0
1.8300000000000014 0 1 232.34644364685965 0.94452084563720806 85620 85620 0 20567050 20567050 0
1.8400000000000014 0 1 237.71171769266653 1.2441284610101844 87416 87416 0 21509970 21509970 0
1.8500000000000014 0 1 210.92525069400207 1.1116636057125309 89536 89531 0 22463320 22463120 0
1.8600000000000014 0 1 168.89273164259563 0.55054947425825462 91010 91009 0 23397790 23396800 0
1.8700000000000014 0 1 236.42699882891216 1.6420782696074261 93029 93029 0 24333720 24333720 0
1.8800000000000014 0 1 191.14616625964942 0.96382937952477121 94587 94586 0 25268780 25267790 0
1.8900000000000015 0 1 204.66458434469871 0.9747195422020507 96298 96298 0 26203470 26203470 0
1.9000000000000015 0 1 199.08480683229496 1.0475158545883536 97922 97880 0 27130796 27129054 0
1.9100000000000015 0 1 216.08851614812696 1.3307789894399613 99866 99866 0 28065550 28065550 0
1.9200000000000015 0 1 156.97439558423625 0.56743598390438466 101339 101285 0 28998068 28995840 0
1.9300000000000015 0 1 134.4540318395895 0.51884491145621725 102587 102587 0 29924220 29924220 0
1.9400000000000015 0 1 185.85379422470984 0.72094341834203424 104061 104061 0 30852040 30852040 0
1.9500000000000015 0 1 239.89293772152953 1.4294184367299665 105998 105998 0 31782710 31782710 0
1.9600000000000015 0 1 187.8735589482215 0.75811158874243767 107717 107717 0 32725320 32725320 0
1.9700000000000015 0 1 236.79997178150163 1.1203189765297763 109504 109504 0 33659330 33659330 0
1.9800000000000015 0 1 147.39463245410204 1.0858303238578273 111431 111431 0 34427610 34427610 0
1.9900000000000015 0 1 11.843637680868591 0.26719560886834226 112427 112427 0 34577880 34577880 0
2.0000000000000013 0 1 5.2247040062615158 0.12641280015115711 113387 113387 0 34617240 34617240 0
2.0100000000000011 0 1 3.0477439839594149 0.073740799612400001 113947 113947 0 34640200 34640200 0
2.0200000000000009 0 1 4.3566355769578502 0.10541188944311 114747 114747 0 34673000 34673000 0
2.0300000000000007 0 1 6.0955610478786912 0.14748342622379654 115867 115867 0 34718920 34718920 0
2.0400000000000005 0 1 2.1769599885424391 0.052671999723142862 116267 116267 0 34735320 34735320 0
2.0500000000000003 0 1 4.7893119747933666 0.11587839939091429 117147 117147 0 34771400 34771400 0
2.0600000000000001 0 1 4.7893119747933666 0.11587839939091429 118027 118027 0 34807480 34807480 0
2.0699999999999998 0 1 3.0477439839594149 0.073740799612400001 118587 118587 0 34830440 34830440 0
2.0799999999999996 0 1 2.1769599885424391 0.052671999723142862 118987 118987 0 34846840 34846840 0
2.0899999999999994 0 1 4.3539199770848782 0.10534399944628572 119787 119787 0 34879640 34879640 0
2.0999999999999992 0 1 3.4831359816679028 0.084275199557028571 120427 120427 0 34905880 34905880 0
2.109999999999999 0 1 5.916750130204333 0.1433389592790521 121307 121307 0 34941960 34941960 0
2.1199999999999988 0 1 18.968934024323985 0.34407798826095637 122301 122301 0 35316760 35316760 0
2.1299999999999986 0 1 18.798653941348721 0.30664398579306018 123280 123280 0 35906370 35906370 0
2.1399999999999983 0 1 43.671231042541471 0.7158562977647317 124798 124798 0 36498150 36498150 0
2.1499999999999981 0 1 23.168079428264715 0.38416206119956375 125929 125929 0 37086400 37086400 0
2.1599999999999979 0 1 82.006287890583764 1.3536699941432428 128144 128144 0 37684930 37684930 0
2.1699999999999977 0 1 33.583374996031175 0.55748946910455588 129447 129447 0 38291620 38291620 0
2.1799999999999975 0 1 47.340108447700082 0.80115857472719587 130786 130786 0 38858030 38858030 0
2.1899999999999973 0 1 42.067324196081401 0.66672171207075337 131992 131992 0 39444610 39444610 0
2.1999999999999971 0 1 65.824025260454263 1.0155413793113903 133831 133831 0 40050500 40050500 0
2.2099999999999969 0 1 39.174772181644485 0.64810561709706382 135267 135267 0 40637020 40637020 0
2.2199999999999966 0 1 32.672036725880623 0.5361535864530812 136544 136544 0 41217970 41217970 0
2.2299999999999964 0 1 38.142357801535823 0.62973362406483446 137852 137852 0 41829610 41829610 0
2.2399999999999962 0 1 21.044134885772262 0.34289828339804829 138935 138935 0 42370340 42370340 0
2.249999999999996 0 1 48.620785488327257 0.71978543542001039 140336 140336 0 42998130 42998130 0
2.2599999999999958 0 1 45.079853346539416 0.68341899199758982 141794 141794 0 43682350 43682350 0
2.2699999999999956 0 1 82.248996955755047 1.1088889893430278 143554 143554 0 44361870 44361870 0
2.2799999999999954 0 1 27.191966356266974 0.47037664764465364 144658 144658 0 44923390 44923390 0
2.2899999999999952 0 1 47.395054839134012 0.72013862009320673 146067 146067 0 45559100 45559100 0
2.2999999999999949 0 1 50.067729351549865 0.77750662316404251 147593 147591 0 46009154 46009070 0
2.3099999999999947 0 1 122.29297947826957 0.38598313155607511 148561 148560 0 46427490 46426500 0
2.3199999999999945 0 1 689.05840066841017 1.4118996630128802 150241 150240 0 47635170 47634180 0
2.3299999999999943 0 1 964.81749501402908 2.084341829589853 152117 152116 0 48885050 48884060 0
2.3399999999999941 0 1 1101.8176087514396 2.0195961678687078 153840 153839 0 50135300 50134310 0
2.3499999999999939 0 1 1124.126765179135 3.3252302208795204 155932 155932 0 51371260 51371260 0
2.3599999999999937 0 1 1183.2553840889793 2.7969633551135837 157959 157958 0 52618790 52617800 0
2.3699999999999934 0 1 1386.626448530084 3.4950828312842876 160217 160216 0 53867250 53866260 0
2.3799999999999932 0 1 1354.332999426709 3.1984770599522667 162169 162168 0 55116450 55115460 0
2.389999999999993 0 1 1530.8411370762715 4.3711438103386557 164577 164575 0 56361570 56359590 0
2.3999999999999928 0 1 1153.6028976133414 3.2462833459620004 166747 166745 0 57598830 57596850 0
2.4099999999999926 0 1 2247.0792716895617 3.6088051398915568 168473 168470 0 58850150 58847180 0
2.4199999999999924 0 1 3289.6595942989861 6.7644827451704632 170656 170653 0 60100280 60097310 0
2.4299999999999922 0 1 3348.2862819778843 5.0891123275353696 172379 172376 0 61350530 61347560 0
2.439999999999992 0 1 3476.3133659185119 5.7821432968468658 174255 174252 0 62600410 62597440 0
2.4499999999999917 0 1 3594.7753996249685 7.255236997416258 176438 176435 0 63850540 63847570 0
2.4599999999999915 0 1 3481.0192811257425 5.1711474425881079 178161 178157 0 65100790 65096830 0
2.4699999999999913 0 1 3419.3937643377421 4.3030063862783434 179653 179650 0 66350110 66347140 0
2.4799999999999911 0 1 3528.1568155722239 5.7760812672558073 181530 181526 0 67600980 67597020 0
2.4899999999999909 0 1 3583.9020806181738 6.7315767747115114 183559 183556 0 68850490 68847520 0
2.4999999999999907 0 1 3515.737615326695 5.71486053894058 185359 185355 0 70101050 70097090 0
2.5099999999999905 0 1 4552.1586770096665 8.1874953476772614 187392 187387 0 71352620 71347670 0
2.5199999999999902 0 1 5605.917502544401 9.7863438394999971 189345 189339 0 72602810 72596870 0
2.52999999999999 0 1 5573.7355833156398 9.2895786114887109 191221 191215 0 73852690 73846750 0
2.5399999999999898 0 1 5557.4419522555008 8.9834673027545584 193097 193092 0 75102570 75097620 0
2.5499999999999896 0 1 5528.3443196754661 8.4226299363992858 194896 194891 0 76352140 76347190 0
2.5599999999999894 0 1 5637.2106019869616 10.174812974080577 197003 196997 0 77602950 77597010 0
2.5699999999999892 0 1 6357.3282758850073 12.06877717617453 199188 199182 0 78853160 78847220 0
2.579999999999989 0 1 7413.1375353790008 13.909602058415279 201375 201328 0 80107250 80096762 0
2.5899999999999888 0 1 7514.281538984731 13.506740039159858 203402 203394 0 81354780 81346860 0
2.5999999999999885 0 1 7358.4030243291809 9.011956282977188 204894 204887 0 82604100 82597170 0
2.6099999999999883 0 1 7642.0502709216889 13.039653541965423 206924 206917 0 83854600 83847670 0
2.6199999999999881 0 1 7775.2783425739417 15.44928425809295 209260 209253 0 85104360 85097430 0
2.6299999999999879 0 1 9198.8365598889122 16.744787855631362 211370 211361 0 86356240 86347330 0
2.6399999999999877 0 1 9610.740708549878 15.136444551138707 213246 213237 0 87606120 87597210 0
2.6499999999999875 0 1 9842.17039542356 19.456582385922843 215583 215573 0 88856870 88846970 0
2.6599999999999873 0 1 5790.8500556806093 9.6563573483281768 217454 217451 0 90100500 90097530 0
2.6699999999999871 0 1 4562.4242776629744 5.7791385698928623 218949 218943 0 91352790 91346850 0
2.6799999999999868 0 1 3923.3085512566636 5.5280158013905583 220596 220566 0 92574582 92573370 0
2.6899999999999866 0 1 1786.1828227600786 4.012764629039852 222582 222579 0 93810010 93807040 0
2.6999999999999864 0 1 3111.7140904548583 7.2083944528907855 224919 224916 0 95060760 95057790 0
2.7099999999999862 0 1 3318.1380271973362 5.8571255184290214 226889 226868 0 96311630 96306990 0
2.719999999999986 0 1 3445.6874791995806 4.9003847487783574 228518 228515 0 97560890 97557920 0
2.7299999999999858 0 1 3633.3190473187551 7.2862158729391835 230778 230774 0 98811330 98807370 0
2.7399999999999856 0 1 3427.3587135942767 4.335499667696622 232270 232267 0 100060650 100057680 0
2.7499999999999853 0 1 3637.6376425300805 7.3554645159533711 234533 234522 0 101314060 101307910 0
2.7599999999999851 0 1 3589.9848313940884 6.6660505576876172 236559 236556 0 102560600 102557630 0
2.7699999999999849 0 1 3584.4383375577818 6.6148213668340086 238589 238585 0 103811100 103807140 0
2.7799999999999847 0 1 3799.8666333653714 7.8364726081430973 240851 240847 0 105061620 105057660 0
2.7899999999999845 0 1 6588.546184825439 12.18031217864745 242962 242955 0 106314490 106307560 0
2.7999999999999843 0 1 7283.9384674645817 12.361495894667659 245008 244984 0 107565630 107557070 0
2.8099999999999841 0 1 6150.3297497367448 11.266953046811929 247020 247015 0 108812860 108807910 0
2.8199999999999839 0 1 5134.5872361917682 8.4023941272419762 248896 248891 0 110062740 110057790 0
2.8299999999999836 0 1 5291.9916192633282 7.3605232765536561 250542 250537 0 111312680 111307730 0
2.8399999999999834 0 1 5598.7174767292718 9.8812068703477589 252572 252566 0 112563180 112557240 0
2.8499999999999832 0 1 5668.872208048926 10.722552208236065 254754 254749 0 113812320 113807370 0
2.859999999999983 0 1 5554.5705200069351 8.8479184348079105 256631 256625 0 115063190 115057250 0
2.8699999999999828 0 1 5925.1138203030623 12.436758475009578 258971 258963 0 116315010 116307090 0
2.8799999999999826 0 1 7494.3943766672537 11.970988230776792 260847 260840 0 117564890 117557960 0
2.8899999999999824 0 1 7521.6138636328151 11.299441809296848 262646 262639 0 118814460 118807530 0
2.8999999999999821 0 1 7542.2792729684561 11.275719196623264 264446 264438 0 120065020 120057100 0
2.9099999999999819 0 1 7641.8997730156971 12.994265072160449 266475 266468 0 121314530 121307600 0
2.9199999999999817 0 1 7690.8282006161062 13.914594051164716 268581 268574 0 122564350 122557420 0
2.9299999999999815 0 1 7551.4633586461932 11.488407100538756 270381 270373 0 123814910 123806990 0
2.9399999999999813 0 1 7488.1332784616625 11.815694351378422 272256 272250 0 125063150 125057210 0
2.9499999999999811 0 1 5496.2883550178449 8.6758145181521655 274135 274078 0 126316000 126307000 0
2.9599999999999809 0 1 5558.1931653718593 8.9244608105449554 276011 276003 0 127563030 127557960 0
2.9699999999999807 0 1 5556.456802717069 8.9122657504741589 277884 277879 0 128812790 128807840 0
2.9799999999999804 0 1 5713.0608470542093 8.2908999704855972 279611 279603 0 130065100 130057180 0
2.9899999999999802 0 1 7640.6906407044016 14.600057327985994 281794 281786 0 131315230 131307310 0
2.99999999999998 0 1 7681.7296544411465 14.844992388734429 284056 284028 0 132567650 132556994 0
3.0099999999999798 0 1 7031.7661433944013 13.421254544791791 286235 286229 0 133813170 133807230 0
3.0199999999999796 0 1 5235.9910071951217 7.6537658411775258 287957 287952 0 135062430 135057480 0
3.0299999999999794 0 1 5642.2821797965335 10.573931395389472 290140 290135 0 136312560 136307610 0
3.0399999999999792 0 1 5475.4476876110821 7.5682706807297446 291786 291781 0 137562500 137557550 0
3.049999999999979 0 1 5683.0249842788035 11.049310812825311 293969 293964 0 138812630 138807680 0
3.0599999999999787 0 1 2160.3148236020702 3.8141525702725256 295606 295603 0 140053010 140050040 0
3.0699999999999785 0 1 3457.7914855547306 7.2450479789343039 297866 297863 0 141303450 141300480 0
3.0799999999999783 0 1 3428.3213625612198 5.1896336819219124 299589 299586 0 142553700 142550730 0
3.0899999999999781 0 1 3657.9403096369601 7.6809629796100367 301925 301922 0 143803460 143800490 0
3.0999999999999779 0 1 3640.8558345920719 7.5774513783165638 304185 304181 0 145053900 145049940 0
3.1099999999999777 0 1 3526.9359000612735 5.9841342