0 0 1 0 0 0 0 0 0 0 0
0.01 0 1 0.0 0.0 0 0 0 0 0 0
0.02 0 1 0.0 0.0 0 0 0 0 0 0
0.029999999999999999 0 1 0.0 0.0 0 0 0 0 0 0
0.040000000000000001 0 1 0.0 0.0 0 0 0 0 0 0
0.050000000000000003 0 1 0.0 0.0 0 0 0 0 0 0
0.060000000000000005 0 1 0.0 0.0 0 0 0 0 0 0
0.070000000000000007 0 1 0.0 0.0 0 0 0 0 0 0
0.080000000000000002 0 1 0.0 0.0 0 0 0 0 0 0
0.089999999999999997 0 1 0.0 0.0 0 0 0 0 0 0
0.099999999999999992 0 1 0.0 0.0 0 0 0 0 0 0
0.10999999999999999 0 1 0.0 0.0 0 0 0 0 0 0
0.11999999999999998 0 1 0.0 0.0 0 0 0 0 0 0
0.12999999999999998 0 1 0.0 0.0 0 0 0 0 0 0
0.13999999999999999 0 1 0.0 0.0 0 0 0 0 0 0
0.14999999999999999 0 1 0.0 0.0 0 0 0 0 0 0
0.16 0 1 0.0 0.0 0 0 0 0 0 0
0.17000000000000001 0 1 0.0 0.0 0 0 0 0 0 0
0.18000000000000002 0 1 0.0 0.0 0 0 0 0 0 0
0.19000000000000003 0 1 0.0 0.0 0 0 0 0 0 0
0.20000000000000004 0 1 0.0 0.0 0 0 0 0 0 0
0.21000000000000005 0 1 0.0 0.0 0 0 0 0 0 0
0.22000000000000006 0 1 0.0 0.0 0 0 0 0 0 0
0.23000000000000007 0 1 0.0 0.0 0 0 0 0 0 0
0.24000000000000007 0 1 0.0 0.0 0 0 0 0 0 0
0.25000000000000006 0 1 0.0 0.0 0 0 0 0 0 0
0.26000000000000006 0 1 0.0 0.0 0 0 0 0 0 0
0.27000000000000007 0 1 0.0 0.0 0 0 0 0 0 0
0.28000000000000008 0 1 0.0 0.0 0 0 0 0 0 0
0.29000000000000009 0 1 0.0 0.0 0 0 0 0 0 0
0.3000000000000001 0 1 0.0 0.0 0 0 0 0 0 0
0.31000000000000011 0 1 0.0 0.0 0 0 0 0 0 0
0.32000000000000012 0 1 0.0 0.0 0 0 0 0 0 0
0.33000000000000013 0 1 0.0 0.0 0 0 0 0 0 0
0.34000000000000014 0 1 0.0 0.0 0 0 0 0 0 0
0.35000000000000014 0 1 0.0 0.0 0 0 0 0 0 0
0.36000000000000015 0 1 0.0 0.0 0 0 0 0 0 0
0.37000000000000016 0 1 0.0 0.0 0 0 0 0 0 0
0.38000000000000017 0 1 0.0 0.0 0 0 0 0 0 0
0.39000000000000018 0 1 0.0 0.0 0 0 0 0 0 0
0.40000000000000019 0 1 0.0 0.0 0 0 0 0 0 0
0.4100000000000002 0 1 0.0 0.0 0 0 0 0 0 0
0.42000000000000021 0 1 0.0 0.0 0 0 0 0 0 0
0.43000000000000022 0 1 0.0 0.0 0 0 0 0 0 0
0.44000000000000022 0 1 0.0 0.0 0 0 0 0 0 0
0.45000000000000023 0 1 0.0 0.0 0 0 0 0 0 0
0.46000000000000024 0 1 0.0 0.0 0 0 0 0 0 0
0.47000000000000025 0 1 0.0 0.0 0 0 0 0 0 0
0.48000000000000026 0 1 0.0 0.0 0 0 0 0 0 0
0.49000000000000027 0 1 0.0 0.0 0 0 0 0 0 0
0.50000000000000022 0 1 0.0 0.0 0 0 0 0 0 0
0.51000000000000023 0 1 0.0 0.0 0 0 0 0 0 0
0.52000000000000024 0 1 0.0 0.0 0 0 0 0 0 0
0.53000000000000025 0 1 0.0 0.0 0 0 0 0 0 0
0.54000000000000026 0 1 0.0 0.0 0 0 0 0 0 0
0.55000000000000027 0 1 0.0 0.0 0 0 0 0 0 0
0.56000000000000028 0 1 0.0 0.0 0 0 0 0 0 0
0.57000000000000028 0 1 0.0 0.0 0 0 0 0 0 0
0.58000000000000029 0 1 0.0 0.0 0 0 0 0 0 0
0.5900000000000003 0 1 0.0 0.0 0 0 0 0 0 0
0.60000000000000031 0 1 0.0 0.0 0 0 0 0 0 0
0.61000000000000032 0 1 0.0 0.0 0 0 0 0 0 0
0.62000000000000033 0 1 0.0 0.0 0 0 0 0 0 0
0.63000000000000034 0 1 0.0 0.0 0 0 0 0 0 0
0.64000000000000035 0 1 0.0 0.0 0 0 0 0 0 0
0.65000000000000036 0 1 0.0 0.0 0 0 0 0 0 0
0.66000000000000036 0 1 0.0 0.0 0 0 0 0 0 0
0.67000000000000037 0 1 0.0 0.0 0 0 0 0 0 0
0.68000000000000038 0 1 0.0 0.0 0 0 0 0 0 0
0.69000000000000039 0 1 0.0 0.0 0 0 0 0 0 0
0.7000000000000004 0 1 0.0 0.0 0 0 0 0 0 0
0.71000000000000041 0 1 0.0 0.0 0 0 0 0 0 0
0.72000000000000042 0 1 0.0 0.0 0 0 0 0 0 0
0.73000000000000043 0 1 0.0 0.0 0 0 0 0 0 0
0.74000000000000044 0 1 0.0 0.0 0 0 0 0 0 0
0.75000000000000044 0 1 0.0 0.0 0 0 0 0 0 0
0.76000000000000045 0 1 0.0 0.0 0 0 0 0 0 0
0.77000000000000046 0 1 0.0 0.0 0 0 0 0 0 0
0.78000000000000047 0 1 0.0 0.0 0 0 0 0 0 0
0.79000000000000048 0 1 0.0 0.0 0 0 0 0 0 0
0.80000000000000049 0 1 0.0 0.0 0 0 0 0 0 0
0.8100000000000005 0 1 0.0 0.0 0 0 0 0 0 0
0.82000000000000051 0 1 0.0 0.0 0 0 0 0 0 0
0.83000000000000052 0 1 0.0 0.0 0 0 0 0 0 0
0.84000000000000052 0 1 0.0 0.0 0 0 0 0 0 0
0.85000000000000053 0 1 0.0 0.0 0 0 0 0 0 0
0.86000000000000054 0 1 0.0 0.0 0 0 0 0 0 0
0.87000000000000055 0 1 0.0 0.0 0 0 0 0 0 0
0.88000000000000056 0 1 0.0 0.0 0 0 0 0 0 0
0.89000000000000057 0 1 0.0 0.0 0 0 0 0 0 0
0.90000000000000058 0 1 0.0 0.0 0 0 0 0 0 0
0.91000000000000059 0 1 0.0 0.0 0 0 0 0 0 0
0.9200000000000006 0 1 0.0 0.0 0 0 0 0 0 0
0.9300000000000006 0 1 0.0 0.0 0 0 0 0 0 0
0.94000000000000061 0 1 0.0 0.0 0 0 0 0 0 0
0.95000000000000062 0 1 0.0 0.0 0 0 0 0 0 0
0.96000000000000063 0 1 0.0 0.0 0 0 0 0 0 0
0.97000000000000064 0 1 0.0 0.0 0 0 0 0 0 0
0.98000000000000065 0 1 0.0 0.0 0 0 0 0 0 0
0.99000000000000066 0 1 0.0 0.0 0 0 0 0 0 0
1.0000000000000007 0 1 0.0 0.0 0 0 0 0 0 0
1.0100000000000007 0 1 0.36936295208809222 0.0023261250001738155 177 177 0 26980 26980 0
1.0200000000000007 0 1 0.17403099999135901 0.0011004499999467388 293 293 0 44320 44320 0
1.0300000000000007 0 1 0.3782032503841567 0.0022566037598537015 473 473 0 71520 71520 0
1.0400000000000007 0 1 0.053247999996841551 0.00033279999998025973 680 680 0 93200 93200 0
1.0500000000000007 0 1 0.0 0.0 710 710 0 95900 95900 0
1.0600000000000007 0 1 0.31948799998104932 0.0019967999998815582 886 886 0 123240 123240 0
1.0700000000000007 0 1 0.26188421998307709 0.0017279729998875822 1017 1017 0 141680 141680 0
1.0800000000000007 0 1 0.053247999996841551 0.00033279999998025973 1120 1120 0 154300 154300 0
1.0900000000000007 0 1 0.15974399999052466 0.00099839999994077912 1287 1287 0 174780 174780 0
1.1000000000000008 0 1 0.1064959999936831 0.00066559999996051945 1415 1415 0 191600 191600 0
1.1100000000000008 0 1 0.50179575997200088 0.0035648439999258455 1646 1646 0 220240 220240 0
1.1200000000000008 0 1 0.23318199999255976 0.0015231999999310007 1819 1819 0 243760 243760 0
1.1300000000000008 0 1 0.14913639999480907 0.0012764599999659499 1895 1895 0 256300 256300 0
1.1400000000000008 0 1 0.72219391999643823 0.0047537279998177652 2110 2110 0 286400 286400 0
1.1500000000000008 0 1 0.0 0.0 2180 2180 0 292700 292700 0
1.1600000000000008 0 1 0.26623999998420778 0.0016639999999012985 2305 2305 0 314700 314700 0
1.1700000000000008 0 1 0.26982815998710641 0.0017537039999737643 2535 2535 0 344400 344400 0
1.1800000000000008 0 1 0.62261243997037086 0.0036705459997898836 2711 2711 0 380840 380840 0
1.1900000000000008 0 1 0.50391572795991335 0.0047596699990215497 2928 2928 0 410220 410220 0
1.2000000000000008 0 1 0.0 0.0 3072 3072 0 422880 422880 0
1.2100000000000009 0 1 0.053247999996841551 0.00033279999998025973 3195 3195 0 437800 437800 0
1.2200000000000009 0 1 0.34278999998988952 0.0018756999999425244 3384 3384 0 465260 465260 0
1.2300000000000009 0 1 1.8850763520056528 0.006434301999869157 3610 3610 0 507400 507400 0
1.2400000000000009 0 1 0.0 0.0 3710 3710 0 516400 516400 0
1.2500000000000009 0 1 0.30043317992589608 0.0021156919995490835 3906 3906 0 541640 541640 0
1.2600000000000009 0 1 0.26623999998420778 0.0016639999999012985 4100 4100 0 569800 569800 0
1.2700000000000009 0 1 0.053247999996841551 0.00033279999998025973 4230 4230 0 584700 584700 0
1.2800000000000009 0 1 0.0089045600164538909 0.000143384000184099 4404 4404 0 598160 598160 0
1.2900000000000009 0 1 4.0002297520202532 0.011256316399999012 4629 4629 0 642160 642160 0
1.3000000000000009 0 1 0.0 0.0 4759 4759 0 653860 653860 0
1.3100000000000009 0 1 1.9268701160187067 0.0057940536999589957 5007 5007 0 689980 689980 0
1.320000000000001 0 1 0.52327765598008069 0.0042371413998321082 5177 5177 0 723580 723580 0
1.330000000000001 0 1 0.0 0.0 5294 5294 0 734260 734260 0
1.340000000000001 0 1 0.0 0.0 5464 5464 0 749560 749560 0
1.350000000000001 0 1 0.0 0.0 5574 5574 0 759460 759460 0
1.360000000000001 0 1 0.44609335998764227 0.0025523239999047909 5822 5822 0 792880 792880 0
1.370000000000001 0 1 0.2129919999873662 0.0013311999999210389 5991 5991 0 818340 818340 0
1.380000000000001 0 1 0.18535919999651523 0.0013987800000503357 6179 6179 0 842132 842132 0
1.390000000000001 0 1 0.81296800000867286 0.0045143999999774876 6279 6279 0 855160 855160 0
1.400000000000001 0 1 0.0 0.0 6459 6459 0 871360 871360 0
1.410000000000001 0 1 0.26623999998420778 0.0016639999999012985 6604 6604 0 895160 895160 0
1.420000000000001 0 1 0.0 0.0 6721 6721 0 905540 905540 0
1.430000000000001 0 1 0.0 0.0 6824 6824 0 914960 914960 0
1.4400000000000011 0 1 0.0 0.0 6944 6944 0 925760 925760 0
1.4500000000000011 0 1 0.0 0.0 7079 7079 0 937660 937660 0
1.4600000000000011 0 1 0.0 0.0 7244 7244 0 952760 952760 0
1.4700000000000011 0 1 0.26623999998420778 0.0016639999999012985 7479 7479 0 984160 984160 0
1.4800000000000011 0 1 0.0 0.0 7619 7619 0 997260 997260 0
1.4900000000000011 0 1 0.0 0.0 7829 7829 0 1016160 1016160 0
1.5000000000000011 0 1 0.0 0.0 7909 7909 0 1023360 1023360 0
1.5100000000000011 0 1 0.14583379200017163 0.0010890448000289146 8066 8066 0 1040740 1040740 0
1.5200000000000011 0 1 0.58317365766935525 0.0030840297599254969 8239 8239 0 1071860 1071860 0
1.5300000000000011 0 1 0.053247999996841551 0.00033279999998025973 8319 8319 0 1081760 1081760 0
1.5400000000000011 0 1 0.0 0.0 8459 8459 0 1094360 1094360 0
1.5500000000000012 0 1 0.25429819999711589 0.0018838550000843651 8656 8656 0 1120240 1120240 0
1.5600000000000012 0 1 0.26623999998420778 0.0016639999999012985 8878 8878 0 1151192 1151192 0
1.5700000000000012 0 1 0.053247999996841551 0.00033279999998025973 8979 8979 0 1162660 1162660 0
1.5800000000000012 0 1 0.77938326402913138 0.002911683999973211 9203 9203 0 1193764 1193764 0
1.5900000000000012 0 1 1.3246463999898583 0.0040191999999272775 9330 9330 0 1212300 1212300 0
1.6000000000000012 0 1 2.3947320617972756 0.0070911035206844214 9524 9524 0 1243960 1243960 0
1.6100000000000012 0 1 0.0 0.0 9674 9674 0 1257460 1257460 0
1.6200000000000012 0 1 0.0 0.0 9744 9744 0 1263760 1263760 0
1.6300000000000012 0 1 0.0 0.0 9844 9844 0 1272760 1272760 0
1.6400000000000012 0 1 0.0 0.0 9994 9994 0 1286260 1286260 0
1.6500000000000012 0 1 0.0 0.0 10074 10074 0 1293460 1293460 0
1.6600000000000013 0 1 0.4290559999748918 0.0024703999998543203 10310 10310 0 1334200 1334200 0
1.6700000000000013 0 1 0.2129919999873662 0.0013311999999210389 10446 10446 0 1356040 1356040 0
1.6800000000000013 0 1 0.15974399999052466 0.00099839999994077912 10581 10581 0 1375912 1375912 0
1.6900000000000013 0 1 0.15974399999052466 0.00099839999994077912 10737 10737 0 1396480 1396480 0
1.7000000000000013 0 1 0.0 0.0 10847 10847 0 1406380 1406380 0
1.7100000000000013 0 1 0.0 0.0 10977 10977 0 1418080 1418080 0
1.7200000000000013 0 1 0.24571582396752922 0.0022900955992222172 11133 11133 0 1436020 1436020 0
1.7300000000000013 0 1 0.7606586799655084 0.0045139619997636117 11327 11327 0 1481580 1481580 0
1.7400000000000013 0 1 0.44597355999194083 0.0033647539999348522 11541 11541 0 1511240 1511240 0
1.7500000000000013 0 1 0.1064959999936831 0.00066559999996051945 11693 11693 0 1529920 1529920 0
1.7600000000000013 0 1 0.37035999998913349 0.0042670000000244422 11841 11841 0 1553640 1553640 0
1.7700000000000014 0 1 0.15658800000206682 0.0014379000000896967 12017 12017 0 1576180 1576180 0
1.7800000000000014 0 1 0.038498560003485914 0.00040246399999332956 12177 12177 0 1590580 1590580 0
1.7900000000000014 0 1 0.0 0.0 12347 12347 0 1605880 1605880 0
1.8000000000000014 0 1 0.30508999998124481 0.0019414999998801346 12562 12562 0 1635980 1635980 0
1.8100000000000014 0 1 0.0 0.0 12652 12652 0 1644080 1644080 0
1.8200000000000014 0 1 0.15974399999052466 0.00099839999994077912 12771 12771 0 1659840 1659840 0
1.8300000000000014 0 1 0.39845931998216921 0.0025313379999225539 13002 13002 0 1697080 1697080 0
1.8400000000000014 0 1 0.0 0.0 13137 13137 0 1708980 1708980 0
1.8500000000000014 0 1 0.58570287516364006 0.0048889718792688398 13383 13383 0 1747020 1747020 0
1.8600000000000014 0 1 1.0493870661513851 0.0087258520791166846 13677 13677 0 1808880 1808880 0
1.8700000000000014 0 1 0.053247999996841551 0.00033279999998025973 13807 13807 0 1823280 1823280 0
1.8800000000000014 0 1 3.1700988724026908 0.0083911816601611663 14012 14012 0 1852480 1852480 0
1.8900000000000015 0 1 0.0079864000039897506 0.00011966000008634115 14192 14192 0 1868680 1868680 0
1.9000000000000015 0 1 0.0 0.0 14347 14347 0 1882380 1882380 0
1.9100000000000015 0 1 0.0 0.0 14452 14452 0 1892080 1892080 0
1.9200000000000015 0 1 0.0 0.0 14562 14562 0 1901980 1901980 0
1.9300000000000015 0 1 0.0 0.0 14702 14702 0 1914580 1914580 0
1.9400000000000015 0 1 0.0 0.0 14852 14852 0 1928080 1928080 0
1.9500000000000015 0 1 0.1064959999936831 0.00066559999996051945 14943 14943 0 1939220 1939220 0
1.9600000000000015 0 1 0.90838236176180509 0.0067490168697226178 15152 15152 0 1984380 1984380 0
1.9700000000000015 0 1 0.053247999996841551 0.00033279999998025973 15297 15297 0 2000380 2000380 0
1.9800000000000015 0 1 0.27962719319196672 0.0018507648300136719 15492 15492 0 2028680 2028680 0
1.9900000000000015 0 1 0.0 0.0 15642 15642 0 2042180 2042180 0
2.0000000000000013 0 1 0.0 0.0 15712 15712 0 2048480 2048480 0
2.0100000000000011 0 1 0.10688847998175049 0.00095381199991530869 15903 15903 0 2066420 2066420 0
2.0200000000000009 0 1 0.2129920000015818 0.0013312000000098862 16022 16022 0 2086880 2086880 0
2.0300000000000007 0 1 0.21603528679570622 0.0014072821698629966 16246 16246 0 2114540 2114540 0
2.0400000000000005 0 1 0.076545007567931339 0.00052206433975855455 16372 16372 0 2129380 2129380 0
2.0500000000000003 0 1 0.073599999970143562 0.0010399999996746566 16562 16562 0 2146480 2146480 0
2.0600000000000001 0 1 0.049595999978891914 0.00051989999985125874 16712 16712 0 2159980 2159980 0
2.0699999999999998 0 1 1.947896063850904 0.0065433639997448953 16962 16962 0 2203980 2203980 0
2.0799999999999996 0 1 0.011937599989409164 0.00021843999977733586 17112 17112 0 2217480 2217480 0
2.0899999999999994 0 1 0.0 0.0 17297 17297 0 2232380 2232380 0
2.0999999999999992 0 1 3.9081369120403888 0.012211690000718794 17568 17568 0 2286292 2286292 0
2.109999999999999 0 1 0.73361978675558392 0.0053612946687932074 17847 17847 0 2337580 2337580 0
2.1199999999999988 0 1 0.11559767320790362 0.00073314183026697462 17998 17998 0 2353620 2353620 0
2.1299999999999986 0 1 0.21494239999953382 0.0013799599999586871 18149 18149 0 2377060 2377060 0
2.1399999999999983 0 1 0.80354122763514657 0.0045461157696991966 18447 18447 0 2425252 2425252 0
2.1499999999999981 0 1 0.46297484767166985 0.0025207839993158215 18529 18529 0 2449760 2449760 0
2.1599999999999979 0 1 0.053248000000395451 0.00033280000000247156 18631 18631 0 2461740 2461740 0
2.1699999999999977 0 1 0.049962799950621313 0.00049401999957511208 18781 18781 0 2475240 2475240 0
2.1799999999999975 0 1 0.37324256000560124 0.0023422640000881289 19002 19002 0 2507580 2507580 0
2.1899999999999973 0 1 0.26144825693297791 0.0018052035062332934 19191 19191 0 2533640 2533640 0
2.1999999999999971 0 1 0.051177999978336809 0.00079944999971106082 19351 19351 0 2548040 2548040 0
2.2099999999999969 0 1 0.035556799986125799 0.00032891999994789234 19481 19481 0 2559740 2559740 0
2.2199999999999966 0 1 0.061871353208787991 0.00046838383025439188 19604 19604 0 2571160 2571160 0
2.2299999999999964 0 1 0.35984425016782551 0.0021523658302769382 19831 19831 0 2600240 2600240 0
2.2399999999999962 0 1 0.31948800000237271 0.0019968000000148292 19982 19982 0 2627452 2627452 0
2.249999999999996 0 1 0.54435204147386174 0.0034006710380563745 20191 20191 0 2666640 2666640 0
2.2599999999999958 0 1 0.0 0.0 20311 20311 0 2677440 2677440 0
2.2699999999999956 0 1 0.0 0.0 20421 20421 0 2687340 2687340 0
2.2799999999999954 0 1 0.78694565213625622 0.0026827540295926728 20561 20561 0 2710440 2710440 0
2.2899999999999952 0 1 0.37273600000276813 0.0023296000000173011 20763 20763 0 2742992 2742992 0
2.2999999999999949 0 1 0.33500771319872774 0.0021447928300500252 20947 20947 0 2772580 2772580 0
2.3099999999999947 0 1 0.45213559996853803 0.0025714399999544049 21141 21141 0 2805640 2805640 0
2.3199999999999945 0 1 0.0 0.0 21206 21206 0 2811740 2811740 0
2.3299999999999943 0 1 0.0 0.0 21336 21336 0 2823440 2823440 0
2.3399999999999941 0 1 0.27617362035493065 0.001912340508836193 21546 21546 0 2852840 2852840 0
2.3499999999999939 0 1 0.22933934424163516 0.0014616810302570428 21786 21786 0 2882740 2882740 0
2.3599999999999937 0 1 0.053248000000395451 0.00033280000000247156 21916 21916 0 2897140 2897140 0
2.3699999999999934 0 1 0.0 0.0 22016 22016 0 2906140 2906140 0
2.3799999999999932 0 1 0.0 0.0 22206 22206 0 2923240 2923240 0
2.389999999999993 0 1 0.0 0.0 22306 22306 0 2932240 2932240 0
2.3999999999999928 0 1 0.0 0.0 22416 22416 0 2942140 2942140 0
2.4099999999999926 0 1 0.044561999981596996 0.0006340499997925655 22516 22516 0 2951140 2951140 0
2.4199999999999924 0 1 0.0 0.0 22636 22636 0 2961940 2961940 0
2.4299999999999922 0 1 0.26624000000197723 0.0016640000000123579 22821 22821 0 2989340 2989340 0
2.439999999999992 0 1 0.0 0.0 22971 22971 0 3002840 3002840 0
2.4499999999999917 0 1 0.26624000000197723 0.0016640000000123579 23156 23156 0 3030240 3030240 0
2.4599999999999915 0 1 0.0 0.0 23276 23276 0 3041040 3041040 0
2.4699999999999913 0 1 0.73125695382111777 0.00244735662087164 23422 23422 0 3061780 3061780 0
2.4799999999999911 0 1 0.053248000000395451 0.00033280000000247156 23551 23551 0 3076540 3076540 0
2.4899999999999909 0 1 0.0 0.0 23601 23601 0 3081040 3081040 0
2.4999999999999907 0 1 0.0 0.0 23731 23731 0 3092740 3092740 0
2.5099999999999905 0 1 0.0 0.0 23821 23821 0 3100840 3100840 0
2.5199999999999902 0 1 0.0 0.0 23971 23971 0 3114340 3114340 0
2.52999999999999 0 1 0.0 0.0 24081 24081 0 3124240 3124240 0
2.5399999999999898 0 1 0.073599999970143562 0.0010399999996746566 24271 24271 0 3141340 3141340 0
2.5499999999999896 0 1 0.0 0.0 24381 24381 0 3151240 3151240 0
2.5599999999999894 0 1 0.358294811155354 0.0034405702791229964 24576 24576 0 3179540 3179540 0
2.5699999999999892 0 1 0.0 0.0 24646 24646 0 3185840 3185840 0
2.579999999999989 0 1 3.1715873281595428 0.0086302280001950456 24829 24829 0 3215860 3215860 0
2.5899999999999888 0 1 0.36968652357317289 0.0032517630892848343 25042 25042 0 3247880 3247880 0
2.5999999999999885 0 1 0.15974400000118635 0.00099840000000741462 25166 25166 0 3267584 3267584 0
2.6099999999999883 0 1 1.5429705053739413 0.0065540716092994675 25413 25413 0 3312320 3312320 0
2.6199999999999881 0 1 0.37273600000276813 0.0023296000000173011 25584 25584 0 3345160 3345160 0
2.6299999999999879 0 1 0.3363109039966688 0.0021149726001202136 25726 25726 0 3369040 3369040 0
2.6399999999999877 0 1 0.15974400000118635 0.00099840000000741462 25879 25879 0 3388060 3388060 0
2.6499999999999875 0 1 0.2129920000015818 0.0013312000000098862 26068 26068 0 3413820 3413820 0
2.6599999999999873 0 1 0.70215209116214872 0.0048434922797825275 26232 26232 0 3444180 3444180 0
2.6699999999999871 0 1 0.053248000000395451 0.00033280000000247156 26331 26331 0 3455740 3455740 0
2.6799999999999868 0 1 0.24090879999061857 0.001736319999823303 26501 26501 0 3478840 3478840 0
2.6899999999999866 0 1 0.22848171721002106 0.0014784429303471883 26693 26693 0 3504892 3504892 0
2.6999999999999864 0 1 0.10786664280893152 0.00069986607020845856 26861 26861 0 3524940 3524940 0
2.7099999999999862 0 1 0.46022969480327008 0.0038883524206224369 26976 26976 0 3546040 3546040 0
2.719999999999986 0 1 0.0 0.0 27116 27116 0 3558640 3558640 0
2.7299999999999858 0 1 0.17660814800635571 0.0014200037001366487 27299 27299 0 3580360 3580360 0
2.7399999999999856 0 1 0.37630960000712671 0.0024189400001262645 27516 27516 0 3616140 3616140 0
2.7499999999999853 0 1 0.90102488857210761 0.0055595841400358859 27756 27756 0 3656540 3656540 0
2.7599999999999851 0 1 0.32983120000196914 0.0022553800000047401 27961 27961 0 3688440 3688440 0
2.7699999999999849 0 1 0.0 0.0 28001 28001 0 3692040 3692040 0
2.7799999999999847 0 1 0.0 0.0 28071 28071 0 3698340 3698340 0
2.7899999999999845 0 1 1.6259551693153531 0.0042046104393734579 28268 28268 0 3718520 3718520 0
2.7999999999999843 0 1 0.93934947630265109 0.0062824350437030944 28511 28511 0 3764040 3764040 0
2.8099999999999841 0 1 0.1064960000007909 0.00066560000000494312 28616 28616 0 3779640 3779640 0
2.8199999999999839 0 1 0.42239087997320912 0.0028701919996710402 28821 28821 0 3808840 3808840 0
2.8299999999999836 0 1 0.0 0.0 28871 28871 0 3813340 3813340 0
2.8399999999999834 0 1 0.0 0.0 29001 29001 0 3825040 3825040 0
2.8499999999999832 0 1 2.0637292299355621 0.006785269159159813 29216 29216 0 3855140 3855140 0
2.859999999999983 0 1 0.31692593158539462 0.0025023482898234839 29431 29431 0 3885240 3885240 0
2.8699999999999828 0 1 0.0 0.0 29551 29551 0 3896040 3896040 0
2.8799999999999826 0 1 0.0 0.0 29711 29711 0 3910440 3910440 0
2.8899999999999824 0 1 0.72133279997822908 0.0050989199998686648 29937 29937 0 3954980 3954980 0
2.8999999999999821 0 1 0.15974400000118635 0.00099840000000741462 30066 30066 0 3974640 3974640 0
2.9099999999999819 0 1 0.0 0.0 30166 30166 0 3983640 3983640 0
2.9199999999999817 0 1 0.054052899947089103 0.00052323499954988202 30286 30286 0 3994440 3994440 0
2.9299999999999815 0 1 0.074334268395760877 0.00061995671001292764 30467 30467 0 4010980 4010980 0
2.9399999999999813 0 1 9.957099188271668 0.027552609289350247 30706 30706 0 4053740 4053740 0
2.9499999999999811 0 1 0.0 0.0 30746 30746 0 4057340 4057340 0
2.9599999999999809 0 1 0.16051199999900576 0.0010175999999529001 30897 30897 0 4076580 4076580 0
2.9699999999999807 0 1 0.1064960000007909 0.00066560000000494312 31066 31066 0 4096640 4096640 0
2.9799999999999804 0 1 0.0 0.0 31151 31151 0 4104540 4104540 0
2.9899999999999802 0 1 0.0 0.0 31256 31256 0 4113740 4113740 0
2.99999999999998 0 1 0.0 0.0 31341 31341 0 4121640 4121640 0
3.0099999999999798 0 1 0.0 0.0 31473 31473 0 4132492 4132492 0
3.0199999999999796 0 1 0.7805317378256571 0.002556867600400691 31596 31596 0 4155340 4155340 0
3.0299999999999794 0 1 0.0 0.0 31696 31696 0 4164340 4164340 0
3.0399999999999792 0 1 0.0 0.0 31786 31786 0 4172440 4172440 0
3.049999999999979 0 1 0.0 0.0 31976 31976 0 4189540 4189540 0
3.0599999999999787 0 1 0.2129920000015818 0.0013312000000098862 32130 32130 0 4211400 4211400 0
3.0699999999999785 0 1 0.23891565679968149 0.001659291420130806 32308 32308 0 4235620 4235620 0
3.0799999999999783 0 1 0.053248000000395451 0.00033280000000247156 32407 32407 0 4246680 4246680 0
3.0899999999999781 0 1 0.10227834357135142 0.00076896094034497014 32526 32526 0 4260540 4260540 0
3.0999999999999779 0 1 0.0 0.0 32656 32656 0 4272240 4272240 0
3.1099999999999777 0 1 0.0 0.0 32736 32736 0 4279440 4279440 0
3.1199999999999775 0 1 0.18024147599860313 0.0011908369001112616 32927 32927 0 4302280 4302280 0
3.1299999999999772 0 1 0.21325759996493787 0.0022850399996610579 33081 33081 0 4321240 4321240 0
3.139999999999977 0 1 0.32639911998089827 0.0020937079998617938 33236 33236 0 4345940 4345940 0
3.1499999999999768 0 1 0.0 0.0 33306 33306 0 4352240 4352240 0
3.1599999999999766 0 1 0.8733211630089075 0.0053079434990001024 33619 33619 0 4398860 4398860 0
3.1699999999999764 0 1 0.1064960000007909 0.00066560000000494312 33763 33763 0 4415356 4415356 0
3.1799999999999762 0 1 0.2129920000015818 0.0013312000000098862 33919 33919 0 4439560 4439560 0
3.189999999999976 0 1 0.079235499915954494 0.0008556249991631586 34121 34121 0 4457840 4457840 0
3.1999999999999758 0 1 0.064423999974751164 0.00081059999978984668 34241 34241 0 4468640 4468640 0
3.2099999999999755 0 1 0.0 0.0 34321 34321 0 4475840 4475840 0
3.2199999999999753 0 1 0.0 0.0 34481 34481 0 4490240 4490240 0
3.2299999999999751 0 1 0.0 0.0 34546 34546 0 4495840 4495840 0
3.2399999999999749 0 1 0.069663999973103394 0.00094159999974865246 34706 34706 0 4510240 4510240 0
3.2499999999999747 0 1 0.0 0.0 34851 34851 0 4523540 4523540 0
3.2599999999999745 0 1 0.26624000000197723 0.0016640000000123579 35046 35046 0 4551840 4551840 0
3.2699999999999743 0 1 0.24086839996222922 0.001229059999774433 35133 35133 0 4565120 4565120 0
3.279999999999974 0 1 0.1064960000007909 0.00066560000000494312 35231 35231 0 4579240 4579240 0
3.2899999999999738 0 1 0.23913948798615592 0.001584887199834773 35426 35426 0 4604840 4604840 0
3.2999999999999736 0 1 0.053248000000395451 0.00033280000000247156 35566 35566 0 4620140 4620140 0
3.3099999999999734 0 1 0.0 0.0 35696 35696 0 4631840 4631840 0
3.3199999999999732 0 1 0.16066765201117392 0.0010214913002571041 35893 35893 0 4655020 4655020 0
3.329999999999973 0 1 0.1064960000007909 0.00066560000000494312 36021 36021 0 4671340 4671340 0
3.3399999999999728 0 1 0.0 0.0 36186 36186 0 4686440 4686440 0
3.3499999999999726 0 1 0.0 0.0 36401 36401 0 4706040 4706040 0
3.3599999999999723 0 1 0.0 0.0 36601 36601 0 4724040 4724040 0
3.3699999999999721 0 1 0.050513399978414607 0.00054283499983932609 36776 36776 0 4738040 4738040 0
3.3799999999999719 0 1 0.28095369999193198 0.0018718424998454396 36965 36965 0 4767744 4767744 0
3.3899999999999717 0 1 1.4367679372725513 0.005714824022851183 37146 37146 0 4805340 4805340 0
3.3999999999999715 0 1 0.0 0.0 37296 37296 0 4818840 4818840 0
3.4099999999999713 0 1 0.0 0.0 37406 37406 0 4828240 4828240 0
3.4199999999999711 0 1 0.26700799999979669 0.0016831999999578431 37581 37581 0 4855240 4855240 0
3.4299999999999708 0 1 0.27274647050604145 0.0014349404001912397 37730 37730 0 4876400 4876400 0
3.4399999999999706 0 1 2.0266489819914288 0.012997563997396988 37999 37999 0 4920732 4920732 0
3.4499999999999704 0 1 0.1064960000007909 0.00066560000000494312 38116 38116 0 4935640 4935640 0
3.4599999999999702 0 1 0.0 0.0 38236 38236 0 4946440 4946440 0
3.46999999999997 0 1 3.351823743976539 0.0096408143994255284 38477 38477 0 4976680 4976680 0
3.4799999999999698 0 1 0.26624000000197723 0.0016640000000123579 38646 38646 0 5004840 5004840 0
3.4899999999999696 0 1 1.630722716047152 0.010643490399253835 38896 38896 0 5048840 5048840 0
3.4999999999999694 0 1 0.43306047997369956 0.0021723319999722899 39102 39102 0 5075680 5075680 0
3.5099999999999691 0 1 0.2129920000015818 0.0013312000000098862 39221 39221 0 5097512 5097512 0
3.5199999999999689 0 1 0.053248000000395451 0.00033280000000247156 39346 39346 0 5110840 5110840 0
3.5299999999999687 0 1 0.50068849593999332 0.0038100123988194768 39612 39612 0 5150180 5150180 0
3.5399999999999685 0 1 0.1148495000071772 0.00081587500009307548 39726 39726 0 5166540 5166540 0
3.5499999999999683 0 1 0.44397439997113486 0.0031569599997283821 39982 39982 0 5202280 5202280 0
3.5599999999999681 0 1 0.15974400000118635 0.00099840000000741462 40136 40136 0 5224940 5224940 0
3.5699999999999679 0 1 0.0 0.0 40256 40256 0 5235740 5235740 0
3.5799999999999677 0 1 0.29730092799874008 0.0020117232001571213 40401 40401 0 5259540 5259540 0
3.5899999999999674 0 1 0.3022131039394147 0.0023233275985746144 40594 40594 0 5286432 5286432 0
3.5999999999999672 0 1 2.2062136695915529 0.0081263567975222231 40800 40800 0 5326272 5326272 0
3.609999999999967 0 1 0.21484333999222574 0.0013672809999310267 40963 40963 0 5349520 5349520 0
3.6199999999999668 0 1 0.053248000000395451 0.00033280000000247156 41111 41111 0 5366440 5366440 0
3.6299999999999666 0 1 0.0 0.0 41231 41231 0 5377240 5377240 0
3.6399999999999664 0 1 0.2129920000015818 0.0013312000000098862 41363 41363 0 5397020 5397020 0
3.6499999999999662 0 1 0.35879199998057543 0.0024993999997225381 41561 41561 0 5428440 5428440 0
3.6599999999999659 0 1 0.0 0.0 41661 41661 0 5437440 5437440 0
3.6699999999999657 0 1 0.0 0.0 41751 41751 0 5445540 5445540 0
3.6799999999999655 0 1 0.0 0.0 41891 41891 0 5458140 5458140 0
3.6899999999999653 0 1 0.038347039986064965 0.00039867599994637145 42001 42001 0 5468040 5468040 0
3.6999999999999651 0 1 0.764807162109998 0.0036850797294985757 42219 42219 0 5503660 5503660 0
3.7099999999999649 0 1 0.1064960000007909 0.00066560000000494312 42361 42361 0 5521940 5521940 0
3.7199999999999647 0 1 0.18767672735898033 0.001648530888909185 42524 42524 0 5540532 5540532 0
3.7299999999999645 0 1 0.58814647654178576 0.0038602679107936069 42770 42770 0 5577500 5577500 0
3.7399999999999642 0 1 0.7874783418557908 0.0067077585470977407 42996 42996 0 5622140 5622140 0
3.749999999999964 0 1 1.2694916965557739 0.0061343121185776428 43170 43170 0 5659300 5659300 0
3.7599999999999638 0 1 2.4191794245287017 0.011259408649167097 43430 43430 0 5705772 5705772 0
3.7699999999999636 0 1 0.15974400000118635 0.00099840000000741462 43539 43539 0 5721760 5721760 0
3.7799999999999634 0 1 0.18890640610625245 0.0011358943294848232 43772 43772 0 5747852 5747852 0
3.7899999999999632 0 1 0.79021560000109314 0.0046615400000505789 44065 44065 0 5799100 5799100 0
3.799999999999963 0 1 0.72492764271265153 0.0041612417286175148 44260 44260 0 5843400 5843400 0
3.8099999999999627 0 1 0.048062879979938661 0.0004815719998774273 44410 44410 0 5856900 5856900 0
3.8199999999999625 0 1 0.0 0.0 44505 44505 0 5865200 5865200 0
3.8299999999999623 0 1 0.4748160000023306 0.0030112000000138226 44744 44744 0 5902260 5902260 0
3.8399999999999621 0 1 0.41936855829175285 0.0018540039879333787 44929 44929 0 5925060 5925060 0
3.8499999999999619 0 1 0.0 0.0 45030 45030 0 5934200 5934200 0
3.8599999999999617 0 1 0.057862799977216453 0.0006465699998514789 45130 45130 0 5943200 5943200 0
3.8699999999999615 0 1 0.0 0.0 45229 45229 0 5952060 5952060 0
3.8799999999999613 0 1 0.0 0.0 45349 45349 0 5963104 5963104 0
3.889999999999961 0 1 0.36857873825458476 0.0023949909875309828 45475 45475 0 5984500 5984500 0
3.8999999999999608 0 1 0.26624000000197723 0.0016640000000123579 45620 45620 0 6008800 6008800 0
3.9099999999999606 0 1 0.0 0.0 45790 45790 0 6024100 6024100 0
3.9199999999999604 0 1 0.21375999999940121 0.0013503999999553717 45912 45912 0 6042980 6042980 0
3.9299999999999602 0 1 0.053248000000395451 0.00033280000000247156 46015 46015 0 6055100 6055100 0
3.93999999999996 0 1 1.7848592798394616 0.0048966659997430259 46196 46196 0 6076540 6076540 0
3.9499999999999598 0 1 0.7653363848749869 0.0060070779752675781 46496 46496 0 6127740 6127740 0
3.9599999999999596 0 1 0.18866535541662136 0.0012404247101916164 46677 46677 0 6150180 6150180 0
3.9699999999999593 0 1 0.51856025317144061 0.0044520063295029168 46897 46897 0 6185152 6185152 0
3.9799999999999591 0 1 0.6177223670542763 0.0039648000000004078 47104 47104 0 6228260 6228260 0
3.9899999999999589 0 1 0.18260959998706416 0.0013300399997806806 47253 47253 0 6249220 6249220 0
3.9999999999999587 0 1 0.053248000000395451 0.00033280000000247156 47385 47385 0 6264400 6264400 0
4.0099999999999589 0 1 0.0 0.0 47495 47495 0 6274300 6274300 0
4.0199999999999587 0 1 0.30565821031274903 0.0015982289419014591 47651 47651 0 6296440 6296440 0
4.0299999999999585 0 1 0.13937627832305863 0.0016284069585204355 47850 47850 0 6317000 6317000 0
4.0399999999999583 0 1 0.42384086720802311 0.0024409204799625238 48065 48065 0 6347100 6347100 0
4.0499999999999581 0 1 0.1064960000007909 0.00066560000000494312 48169 48169 0 6359560 6359560 0
4.0599999999999579 0 1 1.4617113598660891 0.0039243599998074197 48275 48275 0 6376500 6376500 0
4.0699999999999577 0 1 0.0 0.0 48440 48440 0 6391600 6391600 0
4.0799999999999574 0 1 0.049394599974662501 0.00042138999978292636 48655 48655 0 6409200 6409200 0
4.0899999999999572 0 1 0.26624000000197723 0.0016640000000123579 48835 48835 0 6437900 6437900 0
4.099999999999957 0 1 0.0 0.0 48935 48935 0 6446900 6446900 0
4.1099999999999568 0 1 0.26624000000197723 0.0016640000000123579 49090 49090 0 6471600 6471600 0
4.1199999999999566 0 1 0.0 0.0 49220 49220 0 6483300 6483300 0
4.1299999999999564 0 1 0.0 0.0 49295 49295 0 6489800 6489800 0
4.1399999999999562 0 1 0.0 0.0 49470 49470 0 6505800 6505800 0
4.1499999999999559 0 1 0.12074156082775546 0.00086173902076327081 49727 49727 0 6531180 6531180 0
4.1599999999999557 0 1 0.11921654004609904 0.00075646100032857272 49825 49825 0 6545300 6545300 0
4.1699999999999555 0 1 0.053248000000395451 0.00033280000000247156 49935 49935 0 6558400 6558400 0
4.1799999999999553 0 1 0.0 0.0 50025 50025 0 6566500 6566500 0
4.1899999999999551 0 1 0.2129920000015818 0.0013312000000098862 50145 50145 0 6585100 6585100 0
4.1999999999999549 0 1 0.053248000000395451 0.00033280000000247156 50285 50285 0 6598900 6598900 0
4.2099999999999547 0 1 0.26762776717959585 0.0016986941794528228 50455 50455 0 6626700 6626700 0
4.2199999999999545 0 1 0.16051200000433483 0.0010176000000861269 50614 50614 0 6645560 6645560 0
4.2299999999999542 0 1 0.60077097716090433 0.0035491069793281626 50868 50868 0 6682020 6682020 0
4.239999999999954 0 1 0.2462736532766793 0.0016565057790352354 51145 51145 0 6717972 6717972 0
4.2499999999999538 0 1 0.070839204916241363 0.00055583002058768943 51280 51280 0 6733200 6733200 0
4.2599999999999536 0 1 0.0 0.0 51380 51380 0 6742200 6742200 0
4.2699999999999534 0 1 0.34553848006169857 0.0022441320004951614 51653 51653 0 6777420 6777420 0
4.2799999999999532 0 1 0.0 0.0 51760 51760 0 6786900 6786900 0
4.289999999999953 0 1 0.57349438965347388 0.003175434080038354 51953 51953 0 6820520 6820520 0
4.2999999999999527 0 1 0.38878598852677132 0.0029912999180759597 52165 52165 0 6845100 6845100 0
4.3099999999999525 0 1 0.27610029318126428 0.0019105073294945337 52320 52320 0 6869800 6869800 0
4.3199999999999523 0 1 0.2129920000015818 0.0013312000000098862 52491 52491 0 6893040 6893040 0
4.3299999999999521 0 1 0.053248000000395451 0.00033280000000247156 52615 52615 0 6907100 6907100 0
4.3399999999999519 0 1 0.2129920000015818 0.0013312000000098862 52772 52772 0 6929380 6929380 0
4.3499999999999517 0 1 0.30213861598227898 0.0018926653998719138 52946 52946 0 6955740 6955740 0
4.3599999999999515 0 1 0.38374707731137753 0.0025837934093609345 53200 53200 0 6992000 6992000 0
4.3699999999999513 0 1 0.0 0.0 53310 53310 0 7001900 7001900 0
4.379999999999951 0 1 0.0 0.0 53380 53380 0 7008200 7008200 0
4.3899999999999508 0 1 0.0 0.0 53510 53510 0 7019900 7019900 0
4.3999999999999506 0 1 0.11392000005017409 0.00079360000047047933 53671 53671 0 7035140 7035140 0
4.4099999999999504 0 1 0.75780361860432965 0.0045566544184972718 53909 53909 0 7077460 7077460 0
4.4199999999999502 0 1 0.25005129851863295 0.0016187664179767925 54085 54085 0 7103400 7103400 0
4.42999999999995 0 1 0.0 0.0 54225 54225 0 7116500 7116500 0
4.4399999999999498 0 1 0.20810996001828119 0.0010266140000325882 54383 54383 0 7133520 7133520 0
4.4499999999999496 0 1 0.94160492357320058 0.0049684898190350772 54620 54620 0 7170600 7170600 0
4.4599999999999493 0 1 0.60073722372423644 0.0039951641565672841 54898 54898 0 7211620 7211620 0
4.4699999999999491 0 1 0.22442447585824732 0.0015967024185492903 55145 55145 0 7240300 7240300 0
4.4799999999999489 0 1 0.2129920000015818 0.0013312000000098862 55272 55272 0 7261380 7261380 0
4.4899999999999487 0 1 0.39172004190036469 0.0035146010481491214 55441 55441 0 7287540 7287540 0
4.4999999999999485 0 1 0.40462220970241852 0.0024729492411169037 55610 55610 0 7317972 7317972 0
4.5099999999999483 0 1 0.42598400000316361 0.0026624000000197725 55761 55761 0 7348840 7348840 0
4.5199999999999481 0 1 0.053248000000395451 0.00033280000000247156 55930 55930 0 7366700 7366700 0
4.5299999999999478 0 1 3.1875560704187191 0.0086503483909263386 56162 56162 0 7395480 7395480 0
4.5399999999999476 0 1 0.053248000000395451 0.00033280000000247156 56335 56335 0 7413900 7413900 0
4.5499999999999474 0 1 0.035720559981911801 0.00033301399984254231 56470 56470 0 7425800 7425800 0
4.5599999999999472 0 1 0.0 0.0 56665 56665 0 7443600 7443600 0
4.569999999999947 0 1 0.073026143258660303 0.00050725358162752006 56883 56883 0 7464692 7464692 0
4.5799999999999468 0 1 2.7065206411770371 0.0099457780006419923 57127 57127 0 7511880 7511880 0
4.5899999999999466 0 1 0.26848255082008737 0.0011090467913810423 57300 57300 0 7533000 7533000 0
4.5999999999999464 0 1 0.035756719977798265 0.00033391799973970393 57410 57410 0 7542900 7542900 0
4.6099999999999461 0 1 0.41970674498693411 0.0039726186262357428 57595 57595 0 7570300 7570300 0
4.6199999999999459 0 1 0.26700800000512576 0.0016832000000910699 57750 57750 0 7595000 7595000 0
4.6299999999999457 0 1 0.85503349683834928 0.0040038118378938631 57993 57993 0 7624320 7624320 0
4.6399999999999455 0 1 0.29159680003588218 0.0018451200002545358 58171 58171 0 7651740 7651740 0
4.6499999999999453 0 1 0.053248000000395451 0.00033280000000247156 58330 58330 0 7668700 7668700 0
4.6599999999999451 0 1 0.26624000000197723 0.0016640000000123579 58565 58565 0 7700600 7700600 0
4.6699999999999449 0 1 0.91772858506866406 0.0068620698341349895 58898 58898 0 7754620 7754620 0
4.6799999999999446 0 1 0.15974400000118635 0.00099840000000741462 59050 59050 0 7776500 7776500 0
4.6899999999999444 0 1 0.0 0.0 59145 59145 0 7784800 7784800 0
4.6999999999999442 0 1 0.34768447776657074 0.003271311944352887 59315 59315 0 7811100 7811100 0
4.709999999999944 0 1 0.03938975997996947 0.00042474399979398409 59455 59455 0 7823700 7823700 0
4.7199999999999438 0 1 0.0 0.0 59555 59555 0 7832700 7832700 0
4.7299999999999436 0 1 0.0 0.0 59650 59650 0 7841000 7841000 0
4.7399999999999434 0 1 0.0 0.0 59745 59745 0 7849800 7849800 0
4.7499999999999432 0 1 0.026866880009635569 0.00043167200036720954 59855 59855 0 7859700 7859700 0
4.7599999999999429 0 1 0.59791684428704028 0.0026534631730968381 59998 59998 0 7880520 7880520 0
4.7699999999999427 0 1 0.78402341807725662 0.0061627075195859393 60275 60275 0 7926000 7926000 0
4.7799999999999425 0 1 1.6381217210572523 0.0065320075738563308 60478 60478 0 7964020 7964020 0
4.7899999999999423 0 1 0.10683240000730848 0.0006740100001678828 60580 60580 0 7978700 7978700 0
4.7999999999999421 0 1 0.0 0.0 60720 60720 0 7991300 7991300 0
4.8099999999999419 0 1 0.26624000000197723 0.0016640000000123579 60885 60885 0 8016900 8016900 0
4.8199999999999417 0 1 0.33208595037238098 0.0029421487599990488 61119 61119 0 8043960 8043960 0
4.8299999999999415 0 1 0.55266761393931785 0.0033978903467791369 61235 61235 0 8069900 8069900 0
4.8399999999999412 0 1 0.055038000002839489 0.0008959500003236278 61325 61325 0 8078000 8078000 0
4.849999999999941 0 1 0.2129920000015818 0.0013312000000098862 61576 61576 0 8104940 8104940 0
4.8599999999999408 0 1 2.8679568766819488 0.0083591296540676662 61728 61728 0 8137820 8137820 0
4.8699999999999406 0 1 0.16493398345574303 0.0011281495863713316 61945 61945 0 8161300 8161300 0
4.8799999999999404 0 1 0.41233712026596858 0.001868236573088251 62135 62135 0 8193000 8193000 0
4.8899999999999402 0 1 0.66731377032242278 0.0036172063605733546 62384 62384 0 8226860 8226860 0
4.89999999999994 0 1 0.19039889332362187 0.0013647723332788366 62618 62618 0 8252720 8252720 0
4.9099999999999397 0 1 0.1064960000007909 0.00066560000000494312 62794 62794 0 8274760 8274760 0
4.9199999999999395 0 1 0.2329977200030747 0.0014740980000205498 62972 62972 0 8298980 8298980 0
4.9299999999999393 0 1 0.2129920000015818 0.0013312000000098862 63156 63156 0 8320540 8320540 0
4.9399999999999391 0 1 0.99851472021656917 0.0055130480013155852 63394 63394 0 8371760 8371760 0
4.9499999999999389 0 1 0.0 0.0 63514 63514 0 8382560 8382560 0
4.9599999999999387 0 1 0.0 0.0 63654 63654 0 8395160 8395160 0
4.9699999999999385 0 1 0.0 0.0 63764 63764 0 8405060 8405060 0
4.9799999999999383 0 1 0.0 0.0 63854 63854 0 8413160 8413160 0
4.989999999999938 0 1 0.0 0.0 63944 63944 0 8421260 8421260 0
4.9999999999999378 0 1 0.20857600000035337 0.0013472000000014648 64175 64175 0 8447700 8447700 0
5.0099999999999376 0 1 0.1064960000007909 0.00066560000000494312 64279 64279 0 8462160 8462160 0
5.0199999999999374 0 1 0.35585402893048773 0.0026514162264846272 64430 64430 0 8478700 8478700 0
5.0299999999999372 0 1 0.576638157385302 0.0043739539353993924 64646 64646 0 8516540 8516540 0
5.039999999999937 0 1 0.0 0.0 64739 64739 0 8524560 8524560 0
5.0499999999999368 0 1 1.3400075772420481 0.010729199676085217 65044 65044 0 8573460 8573460 0
5.0599999999999365 0 1 0.56397184010138579 0.0049664960030782971 65261 65261 0 8611440 8611440 0
5.0699999999999363 0 1 0.2129920000015818 0.0013312000000098862 65428 65428 0 8635620 8635620 0
5.0799999999999361 0 1 0.16027388129558404 0.0010116470323673569 65599 65599 0 8656160 8656160 0
5.0899999999999359 0 1 0.52869336008073442 0.0027935240003885181 65865 65865 0 8691100 8691100 0
5.0999999999999357 0 1 0.59603277982846081 0.0039085769987679819 66013 66013 0 8722720 8722720 0
5.1099999999999355 0 1 1.1091036273246382 0.0071008727668521584 66395 66395 0 8786500 8786500 0
5.1199999999999353 0 1 0.31948800000237271 0.0019968000000148292 66557 66557 0 8814880 8814880 0
5.1299999999999351 0 1 0.26624000000197723 0.0016640000000123579 66724 66724 0 8840760 8840760 0
5.1399999999999348 0 1 0.053248000000395451 0.00033280000000247156 66884 66884 0 8857860 8857860 0
5.1499999999999346 0 1 0.0 0.0 66994 66994 0 8867760 8867760 0
5.1599999999999344 0 1 0.0 0.0 67114 67114 0 8878560 8878560 0
5.1699999999999342 0 1 0.90963008002626633 0.0062348620004649908 67389 67389 0 8922060 8922060 0
5.179999999999934 0 1 2.3529228751315192 0.010648881471109433 67697 67697 0 8970880 8970880 0
5.1899999999999338 0 1 4.360604500638936 0.017583117264497281 68052 68052 0 9037980 9037980 0
5.1999999999999336 0 1 0.95537705473846912 0.0064489188653206447 68399 68399 0 9100232 9100232 0
5.2099999999999334 0 1 0.78106489313968797 0.0061178543336205728 68652 68652 0 9147980 9147980 0
5.2199999999999331 0 1 0.42796781868582401 0.0036495954680582864 68902 68902 0 9176280 9176280 0
5.2299999999999329 0 1 1.719101094987644 0.007694976151118191 69146 69146 0 9219440 9219440 0
5.2399999999999327 0 1 2.1721363098930375 0.0065986816638387309 69426 69426 0 9269540 9269540 0
5.2499999999999325 0 1 0.0 0.0 69561 69561 0 9281440 9281440 0
5.2599999999999323 0 1 0.22144000000424074 0.0014624000001184669 69746 69746 0 9306140 9306140 0
5.2699999999999321 0 1 0.053248000000395451 0.00033280000000247156 69861 69861 0 9319440 9319440 0
5.2799999999999319 0 1 2.0265165794001381 0.0048522096602888675 70059 70058 0 9342760 9342600 0
5.2899999999999316 0 1 2.2777747588414372 0.0079574679410223149 70228 70228 0 9382220 9382220 0
5.2999999999999314 0 1 0.96730093914063464 0.0042180274707704704 70344 70344 0 9399432 9399432 0
5.3099999999999312 0 1 0.59323628255257987 0.0024568565308414306 70500 70500 0 9420000 9420000 0
5.319999999999931 0 1 0.0 0.0 70655 70655 0 9433700 9433700 0
5.3299999999999308 0 1 0.0 0.0 70750 70750 0 9442500 9442500 0
5.3399999999999306 0 1 0.0 0.0 70880 70880 0 9454200 9454200 0
5.3499999999999304 0 1 0.0 0.0 71000 71000 0 9465000 9465000 0
5.3599999999999302 0 1 0.0 0.0 71115 71115 0 9475100 9475100 0
5.3699999999999299 0 1 0.0 0.0 71230 71230 0 9485700 9485700 0
5.3799999999999297 0 1 0.0 0.0 71360 71360 0 9497400 9497400 0
5.3899999999999295 0 1 0.1768959999779478 0.0016255999998549334 71602 71602 0 9522180 9522180 0
5.3999999999999293 0 1 0.51472711467505083 0.0033367488669889412 71885 71885 0 9563900 9563900 0
5.4099999999999291 0 1 0.69618553295819718 0.0033396614679049464 72105 72105 0 9596700 9596700 0
5.4199999999999289 0 1 0.2129920000015818 0.0013312000000098862 72280 72280 0 9620000 9620000 0
5.4299999999999287 0 1 0.053248000000395451 0.00033280000000247156 72485 72485 0 9641400 9641400 0
5.4399999999999284 0 1 0.26624000000197723 0.0016640000000123579 72685 72685 0 9670400 9670400 0
5.4499999999999282 0 1 1.1418985604233955 0.0037259600009776589 72830 72830 0 9694200 9694200 0
5.459999999999928 0 1 0.2129920000015818 0.0013312000000098862 72958 72958 0 9713920 9713920 0
5.4699999999999278 0 1 0.64881361533332405 0.002778840109041229 73165 73165 0 9735100 9735100 0
5.4799999999999276 0 1 0.0 0.0 73295 73295 0 9746800 9746800 0
5.4899999999999274 0 1 0.2170295140135938 0.001431347918412515 73459 73459 0 9769560 9769560 0
5.4999999999999272 0 1 0.053248000000395451 0.00033280000000247156 73550 73550 0 9780500 9780500 0
5.509999999999927 0 1 0.056987279968724429 0.00054468199968128511 73740 73740 0 9797600 9797600 0
5.5199999999999267 0 1 0.1064960000007909 0.00066560000000494312 73939 73939 0 9814860 9814860 0
5.5299999999999265 0 1 0.9550426404271154 0.005854876002953216 74207 74207 0 9871480 9871480 0
5.5399999999999263 0 1 0.011714360024228904 8.3674000173063602e-05 74265 74265 0 9877100 9877100 0
5.5499999999999261 0 1 0.15974400000118635 0.00099840000000741462 74440 74440 0 9898200 9898200 0
5.5599999999999259 0 1 0.29747199991093176 0.002483199999314731 74560 74560 0 9914400 9914400 0
5.5699999999999257 0 1 0.1064960000007909 0.00066560000000494312 74676 74676 0 9926040 9926040 0
5.5799999999999255 0 1 0.51219448215179519 0.0039600620541869478 74850 74850 0 9962000 9962000 0
5.5899999999999253 0 1 0.11462240000881496 0.00078876000024765151 75030 75030 0 9980600 9980600 0
5.599999999999925 0 1 0.52504730858339299 0.0047509462825169229 75223 75223 0 10009320 10009320 0
5.6099999999999248 0 1 0.34195480001351813 0.0018560200000017741 75412 75412 0 10038780 10038780 0
5.6199999999999246 0 1 0.1064960000007909 0.00066560000000494312 75555 75555 0 10057700 10057700 0
5.6299999999999244 0 1 0.25044455278689348 0.001838713819868371 75768 75768 0 10084820 10084820 0
5.6399999999999242 0 1 0.053248000000395451 0.00033280000000247156 75890 75890 0 10098600 10098600 0
5.649999999999924 0 1 0.0 0.0 75990 75990 0 10107600 10107600 0
5.6599999999999238 0 1 0.1064960000007909 0.00066560000000494312 76171 76171 0 10126840 10126840 0
5.6699999999999235 0 1 0.6854557309974898 0.0035100214544670689 76430 76430 0 10168700 10168700 0
5.6799999999999233 0 1 0.0 0.0 76560 76560 0 10179900 10179900 0
5.6899999999999231 0 1 0.74275198165062928 0.0061645495417651719 76813 76813 0 10217320 10217320 0
5.6999999999999229 0 1 0.78066701038467801 0.005071967454917223 77032 77032 0 10260080 10260080 0
5.7099999999999227 0 1 0.73004745446960007 0.0057341981800186461 77323 77323 0 10307320 10307320 0
5.7199999999999225 0 1 0.26725095998259579 0.001689273999527821 77521 77521 0 10337040 10337040 0
5.7299999999999223 0 1 0.40529679998614099 0.0027148199998273136 77720 77720 0 10370800 10370800 0
5.7399999999999221 0 1 0.0 0.0 77810 77810 0 10378900 10378900 0
5.7499999999999218 0 1 0.23576723306817873 0.00166058082680113 78020 78020 0 10405100 10405100 0
5.7599999999999216 0 1 0.26624000000197723 0.0016640000000123579 78220 78220 0 10434100 10434100 0
5.7699999999999214 0 1 0.053248000000395451 0.00033280000000247156 78360 78360 0 10449900 10449900 0
5.7799999999999212 0 1 0.0 0.0 78410 78410 0 10454400 10454400 0
5.789999999999921 0 1 0.0 0.0 78570 78570 0 10468800 10468800 0
5.7999999999999208 0 1 1.9183155195264998 0.0051641599990049905 78665 78665 0 10488100 10488100 0
5.8099999999999206 0 1 0.0 0.0 78705 78705 0 10491700 10491700 0
5.8199999999999203 0 1 0.1064960000007909 0.00066560000000494312 78829 78829 0 10505960 10505960 0
5.8299999999999201 0 1 0.15974400000118635 0.00099840000000741462 78930 78930 0 10522700 10522700 0
5.8399999999999199 0 1 0.15974400000118635 0.00099840000000741462 79051 79051 0 10539240 10539240 0
5.8499999999999197 0 1 0.1064960000007909 0.00066560000000494312 79145 79145 0 10552800 10552800 0
5.8599999999999195 0 1 0.0 0.0 79295 79295 0 10566300 10566300 0
5.8699999999999193 0 1 0.0 0.0 79430 79430 0 10578200 10578200 0
5.8799999999999191 0 1 0.029278400010213715 0.00049196000038166318 79545 79545 0 10588800 10588800 0
5.8899999999999189 0 1 2.9035571199330596 0.0076663199999772967 79682 79682 0 10611780 10611780 0
5.8999999999999186 0 1 0.0 0.0 79810 79810 0 10623400 10623400 0
5.9099999999999184 0 1 0.0 0.0 79925 79925 0 10633500 10633500 0
5.9199999999999182 0 1 0.1640149999744302 0.0013835749997248865 80062 80062 0 10649452 10649452 0
5.929999999999918 0 1 0.15974400000118635 0.00099840000000741462 80205 80205 0 10669700 10669700 0
5.9399999999999178 0 1 0.0 0.0 80365 80365 0 10684100 10684100 0
5.9499999999999176 0 1 0.065321999986879542 0.00083305000009305631 80485 80485 0 10694900 10694900 0
5.9599999999999174 0 1 0.040488319978494197 0.00045220799975710234 80635 80635 0 10708400 10708400 0
5.9699999999999172 0 1 0.0 0.0 80660 80660 0 10710400 10710400 0
5.9799999999999169 0 1 0.0 0.0 80795 80795 0 10722800 10722800 0
5.9899999999999167 0 1 0.069317193037933628 0.00049452982606724646 80932 80932 0 10735680 10735680 0
5.9999999999999165 0 1 0.77055270027132616 0.0049779362440994738 81197 81197 0 10775752 10775752 0
6.0099999999999163 0 1 0.31948800000237271 0.0019968000000148292 81310 81310 0 10801400 10801400 0
6.0199999999999161 0 1 0.0 0.0 81430 81430 0 10812200 10812200 0
6.0299999999999159 0 1 0.26700800000512576 0.0016832000000910699 81565 81565 0 10835100 10835100 0
6.0399999999999157 0 1 0.26624000000197723 0.0016640000000123579 81710 81710 0 10858900 10858900 0
6.0499999999999154 0 1 0.025600000011394831 0.00040000000041119107 81937 81937 0 10878552 10878552 0
6.0599999999999152 0 1 0.26624000000197723 0.0016640000000123579 82115 82115 0 10906100 10906100 0
6.069999999999915 0 1 1.6311846402743762 0.0044589400005180368 82313 82313 0 10932120 10932120 0
6.0799999999999148 0 1 0.053248000000395451 0.00033280000000247156 82450 82450 0 10947000 10947000 0
6.0899999999999146 0 1 0.0 0.0 82565 82565 0 10957100 10957100 0
6.0999999999999144 0 1 0.0 0.0 82700 82700 0 10969500 10969500 0
6.1099999999999142 0 1 0.0 0.0 82840 82840 0 10982100 10982100 0
6.119999999999914 0 1 0.0 0.0 83030 83030 0 10996700 10996700 0
6.1299999999999137 0 1 0.47821720010895374 0.0024169800005858183 83225 83225 0 11028072 11028072 0
6.1399999999999135 0 1 0.15974400000118635 0.00099840000000741462 83377 83377 0 11048580 11048580 0
6.1499999999999133 0 1 0.77169040707014114 0.0044535883984232307 83622 83622 0 11090180 11090180 0
6.1599999999999131 0 1 0.16752895615823962 0.0011015496868438624 83715 83715 0 11103600 11103600 0
6.1699999999999129 0 1 0.15974400000118635 0.00099840000000741462 83908 83908 0 11126720 11126720 0
6.1799999999999127 0 1 0.34048276844523445 0.0024691840605939844 84005 84005 0 11140700 11140700 0
6.1899999999999125 0 1 0.15974400000118635 0.00099840000000741462 84185 84185 0 11162000 11162000 0
6.1999999999999122 0 1 0.12083200000390351 0.00078400000020907861 84380 84380 0 11183200 11183200 0
6.209999999999912 0 1 2.2283256624497958 0.0082019127476408802 84582 84582 0 11221780 11221780 0
6.2199999999999118 0 1 0.053248000000395451 0.00033280000000247156 84690 84690 0 11234600 11234600 0
6.2299999999999116 0 1 0.0017672000076629879 4.4180000191574696e-05 84800 84800 0 11244500 11244500 0
6.2399999999999114 0 1 1.2583613178304189 0.009465810612052851 84965 84965 0 11269600 11269600 0
6.2499999999999112 0 1 0.0 0.0 85075 85075 0 11280000 11280000 0
6.259999999999911 0 1 0.055807999990166245 0.00036479999998562882 85216 85216 0 11293440 11293440 0
6.2699999999999108 0 1 0.44797688000742641 0.0042106220001337574 85470 85470 0 11328400 11328400 0
6.2799999999999105 0 1 0.2998749599747505 0.0019410739997561125 85657 85657 0 11357080 11357080 0
6.2899999999999103 0 1 0.17491520000590216 0.0012976800001674171 85857 85857 0 11378880 11378880 0
6.2999999999999101 0 1 0.70870554570243005 0.003926447570901187 86104 86104 0 11426160 11426160 0
6.3099999999999099 0 1 0.1064960000007909 0.00066560000000494312 86270 86270 0 11444300 11444300 0
6.3199999999999097 0 1 1.1251302972649553 0.0063564739203771058 86524 86524 0 11496460 11496460 0
6.3299999999999095 0 1 0.70546180348573351 0.0048557121201221387 86804 86804 0 11543160 11543160 0
6.3399999999999093 0 1 0.21458211255165796 0.0013709528137617903 86959 86959 0 11565160 11565160 0
6.3499999999999091 0 1 0.29346336368406073 0.0023134852543905066 87087 87087 0 11584380 11584380 0
6.3599999999999088 0 1 0.12064837655146023 0.00077940941389799672 87299 87299 0 11607460 11607460 0
6.3699999999999086 0 1 0.37844371725093945 0.0031682929314769803 87389 87389 0 11628060 11628060 0
6.3799999999999084 0 1 1.7171090450390036 0.010052497442014856 87754 87754 0 11680660 11680660 0
6.3899999999999082 0 1 0.53955984803978385 0.0034375312002233494 87962 87962 0 11722280 11722280 0
6.399999999999908 0 1 0.0 0.0 88029 88029 0 11728660 11728660 0
6.4099999999999078 0 1 0.0 0.0 88169 88169 0 11741260 11741260 0
6.4199999999999076 0 1 0.63085704624904715 0.0036895217587763159 88329 88329 0 11763460 11763460 0
6.4299999999999073 0 1 0.26624000000197723 0.0016640000000123579 88476 88476 0 11787540 11787540 0
6.4399999999999071 0 1 0.41184600006226357 0.002291700000345336 88669 88669 0 11818260 11818260 0
6.4499999999999069 0 1 0.21376000000473028 0.0013504000000885985 88850 88850 0 11842900 11842900 0
6.4599999999999067 0 1 0.053248000000395451 0.00033280000000247156 88979 88979 0 11857160 11857160 0
6.4699999999999065 0 1 0.2431705679804049 0.001656864199706156 89140 89140 0 11879500 11879500 0
6.4799999999999063 0 1 0.053248000000395451 0.00033280000000247156 89404 89404 0 11904660 11904660 0
6.4899999999999061 0 1 0.35257519997387771 0.0019158799997143613 89589 89589 0 11933560 11933560 0
6.4999999999999059 0 1 0.27839999999912973 0.0018080000000253835 89774 89774 0 11960960 11960960 0
6.5099999999999056 0 1 0.0 0.0 89959 89959 0 11977360 11977360 0
6.5199999999999054 0 1 0.0 0.0 90054 90054 0 11986160 11986160 0
6.5299999999999052 0 1 1.2061861619798977 0.0037682249194760068 90309 90309 0 12017160 12017160 0
6.539999999999905 0 1 0.053248000000395451 0.00033280000000247156 90419 90419 0 12029760 12029760 0
6.5499999999999048 0 1 0.0 0.0 90519 90519 0 12038760 12038760 0
6.5599999999999046 0 1 0.0 0.0 90669 90669 0 12052260 12052260 0
6.5699999999999044 0 1 0.0240286000163797 0.00019449000010496735 90799 90799 0 12063960 12063960 0
6.5799999999999041 0 1 0.13683200002568022 0.00089600000023894698 90948 90948 0 12079720 12079720 0
6.5899999999999039 0 1 0.17451240000810148 0.0012876100002223998 91115 91115 0 12099700 12099700 0
6.5999999999999037 0 1 0.77995054300254441 0.0038741610210558377 91249 91249 0 12125960 12125960 0
6.6099999999999035 0 1 0.0 0.0 91359 91359 0 12135860 12135860 0
6.6199999999999033 0 1 1.9865748477827052 0.0058894479996852859 91511 91511 0 12163540 12163540 0
6.6299999999999031 0 1 0.15974400000118635 0.00099840000000741462 91669 91669 0 12185260 12185260 0
6.6399999999999029 0 1 0.0 0.0 91719 91719 0 12189760 12189760 0
6.6499999999999027 0 1 0.014793600016105617 0.00028984000044474719 91844 91844 0 12200760 12200760 0
6.6599999999999024 0 1 0.26624000000197723 0.0016640000000123579 92004 92004 0 12226160 12226160 0
6.6699999999999022 0 1 0.95600399984620932 0.0052350999979468025 92228 92228 0 12260992 12260992 0
6.679999999999902 0 1 0.31948800000237271 0.0019968000000148292 92334 92334 0 12285160 12285160 0
6.6899999999999018 0 1 0.15974400000118635 0.00099840000000741462 92486 92486 0 12305040 12305040 0
6.6999999999999016 0 1 0.15974400000118635 0.00099840000000741462 92614 92614 0 12324060 12324060 0
6.7099999999999014 0 1 0.0 0.0 92774 92774 0 12338460 12338460 0
6.7199999999999012 0 1 0.0 0.0 92864 92864 0 12346060 12346060 0
6.729999999999901 0 1 0.0 0.0 93024 93024 0 12360960 12360960 0
6.7399999999999007 0 1 0.0 0.0 93204 93204 0 12377160 12377160 0
6.7499999999999005 0 1 0.0 0.0 93254 93254 0 12381660 12381660 0
6.7599999999999003 0 1 0.0 0.0 93364 93364 0 12391560 12391560 0
6.7699999999999001 0 1 0.2129920000015818 0.0013312000000098862 93498 93498 0 12411620 12411620 0
6.7799999999998999 0 1 0.65544448096944996 0.0041724891498341249 93729 93729 0 12456660 12456660 0
6.7899999999998997 0 1 0.0 0.0 93829 93829 0 12465660 12465660 0
6.7999999999998995 0 1 0.0 0.0 93899 93899 0 12471960 12471960 0
6.8099999999998992 0 1 0.0 0.0 93989 93989 0 12480060 12480060 0
6.819999999999899 0 1 0.03650759998308295 0.00035268999987182113 94069 94069 0 12487260 12487260 0
6.8299999999998988 0 1 0.42598400000316361 0.0026624000000197725 94252 94252 0 12519480 12519480 0
6.8399999999998986 0 1 0.43020800001515119 0.0025984000000534579 94413 94413 0 12550520 12550520 0
6.8499999999998984 0 1 0.053248000000395451 0.00033280000000247156 94633 94633 0 12571892 12571892 0
6.8599999999998982 0 1 0.2129920000015818 0.0013312000000098862 94798 94798 0 12595920 12595920 0
6.869999999999898 0 1 0.0 0.0 95008 95008 0 12614820 12614820 0
6.8799999999998978 0 1 0.0 0.0 95168 95168 0 12629220 12629220 0
6.8899999999998975 0 1 0.0 0.0 95258 95258 0 12637320 12637320 0
6.8999999999998973 0 1 0.15974400000118635 0.00099840000000741462 95381 95381 0 12654140 12654140 0
6.9099999999998971 0 1 0.1064960000007909 0.00066560000000494312 95543 95543 0 12673720 12673720 0
6.9199999999998969 0 1 0.0 0.0 95639 95639 0 12682160 12682160 0
6.9299999999998967 0 1 0.0 0.0 95723 95723 0 12689920 12689920 0
6.9399999999998965 0 1 0.28375844003357181 0.0015628460002581669 95904 95904 0 12711360 12711360 0
6.9499999999998963 0 1 1.8816741689715546 0.0092479769596034191 96228 96228 0 12764920 12764920 0
6.959999999999896 0 1 0.11793879999544539 0.001230070000257681 96378 96378 0 12781120 12781120 0
6.9699999999998958 0 1 0.0 0.0 96468 96468 0 12789220 12789220 0
6.9799999999998956 0 1 0.26624000000197723 0.0016640000000123579 96648 96648 0 12815920 12815920 0
6.9899999999998954 0 1 0.36044855906426021 0.003302413977479616 96790 96790 0 12837100 12837100 0
6.9999999999998952 0 1 1.2875687529128319 0.0070696989124209696 97098 97098 0 12888920 12888920 0
7.009999999999895 0 1 0.0 0.0 97198 97198 0 12897920 12897920 0
7.0199999999998948 0 1 0.0 0.0 97248 97248 0 12902420 12902420 0
7.0299999999998946 0 1 0.0 0.0 97413 97413 0 12917020 12917020 0
7.0399999999998943 0 1 0.0 0.0 97508 97508 0 12925820 12925820 0
7.0499999999998941 0 1 0.0 0.0 97688 97688 0 12942020 12942020 0
7.0599999999998939 0 1 0.0 0.0 97908 97908 0 12961320 12961320 0
7.0699999999998937 0 1 0.32034259998426479 0.0021875899998136574 98098 98098 0 12988920 12988920 0
7.0799999999998935 0 1 0.2874888623090105 0.0019413154451087126 98278 98278 0 13016620 13016620 0
7.0899999999998933 0 1 1.0838602120547112 0.0045350894001040384 98478 98478 0 13056120 13056120 0
7.0999999999998931 0 1 0.33141099558876158 0.0021348748897587655 98724 98724 0 13087260 13087260 0
7.1099999999998929 0 1 1.6412156521284156 0.0076825076627430851 98974 98974 0 13143760 13143760 0
7.1199999999998926 0 1 0.2144951303755295 0.0013419366455380841 99093 99093 0 13165220 13165220 0
7.1299999999998924 0 1 0.0 0.0 99203 99203 0 13175120 13175120 0
7.1399999999998922 0 1 0.0 0.0 99338 99338 0 13187020 13187020 0
7.149999999999892 0 1 0.0 0.0 99483 99483 0 13200320 13200320 0
7.1599999999998918 0 1 0.0 0.0 99593 99593 0 13210220 13210220 0
7.1699999999998916 0 1 0.63724012437306432 0.0052558031106820788 99916 99916 0 13253040 13253040 0
7.1799999999998914 0 1 0.45100827776033264 0.0025714305553315433 100087 100087 0 13283680 13283680 0
7.1899999999998911 0 1 0.61164769666889518 0.0055951924170295573 100303 100303 0 13322320 13322320 0
7.1999999999998909 0 1 0.1064960000007909 0.00066560000000494312 100447 100447 0 13340880 13340880 0
7.2099999999998907 0 1 0.0 0.0 100527 100527 0 13348080 13348080 0
7.2199999999998905 0 1 0.16742400000069682 0.001110400000037283 100668 100668 0 13366420 13366420 0
7.2299999999998903 0 1 0.32268800000424114 0.0020768000000615404 100851 100851 0 13395740 13395740 0
7.2399999999998901 0 1 0.053248000000395451 0.00033280000000247156 101012 101012 0 13412980 13412980 0
7.2499999999998899 0 1 0.0 0.0 101097 101097 0 13420880 13420880 0
7.2599999999998897 0 1 2.1185238408975691 0.0056573200019728416 101324 101324 0 13462460 13462460 0
7.2699999999998894 0 1 0.42675200000631208 0.0026816000000984847 101514 101514 0 13495660 13495660 0
7.2799999999998892 0 1 0.64174335999497545 0.0025976399999905753 101687 101687 0 13522880 13522880 0
7.289999999999889 0 1 0.1064960000007909 0.00066560000000494312 101799 101799 0 13537960 13537960 0
7.2999999999998888 0 1 0.8467786625349486 0.0045911054198378579 102014 102014 0 13568060 13568060 0
7.3099999999998886 0 1 0.0 0.0 102174 102174 0 13582460 13582460 0
7.3199999999998884 0 1 0.0 0.0 102284 102284 0 13592360 13592360 0
7.3299999999998882 0 1 0.6054515200428896 0.0046242880006098653 102542 102542 0 13636980 13636980 0
7.3399999999998879 0 1 0.0 0.0 102619 102619 0 13643760 13643760 0
7.3499999999998877 0 1 0.51005028026162003 0.0031903420015134258 102896 102896 0 13676340 13676340 0
7.3599999999998875 0 1 0.2129920000015818 0.0013312000000098862 103081 103081 0 13702412 13702412 0
7.3699999999998873 0 1 0.11494400000344986 0.00079680000011352373 103261 103261 0 13722512 13722512 0
7.3799999999998871 0 1 0.54058548265346662 0.0042410370669544242 103470 103470 0 13758000 13758000 0
7.3899999999998869 0 1 0.1064960000007909 0.00066560000000494312 103584 103584 0 13773860 13773860 0
7.3999999999998867 0 1 0.37129988005589437 0.0020793420003606842 103799 103799 0 13803960 13803960 0
7.4099999999998865 0 1 0.19125519999719084 0.0015461800000338474 103956 103956 0 13824412 13824412 0
7.4199999999998862 0 1 0.26117771931666867 0.0017704694236897844 104084 104084 0 13840360 13840360 0
7.429999999999886 0 1 0.29734400003001504 0.0019136000003250738 104285 104285 0 13869000 13869000 0
7.4399999999998858 0 1 0.26624000000197723 0.0016640000000123579 104434 104434 0 13893360 13893360 0
7.4499999999998856 0 1 0.2129920000015818 0.0013312000000098862 104552 104552 0 13913052 13913052 0
7.4599999999998854 0 1 0.31043709978995743 0.0020985507128479688 104857 104857 0 13946680 13946680 0
7.4699999999998852 0 1 3.5896589212115568 0.01232021064065973 105141 105141 0 14012112 14012112 0
7.479999999999885 0 1 0.2129920000015818 0.0013312000000098862 105272 105272 0 14033380 14033380 0
7.4899999999998847 0 1 0.067396200005732987 0.0011249050004380719 105432 105432 0 14047780 14047780 0
7.4999999999998845 0 1 1.5020238545730855 0.0044750580808995254 105597 105597 0 14073380 14073380 0
7.5099999999998843 0 1 0.0 0.0 105707 105707 0 14083280 14083280 0
7.5199999999998841 0 1 0.073599999979025346 0.0010399999998967012 105857 105857 0 14095280 14095280 0
7.5299999999998839 0 1 0.57031480784070054 0.0027575629128585057 106102 106102 0 14129580 14129580 0
7.5399999999998837 0 1 0.30269777133896203 0.002575444283436978 106282 106282 0 14154780 14154780 0
7.5499999999998835 0 1 0.26624000000197723 0.0016640000000123579 106417 106417 0 14176180 14176180 0
7.5599999999998833 0 1 0.46280036346147846 0.003342809086603964 106650 106650 0 14216400 14216400 0
7.569999999999883 0 1 0.34381889494171269 0.0021401323717640708 106828 106828 0 14241120 14241120 0
7.5799999999998828 0 1 1.7444185440166053 0.0052329480003444626 107008 107008 0 14270020 14270020 0
7.5899999999998826 0 1 0.31948800000237271 0.0019968000000148292 107145 107145 0 14295900 14295900 0
7.5999999999998824 0 1 0.053248000000395451 0.00033280000000247156 107270 107270 0 14309800 14309800 0
7.6099999999998822 0 1 0.045235999991178742 0.00065090000003210913 107397 107397 0 14321380 14321380 0
7.619999999999882 0 1 0.0 0.0 107487 107487 0 14329480 14329480 0
7.6299999999998818 0 1 0.26624000000197723 0.0016640000000123579 107662 107662 0 14355980 14355980 0
7.6399999999998816 0 1 0.42156800000193517 0.0026784000000113512 107853 107853 0 14386120 14386120 0
7.6499999999998813 0 1 1.4436034198098777 0.0048558925428211419 108067 108067 0 14424680 14424680 0
7.6599999999998811 0 1 0.2739200000014877 0.0017760000000422262 108212 108212 0 14448480 14448480 0
7.6699999999998809 0 1 0.049881599943902795 0.00049343999952712267 108322 108322 0 14458380 14458380 0
7.6799999999998807 0 1 0.00076800000314848876 1.920000007871222e-05 108431 108431 0 14468384 14468384 0
7.6899999999998805 0 1 0.26624000000197723 0.0016640000000123579 108572 108572 0 14491380 14491380 0
7.6999999999998803 0 1 0.5479033199090938 0.0034509060001575902 108790 108790 0 14529700 14529700 0
7.7099999999998801 0 1 0.056116098271276144 0.000404502456774489 108936 108936 0 14545440 14545440 0
7.7199999999998798 0 1 0.89572879204597688 0.0055904555149589663 109212 109212 0 14591980 14591980 0
7.7299999999998796 0 1 0.0 0.0 109277 109277 0 14598080 14598080 0
7.7399999999998794 0 1 0.22863690971064932 0.0014823227428628944 109452 109452 0 14621880 14621880 0
7.7499999999998792 0 1 0.2129920000015818 0.0013312000000098862 109621 109621 0 14645340 14645340 0
7.759999999999879 0 1 0.25731896000245608 0.0015465240001511279 109817 109817 0 14668180 14668180 0
7.7699999999998788 0 1 0.2129920000015818 0.0013312000000098862 109929 109929 0 14686160 14686160 0
7.7799999999998786 0 1 0.053248000000395451 0.00033280000000247156 110087 110087 0 14702980 14702980 0
7.7899999999998784 0 1 0.28463183313221557 0.0020485689710803439 110290 110290 0 14729200 14729200 0
7.7999999999998781 0 1 0.2129920000015818 0.0013312000000098862 110525 110525 0 14755400 14755400 0
7.8099999999998779 0 1 0.37273600000276813 0.0023296000000173011 110657 110657 0 14786780 14786780 0
7.8199999999998777 0 1 0.26787412626916879 0.0017048531566921463 110892 110892 0 14818180 14818180 0
7.8299999999998775 0 1 0.0 0.0 111027 111027 0 14830580 14830580 0
7.8399999999998773 0 1 0.0 0.0 111152 111152 0 14842080 14842080 0
7.8499999999998771 0 1 0.26624000000197723 0.0016640000000123579 111327 111327 0 14868580 14868580 0
7.8599999999998769 0 1 0.0 0.0 111547 111547 0 14888380 14888380 0
7.8699999999998766 0 1 0.30286683136893733 0.0033476707848479497 111704 111704 0 14907960 14907960 0
7.8799999999998764 0 1 0.41276751198894063 0.0029015877998973048 111837 111837 0 14935980 14935980 0
7.8899999999998762 0 1 0.26624000000197723 0.0016640000000123579 112022 112022 0 14963380 14963380 0
7.899999999999876 0 1 0.0 0.0 112112 112112 0 14971480 14971480 0
7.9099999999998758 0 1 0.12659255371972036 0.000848013843146607 112291 112291 0 14991812 14991812 0
7.9199999999998756 0 1 0.1064960000007909 0.00066560000000494312 112396 112396 0 15004540 15004540 0
7.9299999999998754 0 1 0.090069919981063645 0.0006933479998139239 112527 112527 0 15019580 15019580 0
7.9399999999998752 0 1 1.1892217933017233 0.00421496084239701 112707 112707 0 15046280 15046280 0
7.9499999999998749 0 1 1.1124522476319025 0.0051221513721167993 112911 112911 0 15083640 15083640 0
7.9599999999998747 0 1 0.053248000000395451 0.00033280000000247156 113052 113052 0 15099080 15099080 0
7.9699999999998745 0 1 0.0 0.0 113212 113212 0 15113480 15113480 0
7.9799999999998743 0 1 0.75499494421082336 0.0018195520004482934 113405 113405 0 15132572 15132572 0
7.9899999999998741 0 1 0.94023532549842648 0.0046350379157012889 113635 113635 0 15176100 15176100 0
7.9999999999998739 0 1 0.55817144003854702 0.0032417960001752256 113862 113862 0 15214980 15214980 0
8.0099999999998737 0 1 0.0 0.0 113962 113962 0 15223980 15223980 0
8.0199999999998735 0 1 0.43921356777617376 0.0031433055500685427 114137 114137 0 15250480 15250480 0
8.0299999999998732 0 1 0.0 0.0 114257 114257 0 15261280 15261280 0
8.039999999999873 0 1 0.021016319990963431 0.00020540799994251286 114370 114370 0 15271300 15271300 0
8.0499999999998728 0 1 0.0 0.0 114507 114507 0 15283780 15283780 0
8.0599999999998726 0 1 0.0 0.0 114577 114577 0 15290080 15290080 0
8.0699999999998724 0 1 0.2129920000015818 0.0013312000000098862 114774 114774 0 15315460 15315460 0
8.0799999999998722 0 1 0.52558300743826847 0.002485592909984344 114945 114945 0 15339200 15339200 0
8.089999999999872 0 1 3.528069152076871 0.011955954450648931 115251 115251 0 15388240 15388240 0
8.0999999999998717 0 1 2.4691520705758836 0.0094455375425186242 115539 115539 0 15449060 15449060 0
8.1099999999998715 0 1 0.053248000000395451 0.00033280000000247156 115612 115612 0 15458480 15458480 0
8.1199999999998713 0 1 0.50927475204433059 0.0042822688016031863 115831 115831 0 15492040 15492040 0
8.1299999999998711 0 1 0.50523571252726296 0.0046340928141931238 116017 116017 0 15521780 15521780 0
8.1399999999998709 0 1 0.53248000000395446 0.0033280000000247157 116302 116302 0 15569552 15569552 0
8.1499999999998707 0 1 0.1064960000007909 0.00066560000000494312 116537 116537 0 15595480 15595480 0
8.1599999999998705 0 1 0.29861440005519241 0.0019453600007324626 116802 116802 0 15630080 15630080 0
8.1699999999998703 0 1 1.2437927623182341 0.0039550728015314849 117018 117018 0 15660020 15660020 0
8.17999999999987 0 1 0.22284199056344298 0.0015774497640564159 117172 117172 0 15684880 15684880 0
8.1899999999998698 0 1 0.0 0.0 117252 117252 0 15692080 15692080 0
8.1999999999998696 0 1 0.15974400000118635 0.00099840000000741462 117467 117467 0 15716780 15716780 0
8.2099999999998694 0 1 0.34531499424873174 0.0028216748582111143 117647 117647 0 15738380 15738380 0
8.2199999999998692 0 1 0.0 0.0 117817 117817 0 15753680 15753680 0
8.229999999999869 0 1 0.0 0.0 117907 117907 0 15761780 15761780 0
8.2399999999998688 0 1 0.7245715639499094 0.0043493117161120627 118131 118131 0 15798240 15798240 0
8.2499999999998685 0 1 0.50752466844629052 0.0044832667150275073 118407 118407 0 15832752 15832752 0
8.2599999999998683 0 1 0.37273600000276813 0.0023296000000173011 118514 118514 0 15859260 15859260 0
8.2699999999998681 0 1 0.0 0.0 118597 118597 0 15866880 15866880 0
8.2799999999998679 0 1 0.0 0.0 118762 118762 0 15881480 15881480 0
8.2899999999998677 0 1 0.0 0.0 118857 118857 0 15890280 15890280 0
8.2999999999998675 0 1 0.26624000000197723 0.0016640000000123579 119042 119042 0 15917680 15917680 0
8.3099999999998673 0 1 0.60198947543811565 0.0039303368856381258 119338 119338 0 15962620 15962620 0
8.3199999999998671 0 1 1.7447326728700234 0.0049888720013769828 119512 119512 0 15991980 15991980 0
8.3299999999998668 0 1 0.0 0.0 119567 119567 0 15997180 15997180 0
8.3399999999998666 0 1 0.26624000000197723 0.0016640000000123579 119768 119768 0 16023820 16023820 0
8.3499999999998664 0 1 0.49128179995961913 0.0031612699997297217 119992 119992 0 16061980 16061980 0
8.3599999999998662 0 1 0.13153631992679773 0.0012916079981551141 120102 120102 0 16075780 16075780 0
8.369999999999866 0 1 0.58937118611625128 0.0043662796535671551 120289 120289 0 16112260 16112260 0
8.3799999999998658 0 1 0.26624000000197723 0.0016640000000123579 120437 120437 0 16139980 16139980 0
8.3899999999998656 0 1 0.0 0.0 120507 120507 0 16146280 16146280 0
8.3999999999998654 0 1 0.0 0.0 120637 120637 0 16157980 16157980 0
8.4099999999998651 0 1 0.26624000000197723 0