0 0 1 0 0 0 0 0 0 0 0
0.01 0 1 0.0 0.0 0 0 0 0 0 0
0.02 0 1 0.0 0.0 0 0 0 0 0 0
0.029999999999999999 0 1 0.0 0.0 0 0 0 0 0 0
0.040000000000000001 0 1 0.0 0.0 0 0 0 0 0 0
0.050000000000000003 0 1 0.0 0.0 0 0 0 0 0 0
0.060000000000000005 0 1 0.0 0.0 0 0 0 0 0 0
0.070000000000000007 0 1 0.0 0.0 0 0 0 0 0 0
0.080000000000000002 0 1 0.0 0.0 0 0 0 0 0 0
0.089999999999999997 0 1 0.0 0.0 0 0 0 0 0 0
0.099999999999999992 0 1 0.0 0.0 0 0 0 0 0 0
0.10999999999999999 0 1 0.0 0.0 0 0 0 0 0 0
0.11999999999999998 0 1 0.0 0.0 0 0 0 0 0 0
0.12999999999999998 0 1 0.0 0.0 0 0 0 0 0 0
0.13999999999999999 0 1 0.0 0.0 0 0 0 0 0 0
0.14999999999999999 0 1 0.0 0.0 0 0 0 0 0 0
0.16 0 1 0.0 0.0 0 0 0 0 0 0
0.17000000000000001 0 1 0.0 0.0 0 0 0 0 0 0
0.18000000000000002 0 1 0.0 0.0 0 0 0 0 0 0
0.19000000000000003 0 1 0.0 0.0 0 0 0 0 0 0
0.20000000000000004 0 1 0.0 0.0 0 0 0 0 0 0
0.21000000000000005 0 1 0.0 0.0 0 0 0 0 0 0
0.22000000000000006 0 1 0.0 0.0 0 0 0 0 0 0
0.23000000000000007 0 1 0.0 0.0 0 0 0 0 0 0
0.24000000000000007 0 1 0.0 0.0 0 0 0 0 0 0
0.25000000000000006 0 1 0.0 0.0 0 0 0 0 0 0
0.26000000000000006 0 1 0.0 0.0 0 0 0 0 0 0
0.27000000000000007 0 1 0.0 0.0 0 0 0 0 0 0
0.28000000000000008 0 1 0.0 0.0 0 0 0 0 0 0
0.29000000000000009 0 1 0.0 0.0 0 0 0 0 0 0
0.3000000000000001 0 1 0.0 0.0 0 0 0 0 0 0
0.31000000000000011 0 1 0.0 0.0 0 0 0 0 0 0
0.32000000000000012 0 1 0.0 0.0 0 0 0 0 0 0
0.33000000000000013 0 1 0.0 0.0 0 0 0 0 0 0
0.34000000000000014 0 1 0.0 0.0 0 0 0 0 0 0
0.35000000000000014 0 1 0.0 0.0 0 0 0 0 0 0
0.36000000000000015 0 1 0.0 0.0 0 0 0 0 0 0
0.37000000000000016 0 1 0.0 0.0 0 0 0 0 0 0
0.38000000000000017 0 1 0.0 0.0 0 0 0 0 0 0
0.39000000000000018 0 1 0.0 0.0 0 0 0 0 0 0
0.40000000000000019 0 1 0.0 0.0 0 0 0 0 0 0
0.4100000000000002 0 1 0.0 0.0 0 0 0 0 0 0
0.42000000000000021 0 1 0.0 0.0 0 0 0 0 0 0
0.43000000000000022 0 1 0.0 0.0 0 0 0 0 0 0
0.44000000000000022 0 1 0.0 0.0 0 0 0 0 0 0
0.45000000000000023 0 1 0.0 0.0 0 0 0 0 0 0
0.46000000000000024 0 1 0.0 0.0 0 0 0 0 0 0
0.47000000000000025 0 1 0.0 0.0 0 0 0 0 0 0
0.48000000000000026 0 1 0.0 0.0 0 0 0 0 0 0
0.49000000000000027 0 1 0.0 0.0 0 0 0 0 0 0
0.50000000000000022 0 1 0.0 0.0 0 0 0 0 0 0
0.51000000000000023 0 1 0.0 0.0 0 0 0 0 0 0
0.52000000000000024 0 1 0.0 0.0 0 0 0 0 0 0
0.53000000000000025 0 1 0.0 0.0 0 0 0 0 0 0
0.54000000000000026 0 1 0.0 0.0 0 0 0 0 0 0
0.55000000000000027 0 1 0.0 0.0 0 0 0 0 0 0
0.56000000000000028 0 1 0.0 0.0 0 0 0 0 0 0
0.57000000000000028 0 1 0.0 0.0 0 0 0 0 0 0
0.58000000000000029 0 1 0.0 0.0 0 0 0 0 0 0
0.5900000000000003 0 1 0.0 0.0 0 0 0 0 0 0
0.60000000000000031 0 1 0.0 0.0 0 0 0 0 0 0
0.61000000000000032 0 1 0.0 0.0 0 0 0 0 0 0
0.62000000000000033 0 1 0.0 0.0 0 0 0 0 0 0
0.63000000000000034 0 1 0.0 0.0 0 0 0 0 0 0
0.64000000000000035 0 1 0.0 0.0 0 0 0 0 0 0
0.65000000000000036 0 1 0.0 0.0 0 0 0 0 0 0
0.66000000000000036 0 1 0.0 0.0 0 0 0 0 0 0
0.67000000000000037 0 1 0.0 0.0 0 0 0 0 0 0
0.68000000000000038 0 1 0.0 0.0 0 0 0 0 0 0
0.69000000000000039 0 1 0.0 0.0 0 0 0 0 0 0
0.7000000000000004 0 1 0.0 0.0 0 0 0 0 0 0
0.71000000000000041 0 1 0.0 0.0 0 0 0 0 0 0
0.72000000000000042 0 1 0.0 0.0 0 0 0 0 0 0
0.73000000000000043 0 1 0.0 0.0 0 0 0 0 0 0
0.74000000000000044 0 1 0.0 0.0 0 0 0 0 0 0
0.75000000000000044 0 1 0.0 0.0 0 0 0 0 0 0
0.76000000000000045 0 1 0.0 0.0 0 0 0 0 0 0
0.77000000000000046 0 1 0.0 0.0 0 0 0 0 0 0
0.78000000000000047 0 1 0.0 0.0 0 0 0 0 0 0
0.79000000000000048 0 1 0.0 0.0 0 0 0 0 0 0
0.80000000000000049 0 1 0.0 0.0 0 0 0 0 0 0
0.8100000000000005 0 1 0.0 0.0 0 0 0 0 0 0
0.82000000000000051 0 1 0.0 0.0 0 0 0 0 0 0
0.83000000000000052 0 1 0.0 0.0 0 0 0 0 0 0
0.84000000000000052 0 1 0.0 0.0 0 0 0 0 0 0
0.85000000000000053 0 1 0.0 0.0 0 0 0 0 0 0
0.86000000000000054 0 1 0.0 0.0 0 0 0 0 0 0
0.87000000000000055 0 1 0.0 0.0 0 0 0 0 0 0
0.88000000000000056 0 1 0.0 0.0 0 0 0 0 0 0
0.89000000000000057 0 1 0.0 0.0 0 0 0 0 0 0
0.90000000000000058 0 1 0.0 0.0 0 0 0 0 0 0
0.91000000000000059 0 1 0.0 0.0 0 0 0 0 0 0
0.9200000000000006 0 1 0.0 0.0 0 0 0 0 0 0
0.9300000000000006 0 1 0.0 0.0 0 0 0 0 0 0
0.94000000000000061 0 1 0.0 0.0 0 0 0 0 0 0
0.95000000000000062 0 1 0.0 0.0 0 0 0 0 0 0
0.96000000000000063 0 1 0.0 0.0 0 0 0 0 0 0
0.97000000000000064 0 1 0.0 0.0 0 0 0 0 0 0
0.98000000000000065 0 1 0.0 0.0 0 0 0 0 0 0
0.99000000000000066 0 1 0.0 0.0 0 0 0 0 0 0
1.0000000000000007 0 1 0.0 0.0 0 0 0 0 0 0
1.0100000000000007 0 1 0.0042649200451272372 4.3080000455830671e-06 71 71 0 22440 22440 0
1.0200000000000007 0 1 3.6792863240671072 0.0037301476000672872 257 257 0 91480 91480 0
1.0300000000000007 0 1 1.4874070800283676 0.0029461820000520307 415 415 0 170600 170600 0
1.0400000000000007 0 1 0.12450448320566732 0.002352612080014358 479 479 0 195560 195560 0
1.0500000000000007 0 1 0.0 0.0 488 488 0 204320 204320 0
1.0600000000000007 0 1 2.7662447623091309 0.0078032660625115755 561 561 0 238040 238040 0
1.0700000000000007 0 1 0.0 0.0 570 570 0 246800 246800 0
1.0800000000000007 0 1 0.49968468006111832 0.0005047320000617357 634 634 0 271760 271760 0
1.0900000000000007 0 1 4.2690740400552727 0.0043121960000558311 744 744 0 304160 304160 0
1.1000000000000008 0 1 0.0 0.0 780 780 0 339200 339200 0
1.1100000000000008 0 1 0.0 0.0 780 780 0 339200 339200 0
1.1200000000000008 0 1 0.14539188721185412 0.0021147971800417036 841 841 0 361240 361240 0
1.1300000000000008 0 1 2.1760258682901306 0.0022017342002911256 987 987 0 428680 428680 0
1.1400000000000008 0 1 0.94651920005794832 0.00095608000005853368 1088 1088 0 452320 452320 0
1.1500000000000008 0 1 0.77319232005601468 0.00078912800005603791 1121 1121 0 484440 484440 0
1.1600000000000008 0 1 0.0 0.0 1130 1130 0 493200 493200 0
1.1700000000000008 0 1 0.0 0.0 1197 1197 0 521080 521080 0
1.1800000000000008 0 1 1.3581575919412436 0.0065350448000378531 1398 1398 0 604720 604720 0
1.1900000000000008 0 1 0.13012472000739617 0.00079311800000869616 1474 1474 0 641360 641360 0
1.2000000000000008 0 1 0.029760000000322834 0.00074400000000807089 1544 1544 0 672160 672160 0
1.2100000000000009 0 1 0.71247972010235405 0.0033915880004009549 1687 1687 0 736680 736680 0
1.2200000000000009 0 1 20.064671000556515 0.054574560002063018 1952 1952 0 845280 845280 0
1.2300000000000009 0 1 0.037600000001081178 4.0000000001150193e-05 2071 2071 0 886440 886440 0
1.2400000000000009 0 1 3.7212830175925551 0.0061781454400167083 2226 2226 0 962640 962640 0
1.2500000000000009 0 1 0.0 0.0 2250 2250 0 986000 986000 0
1.2600000000000009 0 1 0.0 0.0 2250 2250 0 986000 986000 0
1.2700000000000009 0 1 1.1817515683483204 0.005559547200428833 2485 2485 0 1065400 1065400 0
1.2800000000000009 0 1 0.64555920008446621 0.00065208000008531942 2591 2591 0 1131240 1131240 0
1.2900000000000009 0 1 0.97158415441755874 0.0050496038599634431 2716 2716 0 1178240 1178240 0
1.3000000000000009 0 1 0.2742894000089533 0.00027706000000904369 2804 2804 0 1226560 1226560 0
1.3100000000000009 0 1 1.2560475880083455 0.0043607947000312529 2926 2926 0 1270640 1270640 0
1.320000000000001 0 1 0.0 0.0 3020 3020 0 1324800 1324800 0
1.330000000000001 0 1 2.646732132073113 0.0026734668000738516 3083 3083 0 1348820 1348820 0
1.340000000000001 0 1 2.7688043521025802 0.00445085680009782 3151 3151 0 1377640 1377640 0
1.350000000000001 0 1 0.42582513609623579 0.00043012640009720788 3221 3221 0 1408440 1408440 0
1.360000000000001 0 1 3.0678504802437141 0.0045401520002652474 3422 3422 0 1492080 1492080 0
1.370000000000001 0 1 0.053099640128895183 5.3636000130197156e-05 3492 3492 0 1522880 1522880 0
1.380000000000001 0 1 0.0 0.0 3507 3507 0 1537480 1537480 0
1.390000000000001 0 1 0.0 0.0 3574 3574 0 1565360 1565360 0
1.400000000000001 0 1 0.088076976002993052 0.0014419243999475016 3647 3647 0 1599080 1599080 0
1.410000000000001 0 1 0.0 0.0 3650 3650 0 1602000 1602000 0
1.420000000000001 0 1 0.0 0.0 3650 3650 0 1602000 1602000 0
1.430000000000001 0 1 0.0 0.0 3717 3717 0 1629880 1629880 0
1.4400000000000011 0 1 0.0 0.0 3720 3720 0 1632800 1632800 0
1.4500000000000011 0 1 0.0 0.0 3790 3790 0 1663600 1663600 0
1.4600000000000011 0 1 0.0 0.0 3790 3790 0 1663600 1663600 0
1.4700000000000011 0 1 0.70986741289358268 0.001388017822012698 3857 3857 0 1691480 1691480 0
1.4800000000000011 0 1 0.0 0.0 3860 3860 0 1694400 1694400 0
1.4900000000000011 0 1 0.13094441761252174 0.0017536104400583937 3921 3921 0 1716440 1716440 0
1.5000000000000011 0 1 4.4605429200656985 0.0053699590000677545 3997 3997 0 1753080 1753080 0
1.5100000000000011 0 1 0.10828867728540627 0.0019472169320078319 4058 4058 0 1775120 1775120 0
1.5200000000000011 0 1 0.0 0.0 4070 4070 0 1786800 1786800 0
1.5300000000000011 0 1 0.0 0.0 4070 4070 0 1786800 1786800 0
1.5400000000000011 0 1 1.3692616001674807 0.0063309900003138912 4293 4293 0 1854520 1854520 0
1.5500000000000012 0 1 4.0718992295278831 0.0082751510399159331 4460 4460 0 1942400 1942400 0
1.5600000000000012 0 1 3.6753256632218148 0.0057624608801098934 4606 4606 0 2009840 2009840 0
1.5700000000000012 0 1 1.1441679999917287 0.0011771999999909955 4627 4627 0 2030280 2030280 0
1.5800000000000012 0 1 0.088006400010831515 0.0014401600001434632 4688 4688 0 2052320 2052320 0
1.5900000000000012 0 1 0.12155562400750763 0.0013788906000344867 4868 4868 0 2115520 2115520 0
1.6000000000000012 0 1 5.932998760123537 0.010517294000322855 5038 5038 0 2206320 2206320 0
1.6100000000000012 0 1 0.0 0.0 5050 5050 0 2218000 2218000 0
1.6200000000000012 0 1 0.0 0.0 5050 5050 0 2218000 2218000 0
1.6300000000000012 0 1 0.0 0.0 5050 5050 0 2218000 2218000 0
1.6400000000000012 0 1 0.0 0.0 5050 5050 0 2218000 2218000 0
1.6500000000000012 0 1 2.3573342000282582 0.0027363710000116699 5187 5187 0 2276680 2276680 0
1.6600000000000013 0 1 0.0 0.0 5190 5190 0 2279600 2279600 0
1.6700000000000013 0 1 3.4452079200777388 0.0034800080000785241 5257 5257 0 2307480 2307480 0
1.6800000000000013 0 1 0.092521296005676407 0.0015530324000145855 5357 5357 0 2330180 2330180 0
1.6900000000000013 0 1 0.2041758953839066 0.0024643973845162015 5464 5464 0 2396960 2396960 0
1.7000000000000013 0 1 0.0 0.0 5470 5470 0 2402800 2402800 0
1.7100000000000013 0 1 0.08443134240621035 0.0013507835600279337 5540 5540 0 2433600 2433600 0
1.7200000000000013 0 1 0.9584551564718593 0.0045513939120223014 5607 5607 0 2461480 2461480 0
1.7300000000000013 0 1 0.0 0.0 5610 5610 0 2464400 2464400 0
1.7400000000000013 0 1 0.0 0.0 5610 5610 0 2464400 2464400 0
1.7500000000000013 0 1 2.4426349199981856 0.0024673079999981674 5729 5729 0 2505560 2505560 0
1.7600000000000013 0 1 0.10080378000565374 0.0017600945000140185 5799 5799 0 2536360 2536360 0
1.7700000000000014 0 1 3.6139989200147906 0.0037261180000136528 5887 5887 0 2584680 2584680 0
1.7800000000000014 0 1 0.06861446400541199 0.00095536160000797479 5954 5954 0 2612560 2612560 0
1.7900000000000014 0 1 0.0 0.0 5954 5954 0 2612560 2612560 0
1.8000000000000014 0 1 0.0 0.0 5960 5960 0 2618400 2618400 0
1.8100000000000014 0 1 0.0 0.0 5960 5960 0 2618400 2618400 0
1.8200000000000014 0 1 0.1454063304104912 0.0021151582600076307 6088 6088 0 2668320 2668320 0
1.8300000000000014 0 1 0.22870528002028026 0.0034376320001250319 6155 6155 0 2696200 2696200 0
1.8400000000000014 0 1 5.1168083153716415 0.008077842880283008 6298 6298 0 2760720 2760720 0
1.8500000000000014 0 1 0.9799984399883046 0.0017011259999533109 6423 6423 0 2807720 2807720 0
1.8600000000000014 0 1 0.0 0.0 6441 6441 0 2825240 2825240 0
1.8700000000000014 0 1 0.0 0.0 6450 6450 0 2834000 2834000 0
1.8800000000000014 0 1 0.26116523199970465 0.0033091307996890832 6563 6563 0 2869320 2869320 0
1.8900000000000015 0 1 4.2778682397972521 0.0053656759998243998 6709 6709 0 2936760 2936760 0
1.9000000000000015 0 1 0.12752160002071899 0.00242804000039065 6828 6828 0 2977920 2977920 0
1.9100000000000015 0 1 0.023575199967762452 2.5079999965704734e-05 6867 6867 0 3015880 3015880 0
1.9200000000000015 0 1 0.43779535445787016 0.0051729703602676437 7032 7032 0 3064480 3064480 0
1.9300000000000015 0 1 2.6184985200408106 0.0026449480000412229 7080 7080 0 3111200 3111200 0
1.9400000000000015 0 1 0.0 0.0 7080 7080 0 3111200 3111200 0
1.9500000000000015 0 1 0.0 0.0 7132 7132 0 3124480 3124480 0
1.9600000000000015 0 1 3.5457373600284972 0.0036492340000249227 7214 7214 0 3166960 3166960 0
1.9700000000000015 0 1 0.0 0.0 7284 7284 0 3197760 3197760 0
1.9800000000000015 0 1 0.0 0.0 7400 7400 0 3236000 3236000 0
1.9900000000000015 0 1 0.0 0.0 7427 7427 0 3262280 3262280 0
2.0000000000000013 0 1 0.0 0.0 7494 7494 0 3290160 3290160 0
2.0100000000000011 0 1 0.0 0.0 7500 7500 0 3296000 3296000 0
2.0200000000000009 0 1 0.0 0.0 7530 7530 0 3297200 3297200 0
2.0300000000000007 0 1 0.0 0.0 7631 7631 0 3348840 3348840 0
2.0400000000000005 0 1 0.84121993314047594 0.0031189446796809459 7701 7701 0 3379640 3379640 0
2.0500000000000003 0 1 1.2890393999090142 0.0013020599999080951 7768 7768 0 3407520 3407520 0
2.0600000000000001 0 1 0.83474575599186807 0.00084802739999114286 7850 7850 0 3450000 3450000 0
2.0699999999999998 0 1 0.13245279999907494 0.0016513199998513879 7981 7981 0 3502840 3502840 0
2.0799999999999996 0 1 0.30181986560818364 0.002525496639904699 8167 8167 0 3571880 3571880 0
2.0899999999999994 0 1 0.47924469637773326 0.00049216635997774091 8313 8313 0 3639320 3639320 0
2.0999999999999992 0 1 3.0054694065145355 0.0050802363191327889 8533 8533 0 3704120 3704120 0
2.109999999999999 0 1 1.8711674559784131 0.0019073823999793812 8614 8614 0 3760560 3760560 0
2.1199999999999988 0 1 0.11145887997443775 0.0020264719997609582 8675 8675 0 3805000 3805000 0
2.1299999999999986 0 1 0.0 0.0 8690 8690 0 3819600 3819600 0
2.1399999999999983 0 1 2.0283903999299011 0.0020778599999272005 8754 8754 0 3844560 3844560 0
2.1499999999999981 0 1 1.2707688400626354 0.0025074159999416957 8882 8882 0 3894480 3894480 0
2.1599999999999979 0 1 1.3534081316639868 0.0091650132804767821 9080 9080 0 3975200 3975200 0
2.1699999999999977 0 1 6.4444655276477958 0.0090332841994113771 9220 9220 0 4036800 4036800 0
2.1799999999999975 0 1 11.194994463703772 0.012852341598979241 9369 9369 0 4107160 4107160 0
2.1899999999999973 0 1 1.1476130079466595 0.0029319751998713797 9555 9555 0 4176200 4176200 0
2.1999999999999971 0 1 3.0637032397976092 0.0041942759990477368 9719 9719 0 4261160 4261160 0
2.2099999999999969 0 1 0.0 0.0 9737 9737 0 4278680 4278680 0
2.2199999999999966 0 1 0.080072113899378225 0.0012418028478844698 9786 9786 0 4289040 4289040 0
2.2299999999999964 0 1 2.9169320398932452 0.002946395999892167 9810 9810 0 4312400 4312400 0
2.2399999999999962 0 1 0.10074328795539815 0.00099858219968498212 9917 9917 0 4341880 4341880 0
2.249999999999996 0 1 0.98442815998691524 0.0010072639999858738 10011 10011 0 4396040 4396040 0
2.2599999999999958 0 1 1.6171156317925994 0.0091797007980345142 10212 10212 0 4479680 4479680 0
2.2699999999999956 0 1 0.0 0.0 10230 10230 0 4497200 4497200 0
2.2799999999999954 0 1 0.044523799981989028 0.0003530949999497399 10294 10294 0 4522160 4522160 0
2.2899999999999952 0 1 0.0 0.0 10300 10300 0 4528000 4528000 0
2.2999999999999949 0 1 0.0 0.0 10343 10343 0 4532520 4532520 0
2.3099999999999947 0 1 0.0 0.0 10364 10364 0 4552960 4552960 0
2.3199999999999945 0 1 0.0 0.0 10370 10370 0 4558800 4558800 0
2.3299999999999943 0 1 2.3424498720130913 0.00356479679992646 10495 10495 0 4605800 4605800 0
2.3399999999999941 0 1 0.0 0.0 10507 10507 0 4617480 4617480 0
2.3499999999999939 0 1 0.0 0.0 10553 10553 0 4624920 4624920 0
2.3599999999999937 0 1 3.850935119871306 0.0073958679991383194 10696 10696 0 4689440 4689440 0
2.3699999999999934 0 1 2.7648561598843693 0.002792783999883201 10790 10790 0 4743600 4743600 0
2.3799999999999932 0 1 1.7322447310635183 0.0053144502793590646 11019 11019 0 4817160 4817160 0
2.389999999999993 0 1 4.7290212399478841 0.004795555999948067 11131 11131 0 4888840 4888840 0
2.3999999999999928 0 1 0.0 0.0 11204 11204 0 4922560 4922560 0
2.4099999999999926 0 1 0.0 0.0 11210 11210 0 4928400 4928400 0
2.4199999999999924 0 1 0.0 0.0 11277 11277 0 4956280 4956280 0
2.4299999999999922 0 1 0.88654533560641124 0.0051576043914814953 11408 11408 0 5009120 5009120 0
2.439999999999992 0 1 0.0 0.0 11481 11481 0 5042840 5042840 0
2.4499999999999917 0 1 2.4335333871215412 0.0029050646798368172 11557 11557 0 5079480 5079480 0
2.4599999999999915 0 1 0.37746743192724447 0.0017955107997736192 11627 11627 0 5110280 5110280 0
2.4699999999999913 0 1 0.0 0.0 11630 11630 0 5113200 5113200 0
2.4799999999999911 0 1 0.0 0.0 11697 11697 0