0 0 1 0 0 0 0 0 0 0 0
0.01 0 1 0.0 0.0 0 0 0 0 0 0
0.02 0 1 0.0 0.0 0 0 0 0 0 0
0.029999999999999999 0 1 0.0 0.0 0 0 0 0 0 0
0.040000000000000001 0 1 0.0 0.0 0 0 0 0 0 0
0.050000000000000003 0 1 0.0 0.0 0 0 0 0 0 0
0.060000000000000005 0 1 0.0 0.0 0 0 0 0 0 0
0.070000000000000007 0 1 0.0 0.0 0 0 0 0 0 0
0.080000000000000002 0 1 0.0 0.0 0 0 0 0 0 0
0.089999999999999997 0 1 0.0 0.0 0 0 0 0 0 0
0.099999999999999992 0 1 0.0 0.0 0 0 0 0 0 0
0.10999999999999999 0 1 0.0 0.0 0 0 0 0 0 0
0.11999999999999998 0 1 0.0 0.0 0 0 0 0 0 0
0.12999999999999998 0 1 0.0 0.0 0 0 0 0 0 0
0.13999999999999999 0 1 0.0 0.0 0 0 0 0 0 0
0.14999999999999999 0 1 0.0 0.0 0 0 0 0 0 0
0.16 0 1 0.0 0.0 0 0 0 0 0 0
0.17000000000000001 0 1 0.0 0.0 0 0 0 0 0 0
0.18000000000000002 0 1 0.0 0.0 0 0 0 0 0 0
0.19000000000000003 0 1 0.0 0.0 0 0 0 0 0 0
0.20000000000000004 0 1 0.0 0.0 0 0 0 0 0 0
0.21000000000000005 0 1 0.0 0.0 0 0 0 0 0 0
0.22000000000000006 0 1 0.0 0.0 0 0 0 0 0 0
0.23000000000000007 0 1 0.0 0.0 0 0 0 0 0 0
0.24000000000000007 0 1 0.0 0.0 0 0 0 0 0 0
0.25000000000000006 0 1 0.0 0.0 0 0 0 0 0 0
0.26000000000000006 0 1 0.0 0.0 0 0 0 0 0 0
0.27000000000000007 0 1 0.0 0.0 0 0 0 0 0 0
0.28000000000000008 0 1 0.0 0.0 0 0 0 0 0 0
0.29000000000000009 0 1 0.0 0.0 0 0 0 0 0 0
0.3000000000000001 0 1 0.0 0.0 0 0 0 0 0 0
0.31000000000000011 0 1 0.0 0.0 0 0 0 0 0 0
0.32000000000000012 0 1 0.0 0.0 0 0 0 0 0 0
0.33000000000000013 0 1 0.0 0.0 0 0 0 0 0 0
0.34000000000000014 0 1 0.0 0.0 0 0 0 0 0 0
0.35000000000000014 0 1 0.0 0.0 0 0 0 0 0 0
0.36000000000000015 0 1 0.0 0.0 0 0 0 0 0 0
0.37000000000000016 0 1 0.0 0.0 0 0 0 0 0 0
0.38000000000000017 0 1 0.0 0.0 0 0 0 0 0 0
0.39000000000000018 0 1 0.0 0.0 0 0 0 0 0 0
0.40000000000000019 0 1 0.0 0.0 0 0 0 0 0 0
0.4100000000000002 0 1 0.0 0.0 0 0 0 0 0 0
0.42000000000000021 0 1 0.0 0.0 0 0 0 0 0 0
0.43000000000000022 0 1 0.0 0.0 0 0 0 0 0 0
0.44000000000000022 0 1 0.0 0.0 0 0 0 0 0 0
0.45000000000000023 0 1 0.0 0.0 0 0 0 0 0 0
0.46000000000000024 0 1 0.0 0.0 0 0 0 0 0 0
0.47000000000000025 0 1 0.0 0.0 0 0 0 0 0 0
0.48000000000000026 0 1 0.0 0.0 0 0 0 0 0 0
0.49000000000000027 0 1 0.0 0.0 0 0 0 0 0 0
0.50000000000000022 0 1 0.0 0.0 0 0 0 0 0 0
0.51000000000000023 0 1 0.0 0.0 0 0 0 0 0 0
0.52000000000000024 0 1 0.0 0.0 0 0 0 0 0 0
0.53000000000000025 0 1 0.0 0.0 0 0 0 0 0 0
0.54000000000000026 0 1 0.0 0.0 0 0 0 0 0 0
0.55000000000000027 0 1 0.0 0.0 0 0 0 0 0 0
0.56000000000000028 0 1 0.0 0.0 0 0 0 0 0 0
0.57000000000000028 0 1 0.0 0.0 0 0 0 0 0 0
0.58000000000000029 0 1 0.0 0.0 0 0 0 0 0 0
0.5900000000000003 0 1 0.0 0.0 0 0 0 0 0 0
0.60000000000000031 0 1 0.0 0.0 0 0 0 0 0 0
0.61000000000000032 0 1 0.0 0.0 0 0 0 0 0 0
0.62000000000000033 0 1 0.0 0.0 0 0 0 0 0 0
0.63000000000000034 0 1 0.0 0.0 0 0 0 0 0 0
0.64000000000000035 0 1 0.0 0.0 0 0 0 0 0 0
0.65000000000000036 0 1 0.0 0.0 0 0 0 0 0 0
0.66000000000000036 0 1 0.0 0.0 0 0 0 0 0 0
0.67000000000000037 0 1 0.0 0.0 0 0 0 0 0 0
0.68000000000000038 0 1 0.0 0.0 0 0 0 0 0 0
0.69000000000000039 0 1 0.0 0.0 0 0 0 0 0 0
0.7000000000000004 0 1 0.0 0.0 0 0 0 0 0 0
0.71000000000000041 0 1 0.0 0.0 0 0 0 0 0 0
0.72000000000000042 0 1 0.0 0.0 0 0 0 0 0 0
0.73000000000000043 0 1 0.0 0.0 0 0 0 0 0 0
0.74000000000000044 0 1 0.0 0.0 0 0 0 0 0 0
0.75000000000000044 0 1 0.0 0.0 0 0 0 0 0 0
0.76000000000000045 0 1 0.0 0.0 0 0 0 0 0 0
0.77000000000000046 0 1 0.0 0.0 0 0 0 0 0 0
0.78000000000000047 0 1 0.0 0.0 0 0 0 0 0 0
0.79000000000000048 0 1 0.0 0.0 0 0 0 0 0 0
0.80000000000000049 0 1 0.0 0.0 0 0 0 0 0 0
0.8100000000000005 0 1 0.0 0.0 0 0 0 0 0 0
0.82000000000000051 0 1 0.0 0.0 0 0 0 0 0 0
0.83000000000000052 0 1 0.0 0.0 0 0 0 0 0 0
0.84000000000000052 0 1 0.0 0.0 0 0 0 0 0 0
0.85000000000000053 0 1 0.0 0.0 0 0 0 0 0 0
0.86000000000000054 0 1 0.0 0.0 0 0 0 0 0 0
0.87000000000000055 0 1 0.0 0.0 0 0 0 0 0 0
0.88000000000000056 0 1 0.0 0.0 0 0 0 0 0 0
0.89000000000000057 0 1 0.0 0.0 0 0 0 0 0 0
0.90000000000000058 0 1 0.0 0.0 0 0 0 0 0 0
0.91000000000000059 0 1 0.0 0.0 0 0 0 0 0 0
0.9200000000000006 0 1 0.0 0.0 0 0 0 0 0 0
0.9300000000000006 0 1 0.0 0.0 0 0 0 0 0 0
0.94000000000000061 0 1 0.0 0.0 0 0 0 0 0 0
0.95000000000000062 0 1 0.0 0.0 0 0 0 0 0 0
0.96000000000000063 0 1 0.0 0.0 0 0 0 0 0 0
0.97000000000000064 0 1 0.0 0.0 0 0 0 0 0 0
0.98000000000000065 0 1 0.0 0.0 0 0 0 0 0 0
0.99000000000000066 0 1 0.0 0.0 0 0 0 0 0 0
1.0000000000000007 0 1 0.0 0.0 0 0 0 0 0 0
1.0100000000000007 0 1 1.7415680020871334 0.04213760005038477 440 440 0 18000 18000 0
1.0200000000000007 0 1 6.1595105674919051 0.14907256418101852 1560 1560 0 63920 63920 0
1.0300000000000007 0 1 7.6762880079494984 0.18595840019226523 2520 2520 0 103280 103280 0
1.0400000000000007 0 1 3.0477440036524834 0.073740800088173339 3080 3080 0 126240 126240 0
1.0500000000000007 0 1 4.7893120057396166 0.11587840013855812 3960 3960 0 162320 162320 0
1.0600000000000007 0 1 3.0477440036524834 0.073740800088173339 4520 4520 0 185280 185280 0
1.0700000000000007 0 1 4.3539200052178337 0.10534400012596191 5320 5320 0 218080 218080 0
1.0800000000000007 0 1 5.2247040062614003 0.1264128001511543 6280 6280 0 257440 257440 0
1.0900000000000007 0 1 5.2247040062614003 0.1264128001511543 7240 7240 0 296800 296800 0
1.1000000000000008 0 1 5.2247040062614003 0.1264128001511543 8200 8200 0 336160 336160 0
1.1100000000000008 0 1 8.9824640095148496 0.2175616002300538 9400 9400 0 385360 385360 0
1.1200000000000008 0 1 7.6762880079494984 0.18595840019226523 10360 10360 0 424720 424720 0
1.1300000000000008 0 1 9.8532480105584153 0.23863040025524618 11720 11720 0 480480 480480 0
1.1400000000000008 0 1 4.7893120057396166 0.11587840013855812 12600 12600 0 516560 516560 0
1.1500000000000008 0 1 2.1769600026089169 0.052672000062980957 13000 13000 0 532960 532960 0
1.1600000000000008 0 1 4.7893120057396166 0.11587840013855812 13880 13880 0 569040 569040 0
1.1700000000000008 0 1 6.8055040069059318 0.16488960016707285 14680 14680 0 601840 601840 0
1.1800000000000008 0 1 2.6123520031307002 0.063206400075577152 15160 15160 0 621520 621520 0
1.1900000000000008 0 1 3.91852800469605 0.094809600113365727 15880 15880 0 651040 651040 0
1.2000000000000008 0 1 4.7893120057396166 0.11587840013855812 16760 16760 0 687120 687120 0
1.2100000000000009 0 1 4.3539200052178337 0.10534400012596191 17560 17560 0 719920 719920 0
1.2200000000000009 0 1 10.288640011080199 0.24916480026784238 19000 19000 0 778960 778960 0
1.2300000000000009 0 1 2.6123520031307002 0.063206400075577152 19480 19480 0 798640 798640 0
1.2400000000000009 0 1 3.91852800469605 0.094809600113365727 20200 20200 0 828160 828160 0
1.2500000000000009 0 1 3.0477440036524834 0.073740800088173339 20760 20760 0 851120 851120 0
1.2600000000000009 0 1 4.3539200052178337 0.10534400012596191 21560 21560 0 883920 883920 0
1.2700000000000009 0 1 4.3539200052178337 0.10534400012596191 22360 22360 0 916720 916720 0
1.2800000000000009 0 1 13594.912599731839 23.783758117813328 24393 24361 0 1872202 1840522 0
1.2900000000000009 0 1 40412.852178923065 56.205499597511704 26157 26082 0 3143092 3090690 0
1.3000000000000009 0 1 61776.13737706282 81.012396798036065 27804 27734 0 4408278 4340876 0
1.3100000000000009 0 1 92380.641741525265 163.62485721869595 30099 29988 0 5699062 5591070 0
1.320000000000001 0 1 130029.16982399474 214.22003405352172 32243 32023 0 6984604 6840826 0
1.330000000000001 0 1 155388.79566196352 217.09593847675154 33991 33824 0 8253910 8090478 0
1.340000000000001 0 1 178381.73963351085 265.81681015132114 35893 35624 0 9529530 9341038 0
1.350000000000001 0 1 101687.10908441608 150.7938714285545 37758 37655 0 10616680 10590630 0
1.360000000000001 0 1 23466.716669895599 37.731006718425434 39289 39289 0 11600280 11600280 0
1.370000000000001 0 1 4.7893120057396166 0.11587840013855812 40169 40169 0 11636360 11636360 0
1.380000000000001 0 1 3.4831360041742667 0.08427520010076954 40809 40809 0 11662600 11662600 0
1.390000000000001 0 1 3.91852800469605 0.094809600113365727 41529 41529 0 11692120 11692120 0
1.400000000000001 0 1 5.2189197771389262 0.12627508041014301 42487 42486 0 11731396 11731354 0
1.410000000000001 0 1 2.6181362322531743 0.06334411981658844 42969 42969 0 11751160 11751160 0
1.420000000000001 0 1 3.0477440036524834 0.073740800088173339 43529 43529 0 11774120 11774120 0
1.430000000000001 0 1 2.6183949844649201 0.063354960595929322 44036 44034 0 11794886 11794804 0
1.4400000000000011 0 1 7.6702450266152784 0.18580983967191306 44969 44969 0 11833160 11833160 0
1.4500000000000011 0 1 5.2247040062614003 0.1264128001511543 45929 45929 0 11872520 11872520 0
1.4600000000000011 0 1 3.4831360041742667 0.08427520010076954 46569 46569 0 11898760 11898760 0
1.4700000000000011 0 1 6.1301288075397533 0.14847760018230613 47529 47529 0 11938120 11938120 0
1.4800000000000011 0 1 5.6600960067831831 0.1369472001637505 48569 48569 0 11980760 11980760 0
1.4900000000000011 0 1 8.1116800084712821 0.19649280020486143 49609 49609 0 12023400 12023400 0
1.5000000000000011 0 1 6.9299270495037417 0.16768504403856785 50882 50878 0 12075586 12075418 0
1.5100000000000011 0 1 6.4220089656786552 0.1555773563282957 51689 51689 0 12108680 12108680 0
1.5200000000000011 0 1 2.6617811295781979 0.064416295377722699 52209 52204 0 12129980 12129774 0
1.5300000000000011 0 1 2.5629228766832024 0.061996504773431604 52649 52649 0 12148040 12148040 0
1.5400000000000011 0 1 8.1116800084712821 0.19649280020486143 53689 53689 0 12190680 12190680 0
1.5500000000000012 0 1 3.91852800469605 0.094809600113365727 54409 54409 0 12220200 12220200 0
1.5600000000000012 0 1 5.6600960067831831 0.1369472001637505 55449 55449 0 12262840 12262840 0
1.5700000000000012 0 1 3.91852800469605 0.094809600113365727 56169 56169 0 12292360 12292360 0
1.5800000000000012 0 1 3.91852800469605 0.094809600113365727 56889 56889 0 12321880 12321880 0
1.5900000000000012 0 1 4.7893120057396166 0.11587840013855812 57769 57769 0 12357960 12357960 0
1.6000000000000012 0 1 3.9396595247960651 0.095336288115865836 58489 58489 0 12387480 12387480 0
1.6100000000000012 0 1 8.5470720089930659 0.2070272002174576 59609 59609 0 12433400 12433400 0
1.6200000000000012 0 1 8.5470720089930659 0.2070272002174576 60729 60729 0 12479320 12479320 0
1.6300000000000012 0 1 5.2247040062614003 0.1264128001511543 61689 61689 0 12518680 12518680 0
1.6400000000000012 0 1 4.3539200052178337 0.10534400012596191 62489 62489 0 12551480 12551480 0
1.6500000000000012 0 1 3.0477440036524834 0.073740800088173339 63049 63049 0 12574440 12574440 0
1.6600000000000013 0 1 5.2247040062614003 0.1264128001511543 64009 64009 0 12613800 12613800 0
1.6700000000000013 0 1 5.6600960067831831 0.1369472001637505 65049 65049 0 12656440 12656440 0
1.6800000000000013 0 1 6.6916723283996165 0.16236992020375304 65689 65689 0 12682680 12682680 0
1.6900000000000013 0 1 1.7415680020871334 0.04213760005038477 66009 66009 0 12695800 12695800 0
1.7000000000000013 0 1 3.0477440036524834 0.073740800088173339 66569 66569 0 12718760 12718760 0
1.7100000000000013 0 1 3.4831360041742667 0.08427520010076954 67209 67209 0 12745000 12745000 0
1.7200000000000013 0 1 6.5308800078267497 0.15801600018894288 68409 68409 0 12794200 12794200 0
1.7300000000000013 0 1 8.9824640095148496 0.2175616002300538 69609 69609 0 12843400 12843400 0
1.7400000000000013 0 1 2.1769600026089169 0.052672000062980957 70009 70009 0 12859800 12859800 0
1.7500000000000013 0 1 39524.737520391558 48.041430812408592 71316 71067 0 13624180 13449798 0
1.7600000000000013 0 1 188310.14752127364 366.08414264565704 73536 73405 0 14829330 14699640 0
1.7700000000000014 0 1 68019.763623493127 107.17448041809426 75389 75358 0 15980520 15949830 0
1.7800000000000014 0 1 29822.8738329197 51.021391088856589 77489 77464 0 17224400 17199650 0
1.7900000000000014 0 1 28902.690171141567 55.272933115081919 79829 79800 0 18478120 18449410 0
1.8000000000000014 0 1 29293.015020112012 52.516208019735622 82096 81983 0 19735490 19699540 0
1.8100000000000014 0 1 29444.702865412703 58.676855807001367 84503 84473 0 20979620 20949920 0
1.8200000000000014 0 1 30010.178758192236 49.979661924084077 86534 86502 0 22231110 22199430 0
1.8300000000000014 0 1 29622.964768021149 49.223195947473641 88569 88470 0 23486560 23449270 0
1.8400000000000014 0 1 29754.858152277851 50.396888253559148 90674 90561 0 24735390 24699440 0
1.8500000000000014 0 1 29644.023303704991 57.686602350637578 93087 93051 0 25978810 25949820 0
1.8600000000000014 0 1 29382.583730850016 42.58159814304706 94878 94850 0 27227110 27199390 0
1.8700000000000014 0 1 29506.876884814519 56.432861232141079 97216 97187 0 28478850 28450140 0
1.8800000000000014 0 1 29598.29079842992 45.044441850188456 99093 99063 0 29729720 29700020 0
1.8900000000000015 0 1 29820.964379274064 49.114775588444438 101121 101092 0 30978240 30949530 0
1.9000000000000015 0 1 26816.735096061158 40.125135497397011 103073 102969 0 32229636 32199750 0
1.9100000000000015 0 1 30064.496979511809 58.242116251345273 105333 105305 0 33477230 33449510 0
1.9200000000000015 0 1 20573.169734282921 32.719109599981451 106741 106737 0 34344748 34344580 0
1.9300000000000015 0 1 1.771954219297543 0.042861081412537382 107067 107067 0 34358120 34358120 0
1.9400000000000015 0 1 3.0477440036524834 0.073740800088173339 107627 107627 0 34381080 34381080 0
1.9500000000000015 0 1 5.6600960067831831 0.1369472001637505 108667 108667 0 34423720 34423720 0
1.9600000000000015 0 1 4.3539200052178337 0.10534400012596191 109467 109467 0 34456520 34456520 0
1.9700000000000015 0 1 4.7893120057396166 0.11587840013855812 110347 110347 0 34492600 34492600 0
1.9800000000000015 0 1 6.5308800078267497 0.15801600018894288 111547 111547 0 34541800 34541800 0
1.9900000000000015 0 1 7.2408960074277156 0.17542400017966903 112427 112427 0 34577880 34577880 0
2.0000000000000013 0 1 5.2247040062615158 0.12641280015115711 113387 113387 0 34617240 34617240 0
2.0100000000000011 0 1 3.0477439839594149 0.073740799612400001 113947 113947 0 34640200 34640200 0
2.0200000000000009 0 1 4.3566355769578502 0.10541188944311 114747 114747 0 34673000 34673000 0
2.0300000000000007 0 1 6.0955610478786912 0.14748342622379654 115867 115867 0 34718920 34718920 0
2.0400000000000005 0 1 2.1769599885424391 0.052671999723142862 116267 116267 0 34735320 34735320 0
2.0500000000000003 0 1 4.7893119747933666 0.11587839939091429 117147 117147 0 34771400 34771400 0
2.0600000000000001 0 1 4.7893119747933666 0.11587839939091429 118027 118027 0 34807480 34807480 0
2.0699999999999998 0 1 3.0477439839594149 0.073740799612400001 118587 118587 0 34830440 34830440 0
2.0799999999999996 0 1 2.1769599885424391 0.052671999723142862 118987 118987 0 34846840 34846840 0
2.0899999999999994 0 1 4.3539199770848782 0.10534399944628572 119787 119787 0 34879640 34879640 0
2.0999999999999992 0 1 3.4831359816679028 0.084275199557028571 120427 120427 0 34905880 34905880 0
2.109999999999999 0 1 5.916750130204333 0.1433389592790521 121307 121307 0 34941960 34941960 0
2.1199999999999988 0 1 7767.2930848762053 14.283704168004656 122800 122775 0 35818362 35793612 0
2.1299999999999986 0 1 31584.258894144081 42.322331025429449 124463 124421 0 37085132 37043552 0
2.1399999999999983 0 1 43544.55042541759 82.741373866480245 126384 126384 0 38068290 38068290 0
2.1499999999999981 0 1 176.67628032582095 0.36661179255933157 127161 127156 0 38306080 38303028 0
2.1599999999999979 0 1 33252.820910740273 75.206548257150502 130090 129856 0 39622858 39552514 0
2.1699999999999977 0 1 87059.539169653348 137.24065941746116 132080 131905 0 40902086 40802858 0
2.1799999999999975 0 1 104932.40526009559 179.11297871016586 134089 134013 0 42128000 42052760 0
2.1899999999999973 0 1 34353.185737264335 55.605591126479659 135921 135812 0 43334320 43302330 0
2.1999999999999971 0 1 29207.828691191102 59.779219087849519 138411 138379 0 44584700 44553020 0
2.2099999999999969 0 1 28821.000657306326 49.645732921228927 140514 140485 0 45831550 45802840 0
2.2199999999999966 0 1 8805.437102005093 13.040102541006259 141575 141575 0 46198010 46198010 0
2.2299999999999964 0 1 3.9185279793763907 0.094809599501657155 142295 142295 0 46227530 46227530 0
2.2399999999999962 0 1 3.0477439839594149 0.073740799612400001 142855 142855 0 46250490 46250490 0
2.249999999999996 0 1 6.8055039700426816 0.16488959927470145 143655 143655 0 46283290 46283290 0
2.2599999999999958 0 1 4.3539199770848782 0.10534399944628572 144455 144455 0 46316090 46316090 0
2.2699999999999956 0 1 7.5954324434165894 0.18398447911507745 145575 145575 0 46362010 46362010 0
2.2799999999999954 0 1 3.0477439839594149 0.073740799612400001 146135 146135 0 46384970 46384970 0
2.2899999999999952 0 1 4.3539199770848782 0.10534399944628572 146935 146935 0 46417770 46417770 0
2.2999999999999949 0 1 6.0845753232437314 0.14722177435158337 148052 148050 0 46463564 46463480 0
2.3099999999999947 0 1 30261.557500105529 41.171893785815065 149395 149233 0 47255998 47098466 0
2.3199999999999945 0 1 242892.515554304 326.2058581890804 151238 150885 0 48622200 48348650 0
2.3299999999999943 0 1 231527.54842588576 370.29424791770964 153000 152838 0 49759220 49598840 0
2.3399999999999941 0 1 87511.676647923741 121.58553886552814 154592 154561 0 50879780 50849090 0
2.3499999999999939 0 1 29437.864493522378 50.000279990717637 156704 156590 0 52135540 52098600 0
2.3599999999999937 0 1 30248.791641605672 48.534361766207617 158734 158543 0 53386040 53348790 0
2.3699999999999934 0 1 29785.07283803439 57.065656556286342 160986 160956 0 54628560 54598860 0
2.3799999999999932 0 1 30278.804204024502 47.305189852137616 162939 162832 0 55878750 55848740 0
2.389999999999993 0 1 30408.005327226441 62.038089621565931 165351 165245 0 57127830 57098810 0
2.3999999999999928 0 1 30442.21249986731 53.466443296630203 167537 167428 0 58380930 58348940 0
2.4099999999999926 0 1 30325.657824481252 43.162801252578241 169257 169229 0 59626310 59598590 0
2.4199999999999924 0 1 29741.011845738005 51.679152873765801 171439 171412 0 60875450 60848720 0
2.4299999999999922 0 1 29957.866482395999 41.704757573127836 173164 173135 0 62127680 62098970 0
2.439999999999992 0 1 30469.002486740774 46.103990207494142 175048 174940 0 63385480 63348780 0
2.4499999999999917 0 1 30833.902860292452 56.564008868091705 177221 177194 0 64625710 64598980 0
2.4599999999999915 0 1 30477.716540620368 42.430409229853723 178947 178916 0 65878930 65848240 0
2.4699999999999913 0 1 30557.947781736093 36.472127522787211 180441 180409 0 67130230 67098550 0
2.4799999999999911 0 1 30508.681772738746 46.233148654798448 182318 182285 0 68381100 68348430 0
2.4899999999999909 0 1 30088.120178232468 49.282888726990208 184343 184315 0 69626650 69598930 0
2.4999999999999907 0 1 30682.452685286062 44.961723424238791 186144 186114 0 70878200 70848500 0
2.5099999999999905 0 1 30477.481895210025 49.323487000695891 188176 188146 0 72128780 72099080 0
2.5199999999999902 0 1 30913.427306302015 49.686959209119493 190131 190098 0 73380950 73348280 0
2.52999999999999 0 1 30703.25464105434 47.206933371773673 192006 191975 0 74629190 74599150 0
2.5399999999999898 0 1 29967.462219096436 45.585254353208654 193883 193851 0 75880060 75848380 0
2.5499999999999896 0 1 30911.315556037982 45.208298124496501 195680 195651 0 77127650 77098940 0
2.5599999999999894 0 1 30271.024965074346 51.909302615615744 197784 197757 0 78375490 78348760 0
2.5699999999999892 0 1 30772.483974109869 54.17936819141169 199972 199942 0 79628670 79598970 0
2.579999999999989 0 1 30556.629561596801 52.976718665940247 202163 202048 0 80886720 80848790 0
2.5899999999999888 0 1 30991.793259167334 53.343044841139324 204186 204154 0 82130290 82098610 0
2.5999999999999885 0 1 30703.532324024658 36.862353702116067 205684 205579 0 83385550 83348970 0
2.6099999999999883 0 1 30657.258469251876 50.266276121111858 207711 207676 0 84633080 84598430 0
2.6199999999999881 0 1 30747.086520683468 57.420254528980124 210043 210013 0 85878880 85849180 0
2.6299999999999879 0 1 31072.928856370418 53.635747065100361 212151 212121 0 87128780 87099080 0
2.6399999999999877 0 1 31141.358871122065 47.015937562280577 214026 213997 0 88377670 88348960 0
2.6499999999999875 0 1 31050.545751137091 58.487678825558433 216360 216333 0 89625450 89598720 0
2.6599999999999873 0 1 31032.582411707775 46.768795234743152 218240 218209 0 90879290 90848600 0
2.6699999999999871 0 1 31054.18078395442 37.426441899126225 219734 219702 0 92130590 92098910 0
2.6799999999999868 0 1 30563.963977699914 40.300853330709131 221409 221348 0 93377902 93348850 0
2.6899999999999866 0 1 30743.713481409977 49.537052212067358 223412 223377 0 94633010 94598360 0
2.6999999999999864 0 1 30637.055555526335 58.384861126282452 225745 225714 0 95879150 95848460 0
2.7099999999999862 0 1 30035.255110296548 47.501816380422646 227717 227668 0 97131350 97098990 0
2.719999999999986 0 1 30348.689318880723 39.870946135998651 229344 229314 0 98378630 98348930 0
2.7299999999999858 0 1 30829.85313993931 54.5837391353135 231604 231497 0 99629070 99599060 0
2.7399999999999856 0 1 30369.193131471649 37.431495216751067 233100 233061 0 100882350 100848480 0
2.7499999999999853 0 1 30473.003552364607 54.74490761540666 235352 235249 0 102124870 102098820 0
2.7599999999999851 0 1 30060.247710472497 49.914207380475112 237385 237355 0 103378340 103348640 0
2.7699999999999849 0 1 30996.339419398762 51.507688967903931 239414 239385 0 104627850 104599140 0
2.7799999999999847 0 1 30422.364008451583 55.844830060108556 241679 241646 0 105881340 105848670 0
2.7899999999999845 0 1 31444.083870551811 53.471881459738384 243786 243754 0 107130250 107098570 0
2.7999999999999843 0 1 31096.268162025248 51.296272113082502 245826 245784 0 108376400 108349070 0
2.8099999999999841 0 1 30491.70830127555 50.183968323149138 247847 247814 0 109631590 109598920 0
2.8199999999999839 0 1 30236.445965614123 46.446961034762218 249723 249690 0 110881470 110848800 0
2.8299999999999836 0 1 30719.77302462107 41.065928882116808 251368 251336 0 112130420 112098740 0
2.8399999999999834 0 1 30683.437659554846 51.324616616348692 253397 253365 0 113379930 113348250 0
2.8499999999999832 0 1 30854.120032734725 54.98009087646431 255580 255472 0 114630060 114599060 0
2.859999999999983 0 1 30249.990674127061 46.328737690749357 257455 257424 0 115878950 115848260 0
2.8699999999999828 0 1 30739.988532537383 58.110217211537524 259795 259763 0 117130770 117099090 0
2.8799999999999826 0 1 30558.743077412604 46.282817672739952 261670 261639 0 118379660 118348970 0
2.8899999999999824 0 1 31047.606697433162 45.731873281928422 263469 263438 0 119629230 119598540 0
2.8999999999999821 0 1 31196.121447308484 44.898499711240248 265274 265161 0 120884740 120848790 0
2.9099999999999819 0 1 31291.659222838298 51.09615626873552 267299 267267 0 122130290 122098610 0
2.9199999999999817 0 1 30474.21295899812 53.750604060616908 269406 269373 0 123381100 123348430 0
2.9299999999999815 0 1 31305.040640886771 45.735473308102875 271202 271173 0 124627700 124598990 0
2.9399999999999813 0 1 30891.526949522278 46.619970453151154 273077 273049 0 125876590 125848870 0
2.9499999999999811 0 1 30345.03537463742 44.925564022399357 274961 274849 0 127133740 127098780 0
2.9599999999999809 0 1 31044.897329199925 48.942031281652753 276831 276802 0 128374830 128348970 0
2.9699999999999807 0 1 30747.974577898887 46.322496136349812 278710 278678 0 129630530 129598850 0
2.9799999999999804 0 1 30824.399072446406 42.695265005482931 280434 280403 0 130879870 130849180 0
2.9899999999999802 0 1 31088.985960580932 54.560448556486968 282620 282585 0 132132970 132098320 0
2.99999999999998 0 1 31074.328569720015 56.099466657328811 284872 284769 0 133374840 133348790 0
3.0099999999999798 0 1 30372.511552808872 54.848376262669042 287059 287028 0 134628930 134598240 0
3.0199999999999796 0 1 30754.926647028155 42.546943160851235 288786 288751 0 135883140 135848490 0
3.0299999999999794 0 1 30691.90129843451 52.870311736284506 290969 290857 0 137133270 137098310 0
3.0399999999999792 0 1 30714.752155913749 41.748574181039636 292612 292580 0 138380240 138348560 0
3.049999999999979 0 1 31071.539288948803 55.994602630272446 294789 294763 0 139624430 139598690 0
3.0599999999999787 0 1 30583.886298154175 41.509565599112584 296443 296409 0 140882290 140848630 0
3.0699999999999785 0 1 30056.068484619947 55.754739916114808 298694 298669 0 142123170 142098420 0
3.0799999999999783 0 1 30318.523697145116 42.38245643743263 300425 300392 0 143381340 143348670 0
3.0899999999999781 0 1 30667.723404492313 57.288220469746932 302762 302728 0 144632090 144598430 0
3.0999999999999779 0 1 30919.60998446864 57.349609867864814 305014 304988 0 145874610 145848870 0
3.1099999999999777 0 1 30029.942601747436 46