0 0 1 0 0 0 0 0 0 0 0
0.01 0 1 0.0 0.0 0 0 0 0 0 0
0.02 0 1 0.0 0.0 0 0 0 0 0 0
0.029999999999999999 0 1 0.0 0.0 0 0 0 0 0 0
0.040000000000000001 0 1 0.0 0.0 0 0 0 0 0 0
0.050000000000000003 0 1 0.0 0.0 0 0 0 0 0 0
0.060000000000000005 0 1 0.0 0.0 0 0 0 0 0 0
0.070000000000000007 0 1 0.0 0.0 0 0 0 0 0 0
0.080000000000000002 0 1 0.0 0.0 0 0 0 0 0 0
0.089999999999999997 0 1 0.0 0.0 0 0 0 0 0 0
0.099999999999999992 0 1 0.0 0.0 0 0 0 0 0 0
0.10999999999999999 0 1 0.0 0.0 0 0 0 0 0 0
0.11999999999999998 0 1 0.0 0.0 0 0 0 0 0 0
0.12999999999999998 0 1 0.0 0.0 0 0 0 0 0 0
0.13999999999999999 0 1 0.0 0.0 0 0 0 0 0 0
0.14999999999999999 0 1 0.0 0.0 0 0 0 0 0 0
0.16 0 1 0.0 0.0 0 0 0 0 0 0
0.17000000000000001 0 1 0.0 0.0 0 0 0 0 0 0
0.18000000000000002 0 1 0.0 0.0 0 0 0 0 0 0
0.19000000000000003 0 1 0.0 0.0 0 0 0 0 0 0
0.20000000000000004 0 1 0.0 0.0 0 0 0 0 0 0
0.21000000000000005 0 1 0.0 0.0 0 0 0 0 0 0
0.22000000000000006 0 1 0.0 0.0 0 0 0 0 0 0
0.23000000000000007 0 1 0.0 0.0 0 0 0 0 0 0
0.24000000000000007 0 1 0.0 0.0 0 0 0 0 0 0
0.25000000000000006 0 1 0.0 0.0 0 0 0 0 0 0
0.26000000000000006 0 1 0.0 0.0 0 0 0 0 0 0
0.27000000000000007 0 1 0.0 0.0 0 0 0 0 0 0
0.28000000000000008 0 1 0.0 0.0 0 0 0 0 0 0
0.29000000000000009 0 1 0.0 0.0 0 0 0 0 0 0
0.3000000000000001 0 1 0.0 0.0 0 0 0 0 0 0
0.31000000000000011 0 1 0.0 0.0 0 0 0 0 0 0
0.32000000000000012 0 1 0.0 0.0 0 0 0 0 0 0
0.33000000000000013 0 1 0.0 0.0 0 0 0 0 0 0
0.34000000000000014 0 1 0.0 0.0 0 0 0 0 0 0
0.35000000000000014 0 1 0.0 0.0 0 0 0 0 0 0
0.36000000000000015 0 1 0.0 0.0 0 0 0 0 0 0
0.37000000000000016 0 1 0.0 0.0 0 0 0 0 0 0
0.38000000000000017 0 1 0.0 0.0 0 0 0 0 0 0
0.39000000000000018 0 1 0.0 0.0 0 0 0 0 0 0
0.40000000000000019 0 1 0.0 0.0 0 0 0 0 0 0
0.4100000000000002 0 1 0.0 0.0 0 0 0 0 0 0
0.42000000000000021 0 1 0.0 0.0 0 0 0 0 0 0
0.43000000000000022 0 1 0.0 0.0 0 0 0 0 0 0
0.44000000000000022 0 1 0.0 0.0 0 0 0 0 0 0
0.45000000000000023 0 1 0.0 0.0 0 0 0 0 0 0
0.46000000000000024 0 1 0.0 0.0 0 0 0 0 0 0
0.47000000000000025 0 1 0.0 0.0 0 0 0 0 0 0
0.48000000000000026 0 1 0.0 0.0 0 0 0 0 0 0
0.49000000000000027 0 1 0.0 0.0 0 0 0 0 0 0
0.50000000000000022 0 1 0.0 0.0 0 0 0 0 0 0
0.51000000000000023 0 1 0.0 0.0 0 0 0 0 0 0
0.52000000000000024 0 1 0.0 0.0 0 0 0 0 0 0
0.53000000000000025 0 1 0.0 0.0 0 0 0 0 0 0
0.54000000000000026 0 1 0.0 0.0 0 0 0 0 0 0
0.55000000000000027 0 1 0.0 0.0 0 0 0 0 0 0
0.56000000000000028 0 1 0.0 0.0 0 0 0 0 0 0
0.57000000000000028 0 1 0.0 0.0 0 0 0 0 0 0
0.58000000000000029 0 1 0.0 0.0 0 0 0 0 0 0
0.5900000000000003 0 1 0.0 0.0 0 0 0 0 0 0
0.60000000000000031 0 1 0.0 0.0 0 0 0 0 0 0
0.61000000000000032 0 1 0.0 0.0 0 0 0 0 0 0
0.62000000000000033 0 1 0.0 0.0 0 0 0 0 0 0
0.63000000000000034 0 1 0.0 0.0 0 0 0 0 0 0
0.64000000000000035 0 1 0.0 0.0 0 0 0 0 0 0
0.65000000000000036 0 1 0.0 0.0 0 0 0 0 0 0
0.66000000000000036 0 1 0.0 0.0 0 0 0 0 0 0
0.67000000000000037 0 1 0.0 0.0 0 0 0 0 0 0
0.68000000000000038 0 1 0.0 0.0 0 0 0 0 0 0
0.69000000000000039 0 1 0.0 0.0 0 0 0 0 0 0
0.7000000000000004 0 1 0.0 0.0 0 0 0 0 0 0
0.71000000000000041 0 1 0.0 0.0 0 0 0 0 0 0
0.72000000000000042 0 1 0.0 0.0 0 0 0 0 0 0
0.73000000000000043 0 1 0.0 0.0 0 0 0 0 0 0
0.74000000000000044 0 1 0.0 0.0 0 0 0 0 0 0
0.75000000000000044 0 1 0.0 0.0 0 0 0 0 0 0
0.76000000000000045 0 1 0.0 0.0 0 0 0 0 0 0
0.77000000000000046 0 1 0.0 0.0 0 0 0 0 0 0
0.78000000000000047 0 1 0.0 0.0 0 0 0 0 0 0
0.79000000000000048 0 1 0.0 0.0 0 0 0 0 0 0
0.80000000000000049 0 1 0.0 0.0 0 0 0 0 0 0
0.8100000000000005 0 1 0.0 0.0 0 0 0 0 0 0
0.82000000000000051 0 1 0.0 0.0 0 0 0 0 0 0
0.83000000000000052 0 1 0.0 0.0 0 0 0 0 0 0
0.84000000000000052 0 1 0.0 0.0 0 0 0 0 0 0
0.85000000000000053 0 1 0.0 0.0 0 0 0 0 0 0
0.86000000000000054 0 1 0.0 0.0 0 0 0 0 0 0
0.87000000000000055 0 1 0.0 0.0 0 0 0 0 0 0
0.88000000000000056 0 1 0.0 0.0 0 0 0 0 0 0
0.89000000000000057 0 1 0.0 0.0 0 0 0 0 0 0
0.90000000000000058 0 1 0.0 0.0 0 0 0 0 0 0
0.91000000000000059 0 1 0.0 0.0 0 0 0 0 0 0
0.9200000000000006 0 1 0.0 0.0 0 0 0 0 0 0
0.9300000000000006 0 1 0.0 0.0 0 0 0 0 0 0
0.94000000000000061 0 1 0.0 0.0 0 0 0 0 0 0
0.95000000000000062 0 1 0.0 0.0 0 0 0 0 0 0
0.96000000000000063 0 1 0.0 0.0 0 0 0 0 0 0
0.97000000000000064 0 1 0.0 0.0 0 0 0 0 0 0
0.98000000000000065 0 1 0.0 0.0 0 0 0 0 0 0
0.99000000000000066 0 1 0.0 0.0 0 0 0 0 0 0
1.0000000000000007 0 1 0.0 0.0 0 0 0 0 0 0
1.0100000000000007 0 1 2.4501288184062253 0.029366064811098241 1000 1000 0 88000 88000 0
1.0200000000000007 0 1 33259.644481253759 61.50310846832766 3424 3265 0 1122210 1035100 0
1.0300000000000007 0 1 120601.07876126276 197.11318458015634 5569 5204 0 2449410 2285060 0
1.0400000000000007 0 1 165463.68486673894 318.55537335567942 7781 7684 0 3631290 3535260 0
1.0500000000000007 0 1 37871.243423761312 77.086785421934209 10134 10110 0 4808760 4785850 0
1.0600000000000007 0 1 29553.778507895426 59.745457170692006 12709 12602 0 6069460 6035530 0
1.0700000000000007 0 1 28658.851294719992 63.906268824764119 15424 15357 0 7318160 7284980 0
1.0800000000000007 0 1 29340.69525770138 63.227568627273136 18079 18019 0 8569260 8535360 0
1.0900000000000007 0 1 29575.360494859146 74.102780618668575 21133 21053 0 9811420 9785520 0
1.1000000000000008 0 1 29343.271177877992 44.497947584347067 23000 22971 0 11064200 11035490 0
1.1100000000000008 0 1 29987.99912549102 62.320472639731094 25490 25469 0 12305300 12285360 0
1.1200000000000008 0 1 29767.134979065999 47.185617539166991 27488 27460 0 13563320 13535600 0
1.1300000000000008 0 1 30709.442326877128 58.519513979928242 29834 29733 0 14819260 14785320 0
1.1400000000000008 0 1 29261.746898337631 56.951984621315624 32195 32169 0 16061350 16035610 0
1.1500000000000008 0 1 31640.407329482678 71.962765603032011 34915 34886 0 17314150 17285440 0
1.1600000000000008 0 1 30328.43343078165 53.844611826382291 37123 37085 0 18564920 18534950 0
1.1700000000000008 0 1 29381.328685889392 53.218503732867489 39389 39288 0 19815760 19785220 0
1.1800000000000008 0 1 29067.901608035125 54.531046229650059 41616 41584 0 21067490 21035810 0
1.1900000000000008 0 1 29711.104707920142 59.233312819883949 44061 44006 0 22313440 22285840 0
1.2000000000000008 0 1 29434.518033058295 45.140374331783669 45957 45927 0 23565080 23535380 0
1.2100000000000009 0 1 29534.418661985463 65.952884775915265 48672 48641 0 24812930 24785640 0
1.2200000000000009 0 1 30479.296934055328 49.305247875883772 50665 50634 0 26066000 26035310 0
1.2300000000000009 0 1 30145.708251401436 49.869878404300685 52654 52624 0 27315110 27285410 0
1.2400000000000009 0 1 29666.374532414622 56.804840467994985 55008 54978 0 28565570 28535870 0
1.2500000000000009 0 1 29524.393618351045 55.200549117615289 57360 57312 0 29816600 29785230 0
1.2600000000000009 0 1 24678.620351500009 45.646797564681357 59565 59540 0 31060350 31035600 0
1.2700000000000009 0 1 29194.734059152128 57.442096622356992 61994 61966 0 32313060 32285340 0
1.2800000000000009 0 1 29702.482779209757 45.656098349802512 63910 63868 0 33566150 33535620 0
1.2900000000000009 0 1 16439.631268956338 25.537376040115344 65787 65787 0 34339480 34339480 0
1.3000000000000009 0 1 2.2950128962722061 0.026966405167372341 66947 66947 0 34442480 34442480 0
1.3100000000000009 0 1 21379.878564497641 41.841463153066414 68958 68881 0 35325870 35254090 0
1.320000000000001 0 1 125762.56021584195 238.38452736001332 71651 71095 0 36701040 36504450 0
1.330000000000001 0 1 251070.74412488341 526.92603805800138 74490 73697 0 38020150 37753880 0
1.340000000000001 0 1 175514.44226700219 417.46284475589408 76885 76680 0 39084400 39004200 0
1.350000000000001 0 1 31139.970102325475 55.846582516024455 78843 78818 0 40279020 40254270 0
1.360000000000001 0 1 29147.34832495388 55.055829866018044 81139 81081 0 41526660 41504490 0
1.370000000000001 0 1 28486.60084115107 58.234004413669517 83626 83580 0 42784740 42754500 0
1.380000000000001 0 1 26578.389940835044 50.463329078943644 85933 85879 0 44032670 44004660 0
1.390000000000001 0 1 28054.583732403044 53.453078042465371 88255 88224 0 45279450 45253860 0
1.400000000000001 0 1 16989.368483465954 34.191539688903283 90056 90056 0 45996240 45996240 0
1.410000000000001 0 1 5.4105261037626873 0.066368139097572276 91909 91909 0 46163660 46163660 0
1.420000000000001 0 1 2.4221162495843251 0.03000602229150659 93276 93276 0 46287040 46287040 0
1.430000000000001 0 1 2.024559612563424 0.023530055719089817 94316 94316 0 46380640 46380640 0
1.4400000000000011 0 1 3.5589128283355334 0.043597980488119206 95576 95576 0 46493040 46493040 0
1.4500000000000011 0 1 3.4490861290690202 0.040747546776764808 97183 97183 0 46638020 46638020 0
1.4600000000000011 0 1 0.96512002684345699 0.011884225407654537 97596 97596 0 46675840 46675840 0
1.4700000000000011 0 1 1.9186697973951876 0.021576073941798037 98470 98470 0 46754200 46754200 0
1.4800000000000011 0 1 4.73426017796585 0.057242604872786935 99994 99994 0 46891560 46891560 0
1.4900000000000011 0 1 3.3040812298810143 0.039136893650337755 101436 101436 0 47021440 47021440 0
1.5000000000000011 0 1 1.4131229916971564 0.018062204600743908 102087 102087 0 47079480 47079480 0
1.5100000000000011 0 1 3.4919227234135843 0.042377881482158451 103593 103593 0 47215420 47215420 0
1.5200000000000011 0 1 2.825442045435886 0.032460383805288345 104790 104790 0 47323000 47323000 0
1.5300000000000011 0 1 3.3158579859677819 0.040751955362616742 106206 106206 0 47449240 47449240 0
1.5400000000000011 0 1 4.4187038404750432 0.053065615485148272 108156 108156 0 47626240 47626240 0
1.5500000000000012 0 1 3.0461606576173113 0.037294077342075981 109494 109493 0 47745560 47745420 0
1.5600000000000012 0 1 2.3442974187224386 0.027726757524293408 110607 110607 0 47845380 47845380 0
1.5700000000000012 0 1 3.1090288660835492 0.038901895492871007 112315 112315 0 48000500 48000500 0
1.5800000000000012 0 1 12312.271216363373 24.191404096365311 114035 113907 0 48625000 48568480 0
1.5900000000000012 0 1 101348.2925102208 169.16495848736554 116244 116036 0 49943460 49818040 0
1.6000000000000012 0 1 55689.544744073894 111.90114260941685 118429 118399 0 51088160 51068910 0
1.6100000000000012 0 1 27510.393190128216 58.189297893377649 120998 120970 0 52345920 52318200 0
1.6200000000000012 0 1 30412.417947029022 44.253245285294845 122767 122737 0 53594080 53568630 0
1.6300000000000012 0 1 28132.157844456673 45.583020950739012 124761 124732 0 54847290 54818580 0
1.6400000000000012 0 1 29946.769481415067 65.80381618409109 127481 127449 0 56098190 56068210 0
1.6500000000000012 0 1 29594.380089159888 62.716402436217003 130048 130011 0 57345220 57318790 0
1.6600000000000013 0 1 29935.862264429325 65.012038216798786 132696 132653 0 58600440 58568070 0
1.6700000000000013 0 1 28806.253139610057 58.302550307582614 135194 135145 0 59850310 59818050 0
1.6800000000000013 0 1 29498.267674655304 50.732241488816676 137326 137301 0 61092740 61068840 0
1.6900000000000013 0 1 29557.874201491235 56.694543368599533 139682 139646 0 62346030 62318040 0
1.7000000000000013 0 1 26495.863044443387 48.876989077094414 142018 141936 0 63595870 63567990 0
1.7100000000000013 0 1 28357.400663072927 53.888106142382547 144319 144256 0 64854810 64818890 0
1.7200000000000013 0 1 29118.178652838375 45.662178950903325 146236 146207 0 66096990 66068280 0
1.7300000000000013 0 1 29193.677761455958 54.137273978215234 148514 148488 0 67344210 67318470 0
1.7400000000000013 0 1 29029.453062093708 55.091645237386139 150862 150831 0 68592980 68568240 0
1.7500000000000013 0 1 27372.224955373502 43.662781536346849 152786 152759 0 69845490 69818760 0
1.7600000000000013 0 1 23216.414529637073 46.245501077054541 154894 154894 0 70779760 70779760 0
1.7700000000000014 0 1 2.9630214475444534 0.034404098936691135 156169 156169 0 70894260 70894260 0
1.7800000000000014 0 1 4.305351999459802 0.054332889917274536 157844 157844 0 71044760 71044760 0
1.7900000000000014 0 1 4.4934541514436397 0.054109197176233033 158894 158894 0 71139760 71139760 0
1.8000000000000014 0 1 5.7060315050629864 0.069905453016860741 160573 160573 0 71290820 71290820 0
1.8100000000000014 0 1 2.3108036358250295 0.03023945246432011 161748 161748 0 71395320 71395320 0
1.8200000000000014 0 1 2.1453421814268108 0.02540153227590378 162893 162893 0 71499620 71499620 0
1.8300000000000014 0 1 2.3741922331543797 0.028485506538777881 163746 163746 0 71575040 71575040 0
1.8400000000000014 0 1 2.6729810518526498 0.032444453178914728 165054 165054 0 71694160 71694160 0
1.8500000000000014 0 1 4.1068106240431632 0.048944093611402686 166493 166493 0 71823620 71823620 0
1.8600000000000014 0 1 2.1274709518106487 0.025374482982432035 167534 167534 0 71917360 71917360 0
1.8700000000000014 0 1 3.3107825149043504 0.040794456583159687 169054 169054 0 72054160 72054160 0
1.8800000000000014 0 1 1.1274579092139791 0.012721725986386533 169694 169694 0 72111760 72111760 0
1.8900000000000015 0 1 1.4606603256690485 0.018743702762935559 170524 170523 0 72185560 72185520 0
1.9000000000000015 0 1 2.6793858260916159 0.034356943286617508 171681 171681 0 72289940 72289940 0
1.9100000000000015 0 1 3.2496852181451681 0.039631725012756434 173175 173175 0 72423100 72423100 0
1.9200000000000015 0 1 3.4951850632136652 0.042711046317145361 174226 174226 0 72518240 72518240 0
1.9300000000000015 0 1 4.5134790821337267 0.055989122978616863 175934 175934 0 72673360 72673360 0
1.9400000000000015 0 1 3184.6739028223965 4.6238154326325454 177195 177176 0 73056700 73037890 0
1.9500000000000015 0 1 75385.256202630408 125.19960718056362 179562 179381 0 74403280 74287590 0
1.9600000000000015 0 1 157401.17231903644 264.84833949947171 181785 181515 0 75737400 75538050 0
1.9700000000000015 0 1 251217.83207012969 465.21090745635667 184262 183801 0 77071130 76787790 0
1.9800000000000015 0 1 204499.15735639835 308.7147697151936 185754 185645 0 78145260 78037350 0
1.9900000000000015 0 1 46667.380766461451 81.973966857739256 187863 187776 0 79316720 79287290 0
2.0000000000000013 0 1 27473.630046714406 49.643418325726891 190019 189989 0 80567610 80537910 0
2.0100000000000011 0 1 28928.464826180898 52.244324992655102 192303 192192 0 81826720 81787980 0
2.0200000000000009 0 1 28608.797893014489 51.981051896682295 194506 194478 0 83065740 83038020 0
2.0300000000000007 0 1 21293.219376623449 36.87519139183285 196222 196222 0 83972780 83972780 0
2.0400000000000005 0 1 3.1857872557435454 0.039570557435687229 197419 197419 0 84080360 84080360 0
2.0500000000000003 0 1 2.6527086526240704 0.031213894524207531 198783 198783 0 84203320 84203320 0
2.0600000000000001 0 1 4.5447791523401806 0.051988686872618262 200141 200141 0 84325440 84325440 0
2.0699999999999998 0 1 0.99590715382726802 0.01225189730398339 200702 200702 0 84375980 84375980 0
2.0799999999999996 0 1 5.1157655779815441 0.061395883527560959 202287 202287 0 84517880 84517880 0
2.0899999999999994 0 1 3.4609175843752409 0.041412443605627118 203503 203503 0 84628120 84628120 0
2.0999999999999992 0 1 4.0846688273302494 0.04784795180499226 204941 204941 0 84757440 84757440 0
2.109999999999999 0 1 1.8328660248992215 0.021715284889012771 205743 205743 0 84829720 84829720 0
2.1199999999999988 0 1 0.84952863776523591 0.010135774785924529 206225 206225 0 84873000 84873000 0
2.1299999999999986 0 1 4.1692507602367535 0.050757733414431544 207423 207423 0 84980920 84980920 0
2.1399999999999983 0 1 3.6977040707731565 0.044540201803445596 208863 208863 0 85110520 85110520 0
2.1499999999999981 0 1 2.0697943349228693 0.025550343669645249 209823 209823 0 85196920 85196920 0
2.1599999999999979 0 1 1.705615441192557 0.021644732606862966 210538 210538 0 85261020 85261020 0
2.1699999999999977 0 1 34990.149854224488 64.484587055868076 212672 212579 0 86217330 86133760 0
2.1799999999999975 0 1 137863.32200487994 260.82828149002131 215232 214939 0 87528480 87383260 0
2.1899999999999973 0 1 65477.726336658656 156.24841946022724 217684 217659 0 88657410 88633510 0
2.1999999999999971 0 1 29549.438066696297 58.348140408022431 220114 220084 0 89909210 89882910 0
2.2099999999999969 0 1 30062.519029211227 51.206092401019035 222255 222223 0 91164800 91133120 0
2.2199999999999966 0 1 29557.253788310743 50.472510204709451 224317 224286 0 92414180 92383490 0
2.2299999999999964 0 1 30436.902296660726 59.671073666365331 226791 226639 0 93666640 93633810 0
2.2399999999999962 0 1 29345.412117614916 54.511387050429249 229024 228993 0 94914110 94883420 0
2.249999999999996 0 1 30141.518604103414 68.792081775268883 231736 231710 0 96156140 96133250 0
2.2599999999999958 0 1 30116.898952078496 46.408864784194805 233655 233600 0 97413350 97383550 0
2.2699999999999956 0 1 28708.662950945938 47.213188792702297 235723 235617 0 98671220 98633180 0
2.2799999999999954 0 1 29413.330965206689 59.544337457127597 238225 238164 0 99922500 99883360 0
2.2899999999999952 0 1 30114.479796456635 51.008927096255242 240350 240271 0 101161400 101132890 0
2.2999999999999949 0 1 29696.404952688008 48.212296915888558 242374 242312 0 102408060 102383780 0
2.3099999999999947 0 1 29297.204861356793 51.29251946727485 244553 244516 0 103664670 103633140 0
2.3199999999999945 0 1 25094.409785299205 39.376671345206745 246547 246509 0 104917230 104883010 0
2.3299999999999943 0 1 29633.233316789472 54.340225523597276 248822 248794 0 106161480 106133760 0
2.3399999999999941 0 1 28416.694673145226 66.899887963192484 251758 251654 0 107415520 107382860 0
2.3499999999999939 0 1 14330.286048774242 26.030138601864628 253041 253041 0 108033640 108033640 0
2.3599999999999937 0 1 2.5401409715773413 0.030923752176193579 254161 254161 0 108134440 108134440 0
2.3699999999999934 0 1 2.3880933806035798 0.026912595204331997 255361 255361 0 108242440 108242440 0
2.3799999999999932 0 1 3.1675833059817258 0.040553778009400944 256558 256558 0 108350020 108350020 0
2.389999999999993 0 1 2.0192300922472914 0.02383458523658228 257654 257654 0 108447460 108447460 0
2.3999999999999928 0 1 3.3754324411213341 0.041079884473261594 259192 259192 0 108586780 108586780 0
2.4099999999999926 0 1 29452.486538331326 47.417804697563504 261225 261148 0 109878900 109812020 0
2.4199999999999924 0 1 92593.373836982981 145.83371718665265 263326 262957 0 111201190 111062630 0
2.4299999999999922 0 1 223609.52922472442 471.14682604242876 266210 265792 0 112593650 112312230 0
2.439999999999992 0 1 335634.21351598128 629.45806745156801 268739 268149 0 113939210 113561860 0
2.4499999999999917 0 1 350135.04362940561 796.15499031359468 271506 270831 0 115083490 114811740 0
2.4599999999999915 0 1 171929.53895254617 350.35922960018604 273431 273371 0 116121840 116062440 0
2.4699999999999913 0 1 30011.925719591531 58.915613058283625 275895 275870 0 117337200 117312450 0
2.4799999999999911 0 1 28525.189829253257 49.375773681775293 278031 278005 0 118587840 118562100 0
2.4899999999999909 0 1 30498.858175185622 65.346133353484802 280532 280504 0 119839830 119812110 0
2.4999999999999907 0 1 4229.8156531241402 7.0407452605482925 281970 281970 0 120110800 120110800 0
2.5099999999999905 0 1 2.8383118874515993 0.034223968799197042 283010 283010 0 120204400 120204400 0
2.5199999999999902 0 1 1.5865013849900915 0.017460773850475435 283810 283810 0 120276400 120276400 0
2.52999999999999 0 1 2.7715855784409862 0.033495887410595775 285005 285005 0 120383700 120383700 0
2.5399999999999898 0 1 3.6536552891624718 0.045449450576563327 286285 286285 0 120498900 120498900 0
2.5499999999999896 0 1 3.066542648285052 0.037824924496954987 287562 287562 0 120613680 120613680 0
2.5599999999999894 0 1 3.8949779334230548 0.044924225985233227 288929 288929 0 120737060 120737060 0
2.5699999999999892 0 1 4.6745585820532227 0.055315934785228407 290351 290351 0 120864140 120864140 0
2.579999999999989 0 1 1214.8543509879705 2.9963721686130125 292679 292647 0 121213710 121192330 0
2.5899999999999888 0 1 105522.71517150661 234.63246791451604 295852 295450 0 122631130 122441600 0
2.5999999999999885 0 1 116954.56707712452 223.88865127710952 298034 297936 0 123730010 123692240 0
2.6099999999999883 0 1 28928.619865213663 51.243452282109097 300142 300088 0 124971530 124941720 0
2.6199999999999881 0 1 28491.406565041001 59.548444020562897 302686 302659 0 126217740 126191860 0
2.6299999999999879 0 1 27711.027645301088 53.196543250325391 305044 304953 0 127476410 127441720 0
2.6399999999999877 0 1 28751.144811190523 47.18063447835393 307030 307003 0 128719150 128692420 0
2.6499999999999875 0 1 28818.691643334409 62.670714158412679 309673 309645 0 129967720 129941700 0
2.6599999999999873 0 1 29181.017555815059 56.068710398956995 312017 311933 0 131216780 131192470 0
2.6699999999999871 0 1 29336.274215255195 56.939030206307407 314373 314282 0 132468370 132441780 0
2.6799999999999868 0 1 1264.9799815399383 3.4828256731056793 315451 315451 0 132597240 132597240 0
2.6899999999999866 0 1 3.2962864452522203 0.038581959301088035 316979 316979 0 132735160 132735160 0
2.6999999999999864 0 1 2.0991705722819725 0.026731150741011192 318099 318099 0 132835960 132835960 0
2.7099999999999862 0 1 1.789299326637777 0.022157364852005063 319100 319100 0 132924400 132924400 0
2.719999999999986 0 1 3.1337539139402848 0.036487011368669608 320339 320339 0 133037560 133037560 0
2.7299999999999858 0 1 2.5458696400760248 0.031671535112965506 321532 321532 0 133144580 133144580 0
2.7399999999999856 0 1 3.8038214677769946 0.045492420534333083 322899 322899 0 133267960 133267960 0
2.7499999999999853 0 1 3.5939502371401191 0.043971417084299573 324499 324499 0 133411960 133411960 0
2.7599999999999851 0 1 1.8030053501823347 0.021615722034118896 325211 325211 0 133475640 133475640 0
2.7699999999999849 0 1 2.2958356670255631 0.027765662644841409 326094 326094 0 133555260 133555260 0
2.7799999999999847 0 1 2.0092453688525396 0.024854322446366515 327058 327058 0 133642220 133642220 0
2.7899999999999845 0 1 3.6328165349646886 0.043965917230615985 328579 328579 0 133779160 133779160 0
2.7999999999999843 0 1 2.1682845742070818 0.026425205314551399 329619 329619 0 133872760 133872760 0
2.8099999999999841 0 1 2.2764832250317597 0.029655712364507557 330573 330573 0 133958320 133958320 0
2.8199999999999839 0 1 2.9727320524264935 0.037241888656503699 331779 331779 0 134067160 134067160 0
2.8299999999999836 0 1 2.3457539317855383 0.028752484469274978 332738 332738 0 134153420 134153420 0
2.8399999999999834 0 1 3.1990322226836527 0.039147453855826464 333908 333908 0 134257220 134257220 0
2.8499999999999832 0 1 2.3233423390643324 0.029457477112160919 335018 335018 0 134356620 134356620 0
2.859999999999983 0 1 2.3616447449042401 0.02834101740951727 336099 336099 0 134455960 134455960 0
2.8699999999999828 0 1 2.5886008563436587 0.03009935937670136 337059 337059 0 134542360 134542360 0
2.8799999999999826 0 1 4.9985584626189805 0.05892495458859185 338818 338818 0 134700620 134700620 0
2.8899999999999824 0 1 1.7084249228656399 0.020075552954513114 339551 339551 0 134765840 134765840 0
2.8999999999999821 0 1 2.3760848932000096 0.028439570574612712 340393 340393 0 134841120 134841120 0
2.9099999999999819 0 1 2.1079423315626848 0.025471571219260455 341219 341219 0 134916760 134916760 0
2.9199999999999817 0 1 2.843281699922489 0.033408823968184724 342632 342632 0 135042580 135042580 0
2.9299999999999815 0 1 3.2556658183980485 0.038857834574469167 343934 343934 0 135160860 135160860 0
2.9399999999999813 0 1 3.0360650247943193 0.038048916827105574 344899 344899 0 135247960 135247960 0
2.9499999999999811 0 1 3.0486011260402828 0.035586745987670955 346178 346178 0 135363020 135363020 0
2.9599999999999809 0 1 3.9561305197467211 0.051073456316609291 347856 347856 0 135513940 135513940 0
2.9699999999999807 0 1 2.7702032500479015 0.03344574223849222 348965 348965 0 135613200 135613200 0
2.9799999999999804 0 1 2.9562817786335591 0.036322601900763085 350018 350018 0 135708620 135708620 0
2.9899999999999802 0 1 2.6727035919523203 0.031225808146784884 351133 351133 0 135808720 135808720 0
2.99999999999998 0 1 2.1607281079223846 0.024778100625111849 352179 352179 0 135903160 135903160 0
3.0099999999999798 0 1 2.567481024508266 0.026020391834614132 352891 352891 0 135966840 135966840 0
3.0199999999999796 0 1 1.9222319495933304 0.023044253330484703 353859 353859 0 136054360 136054360 0
3.0299999999999794 0 1 2.5209061498694934 0.029698311286008937 355219 355219 0 136176760 136176760 0
3.0399999999999792 0 1 1.4709049334884796 0.017758703776716112 356099 356099 0 136255960 136255960 0
3.049999999999979 0 1 2.2613912835769896 0.029000907481125444 357352 357352 0 136367380 136367380 0
3.0599999999999787 0 1 4.6023910272535584 0.056699685214224402 359124 359124 0 136527460 136527460 0
3.0699999999999785 0 1 2.5535334933080569 