0 0 1 0 0 0 0 0 0 0 0
0.01 0 1 0.0 0.0 0 0 0 0 0 0
0.02 0 1 0.0 0.0 0 0 0 0 0 0
0.029999999999999999 0 1 0.0 0.0 0 0 0 0 0 0
0.040000000000000001 0 1 0.0 0.0 0 0 0 0 0 0
0.050000000000000003 0 1 0.0 0.0 0 0 0 0 0 0
0.060000000000000005 0 1 0.0 0.0 0 0 0 0 0 0
0.070000000000000007 0 1 0.0 0.0 0 0 0 0 0 0
0.080000000000000002 0 1 0.0 0.0 0 0 0 0 0 0
0.089999999999999997 0 1 0.0 0.0 0 0 0 0 0 0
0.099999999999999992 0 1 0.0 0.0 0 0 0 0 0 0
0.10999999999999999 0 1 0.0 0.0 0 0 0 0 0 0
0.11999999999999998 0 1 0.0 0.0 0 0 0 0 0 0
0.12999999999999998 0 1 0.0 0.0 0 0 0 0 0 0
0.13999999999999999 0 1 0.0 0.0 0 0 0 0 0 0
0.14999999999999999 0 1 0.0 0.0 0 0 0 0 0 0
0.16 0 1 0.0 0.0 0 0 0 0 0 0
0.17000000000000001 0 1 0.0 0.0 0 0 0 0 0 0
0.18000000000000002 0 1 0.0 0.0 0 0 0 0 0 0
0.19000000000000003 0 1 0.0 0.0 0 0 0 0 0 0
0.20000000000000004 0 1 0.0 0.0 0 0 0 0 0 0
0.21000000000000005 0 1 0.0 0.0 0 0 0 0 0 0
0.22000000000000006 0 1 0.0 0.0 0 0 0 0 0 0
0.23000000000000007 0 1 0.0 0.0 0 0 0 0 0 0
0.24000000000000007 0 1 0.0 0.0 0 0 0 0 0 0
0.25000000000000006 0 1 0.0 0.0 0 0 0 0 0 0
0.26000000000000006 0 1 0.0 0.0 0 0 0 0 0 0
0.27000000000000007 0 1 0.0 0.0 0 0 0 0 0 0
0.28000000000000008 0 1 0.0 0.0 0 0 0 0 0 0
0.29000000000000009 0 1 0.0 0.0 0 0 0 0 0 0
0.3000000000000001 0 1 0.0 0.0 0 0 0 0 0 0
0.31000000000000011 0 1 0.0 0.0 0 0 0 0 0 0
0.32000000000000012 0 1 0.0 0.0 0 0 0 0 0 0
0.33000000000000013 0 1 0.0 0.0 0 0 0 0 0 0
0.34000000000000014 0 1 0.0 0.0 0 0 0 0 0 0
0.35000000000000014 0 1 0.0 0.0 0 0 0 0 0 0
0.36000000000000015 0 1 0.0 0.0 0 0 0 0 0 0
0.37000000000000016 0 1 0.0 0.0 0 0 0 0 0 0
0.38000000000000017 0 1 0.0 0.0 0 0 0 0 0 0
0.39000000000000018 0 1 0.0 0.0 0 0 0 0 0 0
0.40000000000000019 0 1 0.0 0.0 0 0 0 0 0 0
0.4100000000000002 0 1 0.0 0.0 0 0 0 0 0 0
0.42000000000000021 0 1 0.0 0.0 0 0 0 0 0 0
0.43000000000000022 0 1 0.0 0.0 0 0 0 0 0 0
0.44000000000000022 0 1 0.0 0.0 0 0 0 0 0 0
0.45000000000000023 0 1 0.0 0.0 0 0 0 0 0 0
0.46000000000000024 0 1 0.0 0.0 0 0 0 0 0 0
0.47000000000000025 0 1 0.0 0.0 0 0 0 0 0 0
0.48000000000000026 0 1 0.0 0.0 0 0 0 0 0 0
0.49000000000000027 0 1 0.0 0.0 0 0 0 0 0 0
0.50000000000000022 0 1 0.0 0.0 0 0 0 0 0 0
0.51000000000000023 0 1 0.0 0.0 0 0 0 0 0 0
0.52000000000000024 0 1 0.0 0.0 0 0 0 0 0 0
0.53000000000000025 0 1 0.0 0.0 0 0 0 0 0 0
0.54000000000000026 0 1 0.0 0.0 0 0 0 0 0 0
0.55000000000000027 0 1 0.0 0.0 0 0 0 0 0 0
0.56000000000000028 0 1 0.0 0.0 0 0 0 0 0 0
0.57000000000000028 0 1 0.0 0.0 0 0 0 0 0 0
0.58000000000000029 0 1 0.0 0.0 0 0 0 0 0 0
0.5900000000000003 0 1 0.0 0.0 0 0 0 0 0 0
0.60000000000000031 0 1 0.0 0.0 0 0 0 0 0 0
0.61000000000000032 0 1 0.0 0.0 0 0 0 0 0 0
0.62000000000000033 0 1 0.0 0.0 0 0 0 0 0 0
0.63000000000000034 0 1 0.0 0.0 0 0 0 0 0 0
0.64000000000000035 0 1 0.0 0.0 0 0 0 0 0 0
0.65000000000000036 0 1 0.0 0.0 0 0 0 0 0 0
0.66000000000000036 0 1 0.0 0.0 0 0 0 0 0 0
0.67000000000000037 0 1 0.0 0.0 0 0 0 0 0 0
0.68000000000000038 0 1 0.0 0.0 0 0 0 0 0 0
0.69000000000000039 0 1 0.0 0.0 0 0 0 0 0 0
0.7000000000000004 0 1 0.0 0.0 0 0 0 0 0 0
0.71000000000000041 0 1 0.0 0.0 0 0 0 0 0 0
0.72000000000000042 0 1 0.0 0.0 0 0 0 0 0 0
0.73000000000000043 0 1 0.0 0.0 0 0 0 0 0 0
0.74000000000000044 0 1 0.0 0.0 0 0 0 0 0 0
0.75000000000000044 0 1 0.0 0.0 0 0 0 0 0 0
0.76000000000000045 0 1 0.0 0.0 0 0 0 0 0 0
0.77000000000000046 0 1 0.0 0.0 0 0 0 0 0 0
0.78000000000000047 0 1 0.0 0.0 0 0 0 0 0 0
0.79000000000000048 0 1 0.0 0.0 0 0 0 0 0 0
0.80000000000000049 0 1 0.0 0.0 0 0 0 0 0 0
0.8100000000000005 0 1 0.0 0.0 0 0 0 0 0 0
0.82000000000000051 0 1 0.0 0.0 0 0 0 0 0 0
0.83000000000000052 0 1 0.0 0.0 0 0 0 0 0 0
0.84000000000000052 0 1 0.0 0.0 0 0 0 0 0 0
0.85000000000000053 0 1 0.0 0.0 0 0 0 0 0 0
0.86000000000000054 0 1 0.0 0.0 0 0 0 0 0 0
0.87000000000000055 0 1 0.0 0.0 0 0 0 0 0 0
0.88000000000000056 0 1 0.0 0.0 0 0 0 0 0 0
0.89000000000000057 0 1 0.0 0.0 0 0 0 0 0 0
0.90000000000000058 0 1 0.0 0.0 0 0 0 0 0 0
0.91000000000000059 0 1 0.0 0.0 0 0 0 0 0 0
0.9200000000000006 0 1 0.0 0.0 0 0 0 0 0 0
0.9300000000000006 0 1 0.0 0.0 0 0 0 0 0 0
0.94000000000000061 0 1 0.0 0.0 0 0 0 0 0 0
0.95000000000000062 0 1 0.0 0.0 0 0 0 0 0 0
0.96000000000000063 0 1 0.0 0.0 0 0 0 0 0 0
0.97000000000000064 0 1 0.0 0.0 0 0 0 0 0 0
0.98000000000000065 0 1 0.0 0.0 0 0 0 0 0 0
0.99000000000000066 0 1 0.0 0.0 0 0 0 0 0 0
1.0000000000000007 0 1 0.0 0.0 0 0 0 0 0 0
1.0100000000000007 0 1 0.0 0.0 19 19 0 1660 1660 0
1.0200000000000007 0 1 0.0 0.0 45 45 0 4000 4000 0
1.0300000000000007 0 1 0.0 0.0 71 71 0 6340 6340 0
1.0400000000000007 0 1 0.0 0.0 91 91 0 8140 8140 0
1.0500000000000007 0 1 0.0 0.0 108 108 0 9220 9220 0
1.0600000000000007 0 1 0.44211199999288869 0.0040767999999413683 837 837 0 417324 417324 0
1.0700000000000007 0 1 0.87494399998710926 0.010537599999871352 3030 3030 0 1667320 1667320 0
1.0800000000000007 0 1 0.21350399998887307 0.0023615999999559967 3259 3259 0 1791412 1791412 0
1.0900000000000007 0 1 0.0 0.0 3277 3277 0 1793032 1793032 0
1.1000000000000008 0 1 0.0 0.0 3293 3293 0 1794472 1794472 0
1.1100000000000008 0 1 0.0 0.0 3321 3321 0 1796992 1796992 0
1.1200000000000008 0 1 0.0 0.0 3341 3341 0 1798792 1798792 0
1.1300000000000008 0 1 0.0 0.0 3373 3373 0 1801672 1801672 0
1.1400000000000008 0 1 0.0 0.0 3399 3399 0 1804012 1804012 0
1.1500000000000008 0 1 0.0 0.0 3415 3415 0 1805452 1805452 0
1.1600000000000008 0 1 0.0 0.0 3433 3433 0 1807072 1807072 0
1.1700000000000008 0 1 0.0 0.0 3457 3457 0 1809232 1809232 0
1.1800000000000008 0 1 0.0 0.0 3471 3471 0 1810492 1810492 0
1.1900000000000008 0 1 0.0 0.0 3491 3491 0 1812292 1812292 0
1.2000000000000008 0 1 0.0 0.0 3512 3512 0 1814132 1814132 0
1.2100000000000009 0 1 0.0 0.0 3531 3531 0 1815892 1815892 0
1.2200000000000009 0 1 0.0 0.0 3565 3565 0 1818852 1818852 0
1.2300000000000009 0 1 0.0 0.0 3597 3597 0 1821832 1821832 0
1.2400000000000009 0 1 0.0 0.0 3613 3613 0 1823272 1823272 0
1.2500000000000009 0 1 0.0 0.0 3640 3640 0 1825652 1825652 0
1.2600000000000009 0 1 0.0 0.0 3653 3653 0 1826872 1826872 0
1.2700000000000009 0 1 0.0 0.0 3681 3681 0 1829392 1829392 0
1.2800000000000009 0 1 0.47903999999299129 0.0058719999999290399 5324 5324 0 2763560 2763560 0
1.2900000000000009 0 1 0.97260799998544112 0.011235199999859436 7518 7518 0 4013260 4013260 0
1.3000000000000009 0 1 0.59385599999117689 0.0069983999999134678 9703 9703 0 5263072 5263072 0
1.3100000000000009 0 1 0.98975999998529485 0.011663999999855779 11899 11899 0 6513388 6513388 0
1.320000000000001 0 1 0.72582399998921621 0.0085535999998942389 14088 14088 0 7763560 7763560 0
1.330000000000001 0 1 0.98975999998529485 0.011663999999855779 16283 16283 0 9013300 9013300 0
1.340000000000001 0 1 0.79180799998823592 0.0093311999998846231 18473 18473 0 10263076 10263076 0
1.350000000000001 0 1 0.6454143999828682 0.0071199999998938718 19989 19989 0 11121560 11121560 0
1.360000000000001 0 1 0.0 0.0 20007 20007 0 11123180 11123180 0
1.370000000000001 0 1 0.0 0.0 20035 20035 0 11125700 11125700 0
1.380000000000001 0 1 0.0 0.0 20065 20065 0 11128400 11128400 0
1.390000000000001 0 1 0.0 0.0 20095 20095 0 11131100 11131100 0
1.400000000000001 0 1 0.0 0.0 20115 20115 0 11132900 11132900 0
1.410000000000001 0 1 0.0 0.0 20139 20139 0 11135060 11135060 0
1.420000000000001 0 1 0.0 0.0 20167 20167 0 11137580 11137580 0
1.430000000000001 0 1 0.0 0.0 20194 20194 0 11139860 11139860 0
1.4400000000000011 0 1 0.16364799999735155 0.0014751999999784702 20299 20299 0 11190720 11190720 0
1.4500000000000011 0 1 0.72582399998921621 0.0085535999998942389 22488 22488 0 12440892 12440892 0
1.4600000000000011 0 1 0.22035199999770308 0.0046367999999574706 24668 24668 0 13690776 13690776 0
1.4700000000000011 0 1 1.3472639999783087 0.014025599999811776 26868 26868 0 14940444 14940444 0
1.4800000000000011 0 1 0.48428799999378169 0.0077471999999190119 29055 29055 0 16190472 16190472 0
1.4900000000000011 0 1 1.1689599999744604 0.01316799999981909 31254 31254 0 17440636 17440636 0
1.5000000000000011 0 1 0.665087999990987 0.0096511999998938249 33445 33445 0 18690588 18690588 0
1.5100000000000011 0 1 1.2182655999803049 0.01316799999981909 35644 35644 0 19940752 19940752 0
1.5200000000000011 0 1 1.2365439999815198 0.014345599999820