0 0 1 0 0 0 0 0 0 0 0
0.01 0 1 0.0 0.0 0 0 0 0 0 0
0.02 0 1 0.0 0.0 0 0 0 0 0 0
0.029999999999999999 0 1 0.0 0.0 0 0 0 0 0 0
0.040000000000000001 0 1 0.0 0.0 0 0 0 0 0 0
0.050000000000000003 0 1 0.0 0.0 0 0 0 0 0 0
0.060000000000000005 0 1 0.0 0.0 0 0 0 0 0 0
0.070000000000000007 0 1 0.0 0.0 0 0 0 0 0 0
0.080000000000000002 0 1 0.0 0.0 0 0 0 0 0 0
0.089999999999999997 0 1 0.0 0.0 0 0 0 0 0 0
0.099999999999999992 0 1 0.0 0.0 0 0 0 0 0 0
0.10999999999999999 0 1 0.0 0.0 0 0 0 0 0 0
0.11999999999999998 0 1 0.0 0.0 0 0 0 0 0 0
0.12999999999999998 0 1 0.0 0.0 0 0 0 0 0 0
0.13999999999999999 0 1 0.0 0.0 0 0 0 0 0 0
0.14999999999999999 0 1 0.0 0.0 0 0 0 0 0 0
0.16 0 1 0.0 0.0 0 0 0 0 0 0
0.17000000000000001 0 1 0.0 0.0 0 0 0 0 0 0
0.18000000000000002 0 1 0.0 0.0 0 0 0 0 0 0
0.19000000000000003 0 1 0.0 0.0 0 0 0 0 0 0
0.20000000000000004 0 1 0.0 0.0 0 0 0 0 0 0
0.21000000000000005 0 1 0.0 0.0 0 0 0 0 0 0
0.22000000000000006 0 1 0.0 0.0 0 0 0 0 0 0
0.23000000000000007 0 1 0.0 0.0 0 0 0 0 0 0
0.24000000000000007 0 1 0.0 0.0 0 0 0 0 0 0
0.25000000000000006 0 1 0.0 0.0 0 0 0 0 0 0
0.26000000000000006 0 1 0.0 0.0 0 0 0 0 0 0
0.27000000000000007 0 1 0.0 0.0 0 0 0 0 0 0
0.28000000000000008 0 1 0.0 0.0 0 0 0 0 0 0
0.29000000000000009 0 1 0.0 0.0 0 0 0 0 0 0
0.3000000000000001 0 1 0.0 0.0 0 0 0 0 0 0
0.31000000000000011 0 1 0.0 0.0 0 0 0 0 0 0
0.32000000000000012 0 1 0.0 0.0 0 0 0 0 0 0
0.33000000000000013 0 1 0.0 0.0 0 0 0 0 0 0
0.34000000000000014 0 1 0.0 0.0 0 0 0 0 0 0
0.35000000000000014 0 1 0.0 0.0 0 0 0 0 0 0
0.36000000000000015 0 1 0.0 0.0 0 0 0 0 0 0
0.37000000000000016 0 1 0.0 0.0 0 0 0 0 0 0
0.38000000000000017 0 1 0.0 0.0 0 0 0 0 0 0
0.39000000000000018 0 1 0.0 0.0 0 0 0 0 0 0
0.40000000000000019 0 1 0.0 0.0 0 0 0 0 0 0
0.4100000000000002 0 1 0.0 0.0 0 0 0 0 0 0
0.42000000000000021 0 1 0.0 0.0 0 0 0 0 0 0
0.43000000000000022 0 1 0.0 0.0 0 0 0 0 0 0
0.44000000000000022 0 1 0.0 0.0 0 0 0 0 0 0
0.45000000000000023 0 1 0.0 0.0 0 0 0 0 0 0
0.46000000000000024 0 1 0.0 0.0 0 0 0 0 0 0
0.47000000000000025 0 1 0.0 0.0 0 0 0 0 0 0
0.48000000000000026 0 1 0.0 0.0 0 0 0 0 0 0
0.49000000000000027 0 1 0.0 0.0 0 0 0 0 0 0
0.50000000000000022 0 1 0.0 0.0 0 0 0 0 0 0
0.51000000000000023 0 1 0.0 0.0 0 0 0 0 0 0
0.52000000000000024 0 1 0.0 0.0 0 0 0 0 0 0
0.53000000000000025 0 1 0.0 0.0 0 0 0 0 0 0
0.54000000000000026 0 1 0.0 0.0 0 0 0 0 0 0
0.55000000000000027 0 1 0.0 0.0 0 0 0 0 0 0
0.56000000000000028 0 1 0.0 0.0 0 0 0 0 0 0
0.57000000000000028 0 1 0.0 0.0 0 0 0 0 0 0
0.58000000000000029 0 1 0.0 0.0 0 0 0 0 0 0
0.5900000000000003 0 1 0.0 0.0 0 0 0 0 0 0
0.60000000000000031 0 1 0.0 0.0 0 0 0 0 0 0
0.61000000000000032 0 1 0.0 0.0 0 0 0 0 0 0
0.62000000000000033 0 1 0.0 0.0 0 0 0 0 0 0
0.63000000000000034 0 1 0.0 0.0 0 0 0 0 0 0
0.64000000000000035 0 1 0.0 0.0 0 0 0 0 0 0
0.65000000000000036 0 1 0.0 0.0 0 0 0 0 0 0
0.66000000000000036 0 1 0.0 0.0 0 0 0 0 0 0
0.67000000000000037 0 1 0.0 0.0 0 0 0 0 0 0
0.68000000000000038 0 1 0.0 0.0 0 0 0 0 0 0
0.69000000000000039 0 1 0.0 0.0 0 0 0 0 0 0
0.7000000000000004 0 1 0.0 0.0 0 0 0 0 0 0
0.71000000000000041 0 1 0.0 0.0 0 0 0 0 0 0
0.72000000000000042 0 1 0.0 0.0 0 0 0 0 0 0
0.73000000000000043 0 1 0.0 0.0 0 0 0 0 0 0
0.74000000000000044 0 1 0.0 0.0 0 0 0 0 0 0
0.75000000000000044 0 1 0.0 0.0 0 0 0 0 0 0
0.76000000000000045 0 1 0.0 0.0 0 0 0 0 0 0
0.77000000000000046 0 1 0.0 0.0 0 0 0 0 0 0
0.78000000000000047 0 1 0.0 0.0 0 0 0 0 0 0
0.79000000000000048 0 1 0.0 0.0 0 0 0 0 0 0
0.80000000000000049 0 1 0.0 0.0 0 0 0 0 0 0
0.8100000000000005 0 1 0.0 0.0 0 0 0 0 0 0
0.82000000000000051 0 1 0.0 0.0 0 0 0 0 0 0
0.83000000000000052 0 1 0.0 0.0 0 0 0 0 0 0
0.84000000000000052 0 1 0.0 0.0 0 0 0 0 0 0
0.85000000000000053 0 1 0.0 0.0 0 0 0 0 0 0
0.86000000000000054 0 1 0.0 0.0 0 0 0 0 0 0
0.87000000000000055 0 1 0.0 0.0 0 0 0 0 0 0
0.88000000000000056 0 1 0.0 0.0 0 0 0 0 0 0
0.89000000000000057 0 1 0.0 0.0 0 0 0 0 0 0
0.90000000000000058 0 1 0.0 0.0 0 0 0 0 0 0
0.91000000000000059 0 1 0.0 0.0 0 0 0 0 0 0
0.9200000000000006 0 1 0.0 0.0 0 0 0 0 0 0
0.9300000000000006 0 1 0.0 0.0 0 0 0 0 0 0
0.94000000000000061 0 1 0.0 0.0 0 0 0 0 0 0
0.95000000000000062 0 1 0.0 0.0 0 0 0 0 0 0
0.96000000000000063 0 1 0.0 0.0 0 0 0 0 0 0
0.97000000000000064 0 1 0.0 0.0 0 0 0 0 0 0
0.98000000000000065 0 1 0.0 0.0 0 0 0 0 0 0
0.99000000000000066 0 1 0.0 0.0 0 0 0 0 0 0
1.0000000000000007 0 1 0.0 0.0 0 0 0 0 0 0
1.0100000000000007 0 1 0.0 0.0 19 19 0 1660 1660 0
1.0200000000000007 0 1 0.0 0.0 36 36 0 2540 2540 0
1.0300000000000007 0 1 0.8353919999866114 0.0078047999998886938 1414 1414 0 779808 779808 0
1.0400000000000007 0 1 0.41305599999397163 0.0050943999999386548 3218 3218 0 1808656 1808656 0
1.0500000000000007 0 1 0.0 0.0 3240 3240 0 1810636 1810636 0
1.0600000000000007 0 1 0.0 0.0 3263 3263 0 1812656 1812656 0
1.0700000000000007 0 1 0.0 0.0 3292 3292 0 1815316 1815316 0
1.0800000000000007 0 1 0.0 0.0 3302 3302 0 1816216 1816216 0
1.0900000000000007 0 1 0.0 0.0 3320 3320 0 1817836 1817836 0
1.1000000000000008 0 1 0.0 0.0 3336 3336 0 1819276 1819276 0
1.1100000000000008 0 1 0.0 0.0 3364 3364 0 1821796 1821796 0
1.1200000000000008 0 1 0.0 0.0 3383 3383 0 1823356 1823356 0
1.1300000000000008 0 1 0.0 0.0 3407 3407 0 1825016 1825016 0
1.1400000000000008 0 1 0.0 0.0 3422 3422 0 1825616 1825616 0
1.1500000000000008 0 1 0.0 0.0 3441 3441 0 1827476 1827476 0
1.1600000000000008 0 1 0.0 0.0 3460 3460 0 1829236 1829236 0
1.1700000000000008 0 1 0.0 0.0 3499 3499 0 1833396 1833396 0
1.1800000000000008 0 1 0.0 0.0 3519 3519 0 1835496 1835496 0
1.1900000000000008 0 1 0.0 0.0 3537 3537 0 1836916 1836916 0
1.2000000000000008 0 1 0.0 0.0 3561 3561 0 1839176 1839176 0
1.2100000000000009 0 1 0.0 0.0 3580 3580 0 1840936 1840936 0
1.2200000000000009 0 1 0.0 0.0 3614 3614 0 1843896 1843896 0
1.2300000000000009 0 1 0.0 0.0 3646 3646 0 1846876 1846876 0
1.2400000000000009 0 1 0.0 0.0 3688 3688 0 1863292 1863292 0
1.2500000000000009 0 1 0.28645079996358874 0.0028012699991641883 4403 4403 0 2261960 2261960 0
1.2600000000000009 0 1 0.34278339966142796 0.0042114099959800165 6287 6287 0 3340776 3340776 0
1.2700000000000009 0 1 0.54764799999240621 0.007587199999914411 8183 8183 0 4418828 4418828 0
1.2800000000000009 0 1 0.85010156033238282 0.0099165390085031915 10104 10104 0 5509772 5509772 0
1.2900000000000009 0 1 0.79180799998823592 0.0093311999998846231 12295 12295 0 6760124 6760124 0
1.3000000000000009 0 1 0.67699199999005033 0.0082047999999001961 14483 14483 0 8010156 8010156 0
1.3100000000000009 0 1 0.97260799998544112 0.011235199999859436 16677 16677 0 9259856 9259856 0
1.320000000000001 0 1 0.59385599999117689 0.0069983999999134678 18862 18862 0 10509668 10509668 0
1.330000000000001 0 1 1.0240639999850023 0.012521599999848466 21060 21060 0 11760064 11760064 0
1.340000000000001 0 1 0.75750399998852846 0.0084735999998919384 23248 23248 0 13009760 13009760 0
1.350000000000001 0 1 0.98975999998529485 0.011663999999855779 25444 25444 0 14260076 14260076 0
1.360000000000001 0 1 0.59385599999117689 0.0069983999999134678 27629 27629 0 15509888 15509888 0
1.370000000000001 0 1 0.85779199998725553 0.010108799999875009 29821 29821 0 16759844 16759844 0
1.380000000000001 0 1 0.45260799999446949 0.0078271999999213124 32008 32008 0 18009772 18009772 0
1.390000000000001 0 1 1.1742071616058769 0.013659179040415014 33882 33882 0 19068212 19068212 0
1.400000000000001 0 1 0.31801599999603497 0.0053343999999455561 35901 35901 0 20221000 20221000 0
1.410000000000001 0 1 0.59801340022591576 0.0062303350057968335 37685 37685 0 21237356 21237356 0
1.420000000000001 0 1 0.97260799998544112 0.011235199999859436 39879 39879 0 22487056 22487056 0
1.430000000000001 0 1 0.80895999998808965 0.0097599999998809663 42070 42070 0 23736872 23736872 0
1.4400000000000011 0 1 0.57670399999132316 0.0065695999999171245 44255 44255 0 24987220 24987220 0
1.4500000000000011 0 1 0.90924799998681671 0.011395199999864037 46450 46450 0 26237296 26237296 0
1.4600000000000011 0 1 0.48166399999338649 0.0068095999999240259 48556 48556 0 27440868 27440868 0
1.4700000000000011 0 1 0.17145071999724579 0.0042862679999311447 50332 50332 0 28455668 28455668 0
1.4800000000000011 0 1 0.88523012819185987 0.0097523952021338813 51960 51960 0 29374656 29374656 0
1.4900000000000011 0 1 1.1217279999833343 0.01321919999983655 54159 54159 0 30624756 30624756 0
1.5000000000000011 0 1 0.85779199998725553 0.010108799999875009 56351 56351 0 31874712 31874712 0
1.5100000000000011 0 1 1.3368319999802469 0.015980799999804049 58556 58556 0 33124816 33124816 0
1.5200000000000011 0 1 0.97260799998544112 0.011235199999859436 60751 60751 0 34375092 34375092 0
1.5300000000000011 0 1 0.59385599999117689 0.0069983999999134678 62936 62936 0 35624904 35624904 0
1.5400000000000011 0 1 0.28895999999711791 0.0063519999999428417 65120 65120 0 36874948 36874948 0
1.5500000000000012 0 1 0.59055914752903449 0.0069159786883599078 66923 66923 0 37900604 37900604 0
1.5600000000000012 0 1 0.62336060010315053 0.0068875900011811037 68511 68511 0 38803928 38803928 0
1.5700000000000012 0 1 0.74297599998906994 0.0089823999998905803 70692 70692 0 40048956 40048956 0
1.5800000000000012 0 1 0.74297599998906994 0.0089823999998905803 72882 72882 0 41299168 41299168 0
1.5900000000000012 0 1 1.2853759999806857 0.014694399999815019 75084 75084 0 42549152 42549152 0
1.6000000000000012 0 1 0.39590399999411796 0.0046655999999423116 77264 77264 0 43799000 43799000 0
1.6100000000000012 0 1 0.77990399998917259 0.010777599999878252 79457 79457 0 45048696 45048696 0
1.6200000000000012 0 1 0.18604799999799565 0.003779199999964785 81280 81280 0 46092948 46092948 0
1.6300000000000012 0 1 0.14697868085988816 0.003674467021497204 82893 82893 0 47015604 47015604 0
1.6400000000000012 0 1 0.39895827999192301 0.00648595699985765 84444 84444 0 47893964 47893964 0
1.6500000000000012 0 1 0.39590399999411796 0.0046655999999423116 86141 86141 0 48858764 48858764 0
1.6600000000000013 0 1 0.2861293599938361 0.0054092339998756903 87932 87932 0 49880360 49880360 0
1.6700000000000013 0 1 0.77687348000887657 0.0088138370003099011 89596 89596 0 50819648 50819648 0
1.6800000000000013 0 1 0.31539199999563977 0.0043967999999505692 91422 91422 0 51860396 51860396 0
1.6900000000000013 0 1 0.39590399999411796 0.0046655999999423116 93390 93390 0 52988132 52988132 0
1.7000000000000013 0 1 0.79180799998823592 0.0093311999998846231 95580 95580 0 54237908 54237908 0
1.7100000000000013 0 1 0.6598399999901966 0.0077759999999038529 97767 97767 0 55487900 55487900 0
1.7200000000000013 0 1 0.79180799998823592 0.0093311999998846231 99958 99958 0 56738252 56738252 0
1.7300000000000013 0 1 0.87494399998710926 0.010537599999871352 102151 102151 0 57988248 57988248 0
1.7400000000000013 0 1 0.72582399998921621 0.0085535999998942389 104339 104339 0 59237844 59237844 0
1.7500000000000013 0 1 0.31276799999524457 0.0034591999999555837 106517 106517 0 60488048 60488048 0
1.7600000000000013 0 1 0.18867199999839085 0.0047167999999597711 108697 108697 0 61737832 61737832 0
1.7700000000000014 0 1 1.0272757293487969 0.0095591337810452173 110510 110510 0 62765124 62765124 0
1.7800000000000014 0 1 0.92377599998627524 0.010886399999865393 112704 112704 0 64015260 64015260 0
1.7900000000000014 0 1 0.85779199998725553 0.010108799999875009 114896 114896 0 65265216 65265216 0
1.8000000000000014 0 1 0.6598399999901966 0.0077759999999038529 117083 117083 0 66515208 66515208 0
1.8100000000000014 0 1 1.2536959999813735 0.01477439999981732 119285 119285 0 67765092 67765092 0
1.8200000000000014 0 1 0.90924799998681671 0.011395199999864037 121480 121480 0 69015168 69015168 0
1.8300000000000014 0 1 0.50143999999363542 0.0081759999999153551 123497 123497 0 70166740 70166740 0
1.8400000000000014 0 1 0.43192437614525364 0.0055661094037207041 125242 125242 0 71159960 71159960 0
1.8500000000000014 0 1 0.12006399999897599 0.0030015999999743999 126997 126997 0 72167088 72167088 0
1.8600000000000014 0 1 0.97663962803196025 0.010239990700933168 128561 128561 0 73046196 73046196 0
1.8700000000000014 0 1 0.85779199998725553 0.010108799999875009 130753 130753 0 74296152 74296152 0
1.8800000000000014 0 1 0.72582399998921621 0.0085535999998942389 132942 132942 0 75546324 75546324 0
1.8900000000000015 0 1 0.72582399998921621 0.0085535999998942389 135131 135131 0 76796496 76796496 0
1.9000000000000015 0 1 0.6598399999901966 0.0077759999999038529 137318 137318 0 78046488 78046488 0
1.9100000000000015 0 1 0.3720959999959913 0.0075583999999295701 139504 139504 0 79296176 79296176 0
1.9200000000000015 0 1 1.2781390407790016 0.013641476019787812 141302 141302 0 80307688 80307688 0
1.9300000000000015 0 1 0.92377599998627524 0.010886399999865393 143496 143496 0 81557824 81557824 0
1.9400000000000015 0 1 0.72582399998921621 0.0085535999998942389 145684 145684 0 82807420 82807420 0
1.9500000000000015 0 1 0.6598399999901966 0.0077759999999038529 147871 147871 0 84057412 84057412 0
1.9600000000000015 0 1 1.2536959999813735 0.01477439999981732 150074 150074 0 85307872 85307872 0
1.9700000000000015 0 1 0.52787199999215728 0.0062207999999230826 152257 152257 0 86557504 86557504 0
1.9800000000000015 0 1 0.39590399999411796 0.0046655999999423116 154437 154437 0 87807352 87807352 0
1.9900000000000015 0 1 0.46188799999313762 0.0054431999999326967 156619 156619 0 89057380 89057380 0
2.0000000000000013 0 1 1.1217279999833591 0.013219199999836843 158818 158818 0 90307480 90307480 0
2.0100000000000011 0 1 0.30611199999697847 0.0067807999999393359 161003 161003 0 91557564 91557564 0
2.0200000000000009 0 1 0.8968754337601772 0.0088565388125518511 162840 162840 0 92600288 92600288 0
2.0300000000000007 0 1 0.7258239999892323 0.0085535999998944279 165028 165028 0 93849884 93849884 0
2.0400000000000005 0 1 0.80895999998810753 0.0097599999998811832 167220 167220 0 95100276 95100276 0
2.0500000000000003 0 1 0.84063999998742045 0.009679999999878881 169411 169411 0 96350192 96350192 0
2.0600000000000001 0 1 1.0557439999843379 0.012441599999846441 171608 171608 0 97600112 97600112 0
2.0699999999999998 0 1 0.92377599998629567 0.010886399999865636 173802 173802 0 98850248 98850248 0
2.0799999999999996 0 1 1.1217279999833591 0.013219199999836843 176000 176000 0 100099772 100099772 0
2.0899999999999994 0 1 0.92377599998629567 0.010886399999865636 178194 178194 0 101349908 101349908 0
2.0999999999999992 0 1 0.61100799999104416 0.0074271999999099758 180380 180380 0 102599760 102599760 0
2.109999999999999 0 1 1.2365439999815473 0.014345599999821296 182582 182582 0 103850180 103850180 0
2.1199999999999988 0 1 0.65983999999021126 0.0077759999999040255 184769 184769 0 105100172 105100172 0
2.1299999999999986 0 1 0.98975999998531683 0.011663999999856038 186964 186964 0 106349912 106349912 0
2.1399999999999983 0 1 0.65983999999021126 0.0077759999999040255 189151 189151 0 107599904 107599904 0
2.1499999999999981 0 1 0.5938559999911901 0.006998399999913623 191337 191337 0 108850292 108850292 0
2.1599999999999979 0 1 1.006911999985171 0.012092799999852391 193533 193533 0 110100072 110100072 0
2.1699999999999977 0 1 0.70867199998937824 0.0081247999998980761 195721 195721 0 111350204 111350204 0
2.1799999999999975 0 1 0.32991999999510563 0.0038879999999520127 197899 197899 0 112599872 112599872 0
2.1899999999999973 0 1 0.5938559999911901 0.006998399999913623 200085 200085 0 113850260 113850260 0
2.1999999999999971 0 1 1.1217279999833591 0.013219199999836843 202283 202283 0 115099784 115099784 0
2.2099999999999969 0 1 0.85779199998727462 0.010108799999875233 204475 204475 0 116349740 116349740 0
2.2199999999999966 0 1 1.1217279999833591 0.013219199999836843 206674 206674 0 117599840 117599840 0
2.2299999999999964 0 1 0.7258239999892323 0.0085535999998944279 208863 208863 0 118850012 118850012 0
2.2399999999999962 0 1 0.85779199998727462 0.010108799999875233 211055 211055 0 120099968 120099968 0
2.249999999999996 0 1 0.66246399999060646 0.0087135999998990323 213244 213244 0 121349940 121349940 0
2.2599999999999958 0 1 0.85290364681702302 0.010498591170238438 215352 215352 0 122549432 122549432 0
2.2699999999999956 0 1 0.42758399999343966 0.0045855999999401134 217404 217404 0 123724580 123724580 0
2.2799999999999954 0 1 0.51596799999310539 0.0076671999999168815 219591 219591 0 124974708 124974708 0
2.2899999999999952 0 1 0.56217599999187717 0.0070783999999159252 221288 221288 0 125938872 125938872 0
2.2999999999999949 0 1 0.5938559999911901 0.0069983999