0 0 1 0 0 0 0 0 0 0 0
0.01 0 1 0.0 0.0 0 0 0 0 0 0
0.02 0 1 0.0 0.0 0 0 0 0 0 0
0.029999999999999999 0 1 0.0 0.0 0 0 0 0 0 0
0.040000000000000001 0 1 0.0 0.0 0 0 0 0 0 0
0.050000000000000003 0 1 0.0 0.0 0 0 0 0 0 0
0.060000000000000005 0 1 0.0 0.0 0 0 0 0 0 0
0.070000000000000007 0 1 0.0 0.0 0 0 0 0 0 0
0.080000000000000002 0 1 0.0 0.0 0 0 0 0 0 0
0.089999999999999997 0 1 0.0 0.0 0 0 0 0 0 0
0.099999999999999992 0 1 0.0 0.0 0 0 0 0 0 0
0.10999999999999999 0 1 0.0 0.0 0 0 0 0 0 0
0.11999999999999998 0 1 0.0 0.0 0 0 0 0 0 0
0.12999999999999998 0 1 0.0 0.0 0 0 0 0 0 0
0.13999999999999999 0 1 0.0 0.0 0 0 0 0 0 0
0.14999999999999999 0 1 0.0 0.0 0 0 0 0 0 0
0.16 0 1 0.0 0.0 0 0 0 0 0 0
0.17000000000000001 0 1 0.0 0.0 0 0 0 0 0 0
0.18000000000000002 0 1 0.0 0.0 0 0 0 0 0 0
0.19000000000000003 0 1 0.0 0.0 0 0 0 0 0 0
0.20000000000000004 0 1 0.0 0.0 0 0 0 0 0 0
0.21000000000000005 0 1 0.0 0.0 0 0 0 0 0 0
0.22000000000000006 0 1 0.0 0.0 0 0 0 0 0 0
0.23000000000000007 0 1 0.0 0.0 0 0 0 0 0 0
0.24000000000000007 0 1 0.0 0.0 0 0 0 0 0 0
0.25000000000000006 0 1 0.0 0.0 0 0 0 0 0 0
0.26000000000000006 0 1 0.0 0.0 0 0 0 0 0 0
0.27000000000000007 0 1 0.0 0.0 0 0 0 0 0 0
0.28000000000000008 0 1 0.0 0.0 0 0 0 0 0 0
0.29000000000000009 0 1 0.0 0.0 0 0 0 0 0 0
0.3000000000000001 0 1 0.0 0.0 0 0 0 0 0 0
0.31000000000000011 0 1 0.0 0.0 0 0 0 0 0 0
0.32000000000000012 0 1 0.0 0.0 0 0 0 0 0 0
0.33000000000000013 0 1 0.0 0.0 0 0 0 0 0 0
0.34000000000000014 0 1 0.0 0.0 0 0 0 0 0 0
0.35000000000000014 0 1 0.0 0.0 0 0 0 0 0 0
0.36000000000000015 0 1 0.0 0.0 0 0 0 0 0 0
0.37000000000000016 0 1 0.0 0.0 0 0 0 0 0 0
0.38000000000000017 0 1 0.0 0.0 0 0 0 0 0 0
0.39000000000000018 0 1 0.0 0.0 0 0 0 0 0 0
0.40000000000000019 0 1 0.0 0.0 0 0 0 0 0 0
0.4100000000000002 0 1 0.0 0.0 0 0 0 0 0 0
0.42000000000000021 0 1 0.0 0.0 0 0 0 0 0 0
0.43000000000000022 0 1 0.0 0.0 0 0 0 0 0 0
0.44000000000000022 0 1 0.0 0.0 0 0 0 0 0 0
0.45000000000000023 0 1 0.0 0.0 0 0 0 0 0 0
0.46000000000000024 0 1 0.0 0.0 0 0 0 0 0 0
0.47000000000000025 0 1 0.0 0.0 0 0 0 0 0 0
0.48000000000000026 0 1 0.0 0.0 0 0 0 0 0 0
0.49000000000000027 0 1 0.0 0.0 0 0 0 0 0 0
0.50000000000000022 0 1 0.0 0.0 0 0 0 0 0 0
0.51000000000000023 0 1 0.0 0.0 0 0 0 0 0 0
0.52000000000000024 0 1 0.0 0.0 0 0 0 0 0 0
0.53000000000000025 0 1 0.0 0.0 0 0 0 0 0 0
0.54000000000000026 0 1 0.0 0.0 0 0 0 0 0 0
0.55000000000000027 0 1 0.0 0.0 0 0 0 0 0 0
0.56000000000000028 0 1 0.0 0.0 0 0 0 0 0 0
0.57000000000000028 0 1 0.0 0.0 0 0 0 0 0 0
0.58000000000000029 0 1 0.0 0.0 0 0 0 0 0 0
0.5900000000000003 0 1 0.0 0.0 0 0 0 0 0 0
0.60000000000000031 0 1 0.0 0.0 0 0 0 0 0 0
0.61000000000000032 0 1 0.0 0.0 0 0 0 0 0 0
0.62000000000000033 0 1 0.0 0.0 0 0 0 0 0 0
0.63000000000000034 0 1 0.0 0.0 0 0 0 0 0 0
0.64000000000000035 0 1 0.0 0.0 0 0 0 0 0 0
0.65000000000000036 0 1 0.0 0.0 0 0 0 0 0 0
0.66000000000000036 0 1 0.0 0.0 0 0 0 0 0 0
0.67000000000000037 0 1 0.0 0.0 0 0 0 0 0 0
0.68000000000000038 0 1 0.0 0.0 0 0 0 0 0 0
0.69000000000000039 0 1 0.0 0.0 0 0 0 0 0 0
0.7000000000000004 0 1 0.0 0.0 0 0 0 0 0 0
0.71000000000000041 0 1 0.0 0.0 0 0 0 0 0 0
0.72000000000000042 0 1 0.0 0.0 0 0 0 0 0 0
0.73000000000000043 0 1 0.0 0.0 0 0 0 0 0 0
0.74000000000000044 0 1 0.0 0.0 0 0 0 0 0 0
0.75000000000000044 0 1 0.0 0.0 0 0 0 0 0 0
0.76000000000000045 0 1 0.0 0.0 0 0 0 0 0 0
0.77000000000000046 0 1 0.0 0.0 0 0 0 0 0 0
0.78000000000000047 0 1 0.0 0.0 0 0 0 0 0 0
0.79000000000000048 0 1 0.0 0.0 0 0 0 0 0 0
0.80000000000000049 0 1 0.0 0.0 0 0 0 0 0 0
0.8100000000000005 0 1 0.0 0.0 0 0 0 0 0 0
0.82000000000000051 0 1 0.0 0.0 0 0 0 0 0 0
0.83000000000000052 0 1 0.0 0.0 0 0 0 0 0 0
0.84000000000000052 0 1 0.0 0.0 0 0 0 0 0 0
0.85000000000000053 0 1 0.0 0.0 0 0 0 0 0 0
0.86000000000000054 0 1 0.0 0.0 0 0 0 0 0 0
0.87000000000000055 0 1 0.0 0.0 0 0 0 0 0 0
0.88000000000000056 0 1 0.0 0.0 0 0 0 0 0 0
0.89000000000000057 0 1 0.0 0.0 0 0 0 0 0 0
0.90000000000000058 0 1 0.0 0.0 0 0 0 0 0 0
0.91000000000000059 0 1 0.0 0.0 0 0 0 0 0 0
0.9200000000000006 0 1 0.0 0.0 0 0 0 0 0 0
0.9300000000000006 0 1 0.0 0.0 0 0 0 0 0 0
0.94000000000000061 0 1 0.0 0.0 0 0 0 0 0 0
0.95000000000000062 0 1 0.0 0.0 0 0 0 0 0 0
0.96000000000000063 0 1 0.0 0.0 0 0 0 0 0 0
0.97000000000000064 0 1 0.0 0.0 0 0 0 0 0 0
0.98000000000000065 0 1 0.0 0.0 0 0 0 0 0 0
0.99000000000000066 0 1 0.0 0.0 0 0 0 0 0 0
1.0000000000000007 0 1 0.0 0.0 0 0 0 0 0 0
1.0100000000000007 0 1 7.4935048304762768 0.088629079411162076 2504 2504 0 222560 222560 0
1.0200000000000007 0 1 4.273987606328685 0.053342207736606313 4520 4520 0 404800 404800 0
1.0300000000000007 0 1 7.2480000942305383 0.087838781428750595 7201 7201 0 644140 644140 0
1.0400000000000007 0 1 9.4507218300576756 0.11220143941381701 10330 10330 0 926200 926200 0
1.0500000000000007 0 1 8.1464231848378184 0.097754496492563542 13000 13000 0 1168000 1168000 0
1.0600000000000007 0 1 5.5623903381869457 0.066942551936000017 15160 15160 0 1362400 1362400 0
1.0700000000000007 0 1 5.9901429764219696 0.074873513534190403 17559 17559 0 1578260 1578260 0
1.0800000000000007 0 1 8.214496708062839 0.099529095634531745 20179 20179 0 1813060 1813060 0
1.0900000000000007 0 1 6.4504647003222839 0.078487154109674259 22360 22360 0 2010400 2010400 0
1.1000000000000008 0 1 4.3166675676777864 0.053066843434179618 24360 24360 0 2190400 2190400 0
1.1100000000000008 0 1 6.9692017909845854 0.086425039713056068 26760 26760 0 2406400 2406400 0
1.1200000000000008 0 1 5.1646900323389877 0.059111621968788108 28760 28760 0 2586400 2586400 0
1.1300000000000008 0 1 4.9977013551734073 0.058235209975987474 31000 31000 0 2788000 2788000 0
1.1400000000000008 0 1 4.229698871030859 0.050856722504288805 32983 32983 0 2965620 2965620 0
1.1500000000000008 0 1 8.0439860924199564 0.097032686470632706 35330 35330 0 3177200 3177200 0
1.1600000000000008 0 1 7.3715690059241661 0.09162992440490117 37989 37989 0 3414460 3414460 0
1.1700000000000008 0 1 65629.306023851808 186.17447578228314 41969 41545 0 4545560 4365950 0
1.1800000000000008 0 1 106665.30649657836 256.97181367760351 44838 44632 0 5653470 5615380 0
1.1900000000000008 0 1 26188.985554552801 77.412894964189462 48389 48355 0 6893410 6866100 0
1.2000000000000008 0 1 29701.352856711688 81.955446558541809 51791 51702 0 8147090 8115430 0
1.2100000000000009 0 1 27282.135016638073 95.642475930018918 55992 55960 0 9386730 9366100 0
1.2200000000000009 0 1 27523.384886760236 76.199001570909545 59338 59156 0 10650370 10615290 0
1.2300000000000009 0 1 27008.496134163077 71.207988762220694 62454 62425 0 11893560 11865700 0
1.2400000000000009 0 1 28397.930039995706 79.897194021817512 65892 65857 0 13138030 13115280 0
1.2500000000000009 0 1 26471.616445376163 71.937511704935119 69053 69016 0 14395420 14365590 0
1.2600000000000009 0 1 29186.120492616046 93.698988125843968 72780 72662 0 15648200 15615280 0
1.2700000000000009 0 1 11015.604526630619 35.51679604012795 76552 76552 0 16360380 16360380 0
1.2800000000000009 0 1 6.8164617726700287 0.086623599598056794 78989 78989 0 16577560 16577560 0
1.2900000000000009 0 1 7.4010882979154085 0.086410068940323465 81920 81920 0 16843900 16843900 0
1.3000000000000009 0 1 6.6689424699122251 0.081722986473309264 84006 84006 0 17031940 17031940 0
1.3100000000000009 0 1 5.2350400638241323 0.062669824858074763 85999 85999 0 17210960 17210960 0
1.320000000000001 0 1 6.6259590143800056 0.083291781549332741 88400 88400 0 17427100 17427100 0
1.330000000000001 0 1 8.2760616816943617 0.10252502058263326 91359 91359 0 17693360 17693360 0
1.340000000000001 0 1 38849.03189361059 95.155085069157607 94529 94247 0 18736760 18612730 0
1.350000000000001 0 1 135652.90847472032 373.36451697693343 97862 97736 0 19931530 19862690 0
1.360000000000001 0 1 30684.096788925031 76.943983984667327 100819 100775 0 21146060 21113550 0
1.370000000000001 0 1 27786.497402286794 73.957311981160629 104169 104037 0 22399210 22362730 0
1.380000000000001 0 1 27906.437991710645 74.31456482281709 107255 107226 0 23634800 23612890 0
1.390000000000001 0 1 26860.707684423611 84.301053023496095 111192 111100 0 24892230 24862950 0
1.400000000000001 0 1 28037.377343533688 89.278314128451299 114944 114895 0 26137460 26112750 0
1.410000000000001 0 1 27606.974828310955 73.773786147839388 118322 118265 0 27393680 27362750 0
1.420000000000001 0 1 28002.962973050158 72.267592962495812 121542 121454 0 28639180 28613010 0
1.430000000000001 0 1 28181.118577022491 82.839305779188024 125062 125043 0 29880930 29862970 0
1.4400000000000011 0 1 9695.4413310885047 32.331648037062671 127578 127578 0 30427120 30427120 0
1.4500000000000011 0 1 5.3098406027403078 0.064339630152887517 129553 129553 0 30603620 30603620 0
1.4600000000000011 0 1 5.8510930617363623 0.07217660888878534 132064 132064 0 30828660 30828660 0
1.4700000000000011 0 1 8.3891306576182529 0.099066222449550795 134778 134778 0 31075120 31075120 0
1.4800000000000011 0 1 4.7402348439606845 0.057354869229087009 136839 136839 0 31259660 31259660 0
1.4900000000000011 0 1 4.715470322554256 0.057236180354092121 138538 138538 0 31413520 31413520 0
1.5000000000000011 0 1 5.9677982435837276 0.073644671043071527 140538 140538 0 31593520 31593520 0
1.5100000000000011 0 1 4.8908422731357382 0.059749136107134448 142698 142698 0 31787920 31787920 0
1.5200000000000011 0 1 5.5301542655339322 0.065497543775272449 144747 144747 0 31970780 31970780 0
1.5300000000000011 0 1 8.2420153494115951 0.094919544100302483 147486 147486 0 32218240 32218240 0
1.5400000000000011 0 1 5.1780233895155581 0.06325911091302755 149604 149604 0 32406760 32406760 0
1.5500000000000012 0 1 9.1238075821031739 0.10849307548299593 152262 152262 0 32646880 32646880 0
1.5600000000000012 0 1 2.7902701303044148 0.032925354272306223 153577 153577 0 32766980 32766980 0
1.5700000000000012 0 1 8.1394821597009432 0.097544198828725032 156210 156210 0 33003600 33003600 0
1.5800000000000012 0 1 4.3551806716526329 0.053091079439604401 157876 157876 0 33152840 33152840 0
1.5900000000000012 0 1 7.9133117404603865 0.096858015433376382 160521 160521 0 33391140 33391140 0
1.6000000000000012 0 1 9.1040903281185326 0.11119585114145449 163250 163250 0 33637200 33637200 0
1.6100000000000012 0 1 5.1767526094748062 0.058220083573035049 165098 165098 0 33803920 33803920 0
1.6200000000000012 0 1 6.3123119117318662 0.077184568767440995 167498 167498 0 34019920 34019920 0
1.6300000000000012 0 1 6.413817435403141 0.078901331124225857 169785 169785 0 34224100 34224100 0
1.6400000000000012 0 1 6.0671653559594088 0.071289491237269617 172044 172044 0 34428360 34428360 0
1.6500000000000012 0 1 4.2707670112331861 0.052090350941202908 173821 173821 0 34588340 34588340 0
1.6600000000000013 0 1 3.7361461091629491 0.045863448589633607 175654 175654 0 34753760 34753760 0
1.6700000000000013 0 1 11.417901520149421 0.13400524352018539 178594 178594 0 35017360 35017360 0
1.6800000000000013 0 1 4.8226721342237111 0.058702039192004507 180458 180458 0 35186320 35186320 0
1.6900000000000013 0 1 8.3441412377473974 0.10341778407771941 182850 182850 0 35401200 35401200 0
1.7000000000000013 0 1 8.2285650560391872 0.097380093252175032 185481 185481 0 35637540 35637540 0
1.7100000000000013 0 1 4.750046249982538 0.056217945146674837 187093 187093 0 35782120 35782120 0
1.7200000000000013 0 1 8.6527305246684101 0.10360957030244301 190031 190031 0 36046540 36046540 0
1.7300000000000013 0 1 8.060827171022293 0.099931966404809197 192778 192778 0 36295120 36295120 0
1.7400000000000013 0 1 4.4870063953554826 0.054977475289996698 195092 195092 0 36503080 36503080 0
1.7500000000000013 0 1 8.910425185426611 0.10795509203198596 197737 197737 0 36741380 36741380 0
1.7600000000000013 0 1 4.8645681734722457 0.060585959885717189 199569 199569 0 36905860 36905860 0
1.7700000000000014 0 1 6.4753635341681051 0.080756888358446341 202037 202037 0 37127380 37127380 0
1.7800000000000014 0 1 6.1427467628791756 0.075841057745962212 204680 204680 0 37365400 37365400 0
1.7900000000000014 0 1 12.210955903457322 0.14835739608303186 208260 208260 0 37686600 37686600 0
1.8000000000000014 0 1 10.180636953398983 0.11952300954427553 211347 211346 0 37965080 37964940 0
1.8100000000000014 0 1 8.0817118565259456 0.09917559798098266 213738 213738 0 38181520 38181520 0
1.8200000000000014 0 1 4.8580174061076908 0.061056118620150757 215737 215737 0 38361380 38361380 0
1.8300000000000014 0 1 7.5139556916416979 0.094160773298246264 218434 218434 0 38602960 38602960 0
1.8400000000000014 0 1 6.082148215251765 0.072242019283796852 220680 220680 0 38805400 38805400 0
1.8500000000000014 0 1 8.9011511034402453 0.10823070297500949 223335 223335 0 39045100 39045100 0
1.8600000000000014 0 1 7.2481941196564863 0.08934523779082762 225574 225574 0 39246560 39246560 0
1.8700000000000014 0 1 47332.285747720322 128.66791689076069 229170 229150 0 40497300 40477500 0
1.8800000000000014 0 1 24990.184988496789 71.15682028575614 232532 232413 0 41758930 41726670 0
1.8900000000000015 0 1 28455.724762581129 69.23330359607894 235487 235434 0 43008830 42976760 0
1.9000000000000015 0 1 26952.987491857013 83.446970680539252 239057 239017 0 44252730 44226730 0
1.9100000000000015 0 1 27583.8171833901 74.881648959568551 242292 242270 0 45496080 45476850 0
1.9200000000000015 0 1 26998.054118438835 68.392208751975502 245474 245327 0 46761060 46727080 0
1.9300000000000015 0 1 28654.666389922248 78.113405029792403 248755 248654 0 48008150 47977210 0
1.9400000000000015 0 1 27190.786304129339 82.506012584119972 252484 252433 0 49254410 49226870 0
1.9500000000000015 0 1 26892.878204820339 58.185701479341361 255167 255041 0 50509080 50477140 0
1.9600000000000015 0 1 27416.782493714632 76.366023558003079 258368 258367 0 51671020 51670980 0
1.9700000000000015 0 1 7.359848829240339 0.091487928984168493 260666 260666 0 51878540 51878540 0
1.9800000000000015 0 1 7.8095809702851611 0.094383561562860679 263611 263611 0 52142840 52142840 0
1.9900000000000015 0 1 5.2977615702776104 0.064723141627087644 265780 265780 0 52338500 52338500 0
2.0000000000000013 0 1 5.4449165085298565 0.065288027071443155 267947 267947 0 52533880 52533880 0
2.0100000000000011 0 1 4.7960576740974004 0.060059693598414517 269623 269623 0 52684520 52684520 0
2.0200000000000009 0 1 4.9933859925436153 0.059700563869259531 271867 271867 0 52886680 52886680 0
2.0300000000000007 0 1 9.1732092537093202 0.11321648490279188 274828 274828 0 53149220 53149220 0
2.0400000000000005 0 1 4.8979799026326258 0.058022834233640977 276636 276636 0 53314340 53314340 0
2.0500000000000003 0 1 6.6314759064411168 0.079433390709173241 279015 279014 0 53528400 53528260 0
2.0600000000000001 0 1 8.7596083218574794 0.10910138229540911 281822 281822 0 53780380 53780380 0
2.0699999999999998 0 1 4.4254509581628074 0.052942670740564489 283707 283707 0 53952280 53952280 0
2.0799999999999996 0 1 8.6073146185265568 0.10320384531712577 286944 286944 0 54241460 54241460 0
2.0899999999999994 0 1 6.1996117478761095 0.073358959249071778 289300 289300 0 54455300 54455300 0
2.0999999999999992 0 1 4.2031617469993963 0.051156230007532978 291146 291146 0 54621740 54621740 0
2.109999999999999 0 1 13.540405359537221 0.16561304036542343 295033 295033 0 54969920 54969920 0
2.1199999999999988 0 1 3.7355730705411445 0.04407240826123187 296747 296747 0 55125880 55125880 0
2.1299999999999986 0 1 3.8903074575894201 0.048098281542819837 298416 298416 0 55275540 55275540 0
2.1399999999999983 0 1 7.1564601837811743 0.084196039435815009 301143 301143 0 55521320 55521320 0
2.1499999999999981 0 1 11.292187100729898 0.13490579525368429 304500 304500 0 55823300 55823300 0
2.1599999999999979 0 1 8.1057797199123929 0.09972508379032731 307207 307207 0 56066280 56066280 0
2.1699999999999977 0 1 7.9923367034419641 0.099865810007539926 309867 309867 0 56306680 56306680 0
2.1799999999999975 0 1 4.7376737165115603 0.05854739514257315 311933 311933 0 56491920 56491920 0
2.1899999999999973 0 1 7.1236039719659159 0.08614103131732348 314202 314202 0 56693980 56693980 0
2.1999999999999971 0 1 9.9140483081818669 0.12224843080033393 316667 316667 0 56918680 56918680 0
2.2099999999999969 0 1 6.5109708801431019 0.078911629766988414 319067 319067 0 57134680 57134680 0
2.2199999999999966 0 1 8.0789460135319349 0.096306134528758414 321998 321998 0 57397020 57397020 0
2.2299999999999964 0 1 6.7510268820722192 0.082052994759875347 324507 324507 0 57624280 57624280 0
2.2399999999999962 0 1 10.902608248255296 0.13003254956216737 327850 327850 0 57924300 57924300 0
2.249999999999996 0 1 4.0048671548459112 0.049626336049836073 329508 329508 0 58072420 58072420 0
2.2599999999999958 0 1 7.1738004441545407 0.085043972313815927 332182 332182 0 58314780 58314780 0
2.2699999999999956 0 1 10.13154976046437 0.12326268404323755 335046 335046 0 58571740 58571740 0
2.2799999999999954 0 1 8.8887150270526529 0.10931753017393808 338346 338346 0 58869740 58869740 0
2.2899999999999952 0 1 7.6364920026136778 0.092765359664117336 341011 341011 0 59106840 59106840 0
2.2999999999999949 0 1 7.1279179293749904 0.080907849129287557 343375 343375 0 59321800 59321800 0
2.3099999999999947 0 1 10.175851828482013 0.12316950190554272 346510 346510 0 59603400 59603400 0
2.3199999999999945 0 1 9.2070573810636169 0.11326634528705767 349669 349669 0 59886960 59886960 0
2.3299999999999943 0 1 4.9008735500725091 0.061094103149229778 351642 351642 0 60063180 60063180 0
2.3399999999999941 0 1 5.4995936059968393 0.068912444037484782 354027 354027 0 60281080 60281080 0
2.3499999999999939 0 1 4.1770994159967323 0.052082707147028673 355778 355778 0 60438220 60438220 0
2.3599999999999937 0 1 6.8131014592253472 0.083272657595580668 358186 358186 0 60655340 60655340 0
2.3699999999999934 0 1 6.4353468544392758 0.080526098643575794 360412 360412 0 60854980 60854980 0
2.3799999999999932 0 1 5.2254176563907295 0.064347425440793013 362587 362587 0 61051480 61051480 0
2.389999999999993 0 1 7.0772854050843836 0.086641285217583144 364636 364636 0 61234340 61234340 0
2.3999999999999928 0 1 8.828409556591776 0.10723631350950898 367625 367625 0 61504800 61504800 0
2.4099999999999926 0 1 11.086313925388739 0.13418200182098447 371037 371037 0 61810480 61810480 0
2.4199999999999924 0 1 8.3250861929446529 0.096889675820623758 373620 373620 0 62044100 62044100 0
2.4299999999999922 0 1 5.3279569178182911 0.063886199648656411 375873 375873 0 62246420 62246420 0
2.439999999999992 0 1 4.8114943764333473 0.057995172265680309 378027 378027 0 62441080 62441080 0
2.4499999999999917 0 1 6.7033786122038572 0.079064836011301667 380507 380507 0 62664280 62664280 0
2.4599999999999915 0 1 5.8924738970091015 0.072016673100085291 382729 382729 0 62863360 62863360 0
2.4699999999999913 0 1 7.2910785073416085 0.088421281598096368 385260 385260 0 63089700 63089700 0
2.4799999999999911 0 1 6.9186256634684948 0.084026514046888337 387547 387547 0 63297880 63297880 0
2.4899999999999909 0 1 6.1727931251100081 0.076146948234214154 390184 390184 0 63535060 63535060 0
2.4999999999999907 0 1 8.9183441524937859 0.11047186260544586 392904 392904 0 63779860 63779860 0
2.5099999999999905 0 1 7.3485693837761943 0.086603307965839774 395444 395444 0 64007060 64007060 0
2.5199999999999902 0 1 6.6120065417482357 0.082273773707887771 398217 398217 0 64255680 64255680 0
2.52999999999999 0 1 11.126371407654172 0.12750677332160892 401123 401123 0 64518520 64518520 0
2.5399999999999898 0 1 7.2669968538134224 0.087350079402172737 403867 403867 0 64766680 64766680 0
2.5499999999999896 0 1 12.806477176435845 0.15513678522962923 407181 407181 0 65062640 65062640 0
2.5599999999999894 0 1 5.5723830687776168 0.066227573161282999 409344 409344 0 65258060 65258060 0
2.5699999999999892 0 1 5.3929091546259835 0.065825459114023113 410918 410918 0 65398920 65398920 0
2.579999999999989 0 1 7.7851775313144129 0.092515270627037988 413691 413691 0 65650040 65650040 0
2.5899999999999888 0 1 7.0457673165355397 0.087944597113189457 415866 415866 0 65846540 65846540 0
2.5999999999999885 0 1 6.0161967545308173 0.072334911283624001 418427 418427 0 66077080 66077080 0
2.6099999999999883 0 1 9.8763471737497337 0.11920922841124591 421801 421801 0 66379140 66379140 0
2.6199999999999881 0 1 11.325923089625675 0.13943225149351277 425096 425096 0 66674740 66674740 0
2.6299999999999879 0 1 6.8967763332291963 0.084546207553650304 427506 427505 0 66893040 66892900 0
2.6399999999999877 0 1 55216.689815212667 156.92291432603605 430745 430450 0 67873350 67786250 0
2.6499999999999875 0 1 36529.337974003662 113.91633625488178 434209 434016 0 69076660 69036390 0
2.6599999999999873 0 1 26599.854497107935 91.571101402810697 438180 438097 0 70316750 70285580 0
2.6699999999999871 0 1 26615.278846460751 64.681962964080199 441127 441044 0 71562980 71535560 0
2.6799999999999868 0 1 29111.885737120636 66.170316638601165 443918 443784 0 72825120 72785710 0
2.6899999999999866 0 1 26826.15212791778 79.401289809544821 447509 447440 0 74069410 74035950 0
2.6999999999999864 0 1 27673.702002091057 85.432910468651755 451307 451205 0 75316230 75285550 0
2.7099999999999862 0 1 28134.729004734014 75.794174653049865 454615 454511 0 76569200 76535690 0
2.719999999999986 0 1 27688.813859162081 84.26956808896027 458328 458247 0 77812570 77786330 0
2.7299999999999858 0 1 28518.150692165731 90.221924513744611 462123 461968 0 79061320 79035720 0
2.7399999999999856 0 1 12188.00725159763 38.659904135097079 465287 465285 0 79766480 79766300 0
2.7499999999999853 0 1 8.0584026031972957 0.093441469824375512 467718 467716 0 79985520 79985340 0
2.7599999999999851 0 1 5.8970043248579724 0.07144398987542086 469912 469912 0 80184080 80184080 0
2.7699999999999849 0 1 5.8318867890038284 0.068719369845561623 471516 471516 0 80328640 80328640 0
2.7799999999999847 0 1 306.8739826213814 0.74664918804782576 473025 473013 0 80530600 80521270 0
2.7899999999999845 0 1 72332.777186847743 156.95036788262985 476004 475459 0 81931360 81770610 0
2.7999999999999843 0 1 258600.9852615979 713.89827712219176 479967 478873 0 83335730 83020870 0
2.8099999999999841 0 1 201853.49903491262 544.89506091702106 482576 482389 0 84368390 84270560 0
2.8199999999999839 0 1 43080.194998078805 121.25575444870145 485700 485563 0 85548600 85521270 0
2.8299999999999836 0 1 26969.467590306649 86.822035634942665 489598 489502 0 86798620 86770480 0
2.8399999999999834 0 1 27914.244409000781 71.657728076915916 492616 492572 0 88045690 88020830 0
2.8499999999999832 0 1 28311.312348544834 84.198257656360482 496206 496184 0 89290690 89270610 0
2.859999999999983 0 1 29644.030107467195 70.817864153462878 499004 498902 0 90554660 90520580 0
2.8699999999999828 0 1 27650.120191902883 82.175808367741183 502662 502604 0 91798380 91770710 0
2.8799999999999826 0 1 23311.095400944956 71.773782691787673 506276 506276 0 92930140 92930140 0
2.8899999999999824 0 1 5.9898117416282872 0.072956722027319065 508970 508970 0 93171300 93171300 0
2.8999999999999821 0 1 9.4025194920261743 0.11258466600878832 511785 511785 0 93425400 93425400 0
2.9099999999999819 0 1 6.3842803072608172 0.076295307740716314 514125 514125 0 93637000 93637000 0
2.9199999999999817 0 1 6.2016209987653328 0.076304976134268745 516347 516347 0 93836080 93836080 0
2.9299999999999815 0 1 6.9113963560802159 0.080718976670903275 518979 518979 0 94072560 94072560 0
2.9399999999999813 0 1 4.692585838801933 0.057416080448248308 521056 521056 0 94259340 94259340 0
2.9499999999999811 0 1 4.1438233566620566 0.050083552377079246 523005 523005 0 94436200 94436200 0
2.9599999999999809 0 1 7.2316177509865067 0.08734228100753158 525724 525724 0 94680860 94680860 0
2.9699999999999807 0 1 10.411227115430188 0.12737395885609454 528715 528715 0 94948900 94948900 0
2.9799999999999804 0 1 7.8816149365731905 0.094735161894112602 531261 531261 0 95176040 95176040 0
2.9899999999999802 0 1 4.2420904908421004 0.052935919680631181 533070 533070 0 95341300 95341300 0
2.99999999999998 0 1 9.6619531105732577 0.11784526053220364 535901 535901 0 95593640 95593640 0
3.0099999999999798 0 1 5.2918109221532523 0.06399066666387257 537725 537725 0 95761000 95761000 0
3.0199999999999796 0 1 5.9094967444376518 0.074509081585329345 540045 540045 0 95969800 95969800 0
3.0299999999999794 0 1 6.0822031681314801 0.075178422688716925 542452 542452 0 96185980 96185980 0
3.0399999999999792 0 1 7.9704208605983515 0.09788874842185033 545199 545199 0 96432460 96432460 0
3.049999999999979 0 1 9.1653004994791409 0.10802064427424493 548200 548200 0 96703500 96703500 0
3.0599999999999787 0 1 13.161930325503338 0.16138037705100483 551374 551374 0 96983860 96983860 0
3.0699999999999785 0 1 7.6242393027749449 0.092162735781499999 553800 553800 0 97207500 97207500 0
3.0799999999999783 0 1 6.7630055556461617 0.080974246716893405 556125 556125 0 97417000 97417000 0
3.0899999999999781 0 1 6.4763005012170849 0.079244744665364936 558600 558599 0 97637900 97637760 0
3.0999999999999779 0 1 6.2057836521109069 0.075559919744440596 560412 560412 0 97801180 97801180 0
3.1099999999999777 0 1 4.0262827457225621 0.045871581212076774 562125 562125 0 97957000 97957000 0
3.1199999999999775 0 1 4.0999281173378126 0.048930827540029018 563799 563799 0 98107360 98107360 0
3.1299999999999772 0 1 5.6051589849853789 0.064990404223320974 565804 565804 0 98288060 98288060 0
3.139999999999977 0 1 8.8654855758651614 0.10998734531000544 568698 568698 0 98547820 98547820 0
3.1499999999999768 0 1 7.7428102598304225 0.095010726936808149 571072 571072 0 98761580 98761580 0
3.1599999999999766 0 1 3.1535854480600594 0.039452714486821479 572605 572605 0 98900200 98900200 0
3.1699999999999764 0 1 4.6074187212551285 0.057200737130803758 574577 574577 0 99076280 99076280 0
3.1799999999999762 0 1 3.8275812109099512 0.046459517950926281 575885 575885 0 99195400 99195400 0
3.189999999999976 0 1 8.4350799876872902 0.097255477308257746 578578 578578 0 99436420 99436420 0
3.1999999999999758 0 1 11.254841404051659 0.13107566157089248 581962 581962 0 99740480 99740480 0
3.2099999999999755 0 1 4.9723711403527551 0.061037442382173762 583951 583951 0 99920640 99920640 0
3.2199999999999753 0 1 5.886258603676656 0.072521866402077015 586125 586125 0 100117000 100117000 0
3.2299999999999751 0 1 8.6718396772333577 0.10342055783066016 589150 589150 0 100388500 100388500 0
3.2399999999999749 0 1 6.7406386923389068 0.076002569360779607 591392 591392 0 100590380 100590380 0
3.2499999999999747 0 1 7.4166950681215287 0.085145718545966573 593881 593881 0 100814840 100814840 0
3.2599999999999745 0 1 4.639260841120417 0.05718607667661979 595611 595609 0 100969340 100969160 0
3.2699999999999743 0 1 8.9022394994950584 0.11000459893600002 598669 598669 0 101242460 101242460 0
3.279999999999974 0 1 8.7517331517485619 0.10605309183442606 601539 601539 0 101502960 101502960 0
3.2899999999999738 0 1 4.8483970068781055 0.058357370914531435 603718 603718 0 101700020 101700020 0
3.2999999999999736 0 1 5.8955012869878063 0.072768229163024278 605428 605428 0 101852320 101852320 0
3.3099999999999734 0 1 8.9761957926947886 0.11002597613121402 608204 608204 0 102101960 102101960 0
3.3199999999999732 0 1 8.30434314521451 0.094571528157196619 611131 611131 0 102365840 102365840 0
3.329999999999973 0 1 5.298668114210094 0.062676015396202711 613165 613165 0 102550600 102550600 0
3.3399999999999728 0 1 4.4578024514328858 0.051356330170860817 615084 615084 0 102723260 102723260 0
3.3499999999999726 0 1 6.0567778609287481 0.077219134868268799 617460 617460 0 102935900 102935900 0
3.3599999999999723 0 1 6.3081111609319072 0.075220166794977505 619565 619565 0 103126600 103126600 0
3.3699999999999721 0 1 6.0914866045048885 0.074639712310144365 621786 621786 0 103325540 103325540 0
3.3799999999999719 0 1 7.9064457532444532 0.094089789062758791 624598 624598 0 103579220 103579220 0
3.3899999999999717 0 1 8.2349858096321764 0.1016175434063204 627312 627312 0 103823180 103823180 0
3.3999999999999715 0 1 7.0057797325732523 0.086941035541833939 629805 629805 0 104048200 104048200 0
3.4099999999999713 0 1 7.3522420955961962 0.086924581149807251 632443 632443 0 104285520 104285520 0
3.4199999999999711 0 1 5.7002697886919913 0.070936742796369592 634895 634895 0 104504800 104504800 0
3.4299999999999708 0 1 3.4694643793572086 0.042293196481458586 636517 636517 0 104651880 104651880 0
3.4399999999999706 0 1 7.7865692246030234 0.096347518331187765 639213 639213 0 104893320 104893320 0
3.4499999999999704 0 1 5.7073319291732867 0.069706247119018336 641632 641632 0 105111980 105111980 0
3.4599999999999702 0 1 8.6840404527530239 0.10756310555786415 644252 644252 0 105346780 105346780 0
3.46999999999997 0 1 4.7641792691140896 0.057896229789068512 646365 646365 0 105538600 105538600 0
3.4799999999999698 0 1 7.3229237241518206 0.088525912200944856 649050 649050 0 105778500 105778500 0
3.4899999999999696 0 1 9.4507052438770121 0.10743347663018328 651179 651179 0 105968560 105968560 0
3.4999999999999694 0 1 3.5011960082647811 0.045042781508587273 652980 652980 0 106132700 106132700 0
3.5099999999999691 0 1 5.2830459736431541 0.066256474153593453 655003 655003 0 106315920 106315920 0
3.5199999999999689 0 1 5.2411886688040763 0.063509408370655801 656833 656833 0 106480120 106480120 0
3.5299999999999687 0 1 5.483671393441309 0.064483810732342259 658903 658903 0 106665920 106665920 0
3.5399999999999685 0 1 7.1957878020604698 0.086018468090067357 661236 661236 0 106876540 106876540 0
3.5499999999999683 0 1 6.3869805967390585 0.076051406239320787 663628 663628 0 107089020 107089020 0
3.5599999999999681 0 1 8.2863042882037146 0.098831920398458784 666037 666037 0 107308680 107308680 0
3.5699999999999679 0 1 8.8041720848972211 0.1038084680485185 669165 669165 0 107590600 107590600 0
3.5799999999999677 0 1 5.9724173028740273 0.074038474804939886 671470 671470 0 107797300 107797300 0
3.5899999999999674 0 1 7.9871853416346212 0.094655058086836399 674026 674026 0 108027140 108027140 0
3.5999999999999672 0 1 8.69466902847212 0.10925840998008651 676575 676575 0 108256000 108256000 0
3.609999999999967 0 1 5.3948686305648232 0.064908198495051972 678595 678595 0 108438800 108438800 0
3.6199999999999668 0 1 8.5940095393663594 0.10456801058982503 681003 681003 0 108655920 108655920 0
3.6299999999999666 0 1 5.7319209322167612 0.069109110465694151 683069 683069 0 108841160 108841160 0
3.6399999999999664 0 1 8.1091783670050379 0.098512832351762433 686105 686105 0 109114200 109114200 0
3.6499999999999662 0 1 6.3484715588125979 0.077520953397637857 688423 688423 0 109322720 109322720 0
3.6599999999999659 0 1 5.5324706533391792 0.067621589868151255 690524 690524 0 109512860 109512860 0
3.6699999999999657 0 1 7.9427597222753752 0.099776375601614467 693197 693196 0 109751080 109750940 0
3.6799999999999655 0 1 6.1671718951778125 0.072560575065507157 695165 695165 0 109930600 109930600 0
3.6899999999999653 0 1 62666.49345389106 162.49150342238937 698698 698434 0 111058870 110955960 0
3.6999999999999651 0 1 42915.635939208987 105.60864217009804 701703 701680 0 112227020 112205950 0
3.7099999999999649 0 1 28135.639616565735 101.33914074981092 706011 705916 0 113482390 113456090 0
3.7199999999999647 0 1 26210.905865584082 86.669265475989988 709982 709916 0 114736080 114705990 0
3.7299999999999645 0 1 27558.629754869424 84.092554818431182 713760 713582 0 115997100 115955930 0
3.7399999999999642 0 1 26191.20337676708 83.858345691434096 717604 717495 0 117234410 117206800 0
3.749999999999964 0 1 27040.195151481279 78.362510424257152 721079 721015 0 118478360 118456200 0
3.7599999999999638 0 1 30668.863067325798 78.455175566419911 724275 724030 0 119748350 119705850 0
3.7699999999999636 0 1 27476.562758334636 77.006047433856708 727545 727515 0 120974500 120956700 0
3.7799999999999634 0 1 26165.655414628793 72.510063726134661 731011 730970 0 122235640 122206100 0
3.7899999999999632 0 1 12701.680896000998 26.658720459614962 733435 733435 0 122847500 122847500 0
3.799999999999963 0 1 3.567301143568256 0.044158470196854316 735052 735052 0 122993880 122993880 0
3.8099999999999627 0 1 5.1212880540926191 0.062314177277135389 737109 737109 0 123177860 123177860 0
3.8199999999999625 0 1 5.9812838022283046 0.071989553992414676 739449 739449 0 123389460 123389460 0
3.8299999999999623 0 1 7.022369661326672 0.086412535533144277 741755 741755 0 123596000 123596000 0
3.8399999999999621 0 1 7.7801135006396178 0.095783403502693695 744165 744165 0 123813700 123813700 0
3.8499999999999619 0 1 6.6249761570615098 0.08037952378292694 746237 746237 0 123999780 123999780 0
3.8599999999999617 0 1 8.2133074136267563 0.094162202268590414 749067 749067 0 124254180 124254180 0
3.8699999999999615 0 1 6.5544860291543445 0.083097482088369645 751406 751406 0 124464240 124464240 0
3.8799999999999613 0 1 10.226005133614931 0.12137103078666814 754221 754221 0 124717540 124717540 0
3.889999999999961 0 1 6.9932964941143254 0.084669648332671016 756568 756568 0 124930120 124930120 0
3.8999999999999608 0 1 5.460744806813028 0.067346517549184179 758414 758414 0 125096560 125096560 0
3.9099999999999606 0 1 3.9742879567202531 0.049704191313716346 760440 760440 0 125276200 125276200 0
3.9199999999999604 0 1 6.5204950946304017 0.078149938806328367 762654 762654 0 125478160 125478160 0
3.9299999999999602 0 1 7.4414374765103188 0.091534520573157432 765373 765373 0 125722820 125722820 0
3.93999999999996 0 1 5.3685693065937992 0.066566812700276395 767425 767425 0 125906100 125906100 0
3.9499999999999598 0 1 7.4697542447765199 0.088677381871706484 769771 769771 0 126118440 126118440 0
3.9599999999999596 0 1 6.9477006835533635 0.086802746769045383 772583 772583 0 126368220 126368220 0
3.9699999999999593 0 1 7.5986776243805405 0.089090004988625307 775281 775281 0 126613940 126613940 0
3.9799999999999591 0 1 7.5201351443638309 0.091484568031498806 777672 777672 0 126828680 126828680 0
3.9899999999999589 0 1 7.3932173634034166 0.08666722115586907 780328 780328 0 127068520 127068520 0
3.9999999999999587 0 1 6.1355018452450478 0.075145994166893534 782733 782733 0 127285220 127285220 0
4.0099999999999589 0 1 5.6391370952580759 0.066885091365963115 785127 785127 0 127500380 127500380 0
4.0199999999999587 0 1 6.2620816548976332 0.078663579483164173 787412 787412 0 127704280 127704280 0
4.0299999999999585 0 1 6.009112300045544 0.074789863001091736 789739 789739 0 127914060 127914060 0
4.0399999999999583 0 1 7.8829586812878008 0.098745585820483206 792166 792165 0 128129940 128129900 0
4.0499999999999581 0 1 4.0538717720687041 0.048041131685306798 793614 793614 0 128264560 128264560 0
4.0599999999999579 0 1 6.8797816062763717 0.082134514992040025 796086 796086 0 128486640 128486640 0
4.0699999999999577 0 1 7.4535344822558782 0.088366318479861872 798652 798652 0 128717880 128717880 0
4.0799999999999574 0 1 4.9451705571162909 0.056540060181921134 800334 800334 0 128869360 128869360 0
4.0899999999999572 0 1 3.929054034381791 0.046799044973512172 802004 802004 0 129019160 129019160 0
4.099999999999957 0 1 9.9489763112059375 0.11882137939514235 804887 804887 0 129278780 129278780 0
4.1099999999999568 0 1 5.7247119715883139 0.066878757119238949 807115 807115 0 129478700 129478700 0
4.1199999999999566 0 1 3.4067704620373735 0.044986057768970758 808954 808954 0 129644160 129644160 0
4.1299999999999564 0 1 9.3212230711882995 0.10946518045251941 811685 811685 0 129890500 129890500 0
4.1399999999999562 0 1 7.2267653149504101 0.090173482338775354 814165 814165 0 130113700 130113700 0
4.1499999999999559 0 1 6.7244383968409247 0.077041806185553202 816254 816254 0 130302160 130302160 0
4.1599999999999557 0 1 8.8772650190771198 0.10701921756997251 818974 818974 0 130546960 130546960 0
4.1699999999999555 0 1 10.03630202479421 0.1218153126063574 821614 821614 0 130784560 130784560 0
4.1799999999999553 0 1 8.8661161126426187 0.10931678172277037 824455 824455 0 131038300 131038300 0
4.1899999999999551 0 1 6.4183784424277892 0.077251645963729007 827135 827135 0 131281200 131281200 0
4.1999999999999549 0 1 6.3692907958704774 0.076102845736427074 829758 829758 0 131516720 131516720 0
4.2099999999999547 0 1 6.9507189652570451 0.080775681629498608 832173 832173 0 131734820 131734820 0
4.2199999999999545 0 1 7.7914505464350965 0.095587122974640601 834934 834934 0 131981360 131981360 0
4.2299999999999542 0 1 6.50265708147138 0.076909497638679131 837698 837698 0 132228320 132228320 0
4.239999999999954 0 1 8.2998930852708597 0.10282575160225568 840013 840013 0 132440420 132440420 0
4.2499999999999538 0 1 9.2134129356067103 0.11092990139643058 842849 842849 0 132693460 132693460 0
4.2599999999999536 0 1 5.8394366900690464 0.067745732488512567 845189 845189 0 132905060 132905060 0
4.2699999999999534 0 1 8.2937586014912412 0.097041303183422592 847848 847848 0 133145320 133145320 0
4.2799999999999532 0 1 8.4180280275242954 0.098378288516622767 850737 850737 0 133405480 133405480 0
4.289999999999953 0 1 7.5726695447910171 0.092838103825434212 853840 853840 0 133684200 133684200 0
4.2999999999999527 0 1 6.5741241712463943 0.079858427355096781 856041 856040 0 133881640 133881600 0
4.3099999999999525 0 1 7.7726710986551479 0.092251773964415501 858537 858537 0 134105780 134105780 0
4.3199999999999523 0 1 4.944372406205594 0.062652143813669792 860491 860491 0 134283340 134283340 0
4.3299999999999521 0 1 9.0281922746912855 0.10923633871211769 863533 863533 0 134557220 134557220 0
4.3399999999999519 0 1 4.6261190412054551 0.05782656505184515 865665 865665 0 134747700 134747700 0
4.3499999999999517 0 1 8.570433161717089 0.099439395465152805 868398 868398 0 134994320 134994320 0
4.3599999999999515 0 1 7.2017798294121009 0.086558539467065002 871054 871054 0 135234160 135234160 0
4.3699999999999513 0 1 3.0625540476699284 0.03550707358739378 872493 872493 0 135363620 135363620 0
4.379999999999951 0 1 3.1783811492439153 0.037963158002619325 873934 873934 0 135493360 135493360 0
4.3899999999999508 0 1 6.3386230940293515 0.078119376002840357 876570 876570 0 135730400 135730400 0
4.3999999999999506 0 1 3.8665431035377056 0.047922430891934507 878333 878333 0 135889220 135889220 0
4.4099999999999504 0 1 5.4118531631851585 0.064143675741058767 880250 880250 0 136061600 136061600 0
4.4199999999999502 0 1 7.3056657199634278 0.088300219071248631 883006 883006 0 136307440 136307440 0
4.42999999999995 0 1 6.0040890672575955 0.074216738436218482 885198 885198 0 136506320 136506320 0
4.4399999999999498 0 1 9.1377762116453276 0.11177005981899651 888068 888068 0 136764120 136764120 0
4.4499999999999496 0 1 7.4200035283242176 0.087798522961081912 891031 891027 0 137028340 137027980 0
4.4599999999999493 0 1 6.3466015794146031 0.079275442043337835 893368 893368 0 137242120 137242120 0
4.4699999999999491 0 1 6.0578479499203874 0.074867408908653663 895774 895774 0 137458960 137458960 0
4.4799999999999489 0 1 4.1568884922683402 0.051800543214853827 897538 897538 0 137616020 137616020 0
4.4899999999999487 0 1 10.45309428271346 0.12487561238048439 900865 900865 0 137915700 137915700 0
4.4999999999999485 0 1 8.1879982275287553 0.10111812317630468 903693 903693 0 138171620 138171620 0
4.5099999999999483 0 1 6.2707409217123367 0.075743792161022061 905722 905722 0 138351680 138351680 0
4.5199999999999481 0 1 6.3825451240388213 0.074735317011944066 908139 908139 0 138570060 138570060 0
4.5299999999999478 0 1 14322.199570721505 37.201055940658982 911289 911009 0 139253510 139167460 0
4.5399999999999476 0 1 126489.89032060576 347.69334566419593 914713 914401 0 140502570 140417790 0
4.5499999999999474 0 1 36031.620953157886 95.449088332289278 917508 917476 0 141695420 141667140 0
4.5599999999999472 0 1 28418.52025346669 79.658462188161138 920905 920772 0 142940800 142917580 0
4.569999999999947 0 1 28019.136353407153 72.410608287335464 924099 923996 0 144197860 144167890 0
4.5799999999999468 0 1 28252.285935659052 71.778340007614645 927165 927086 0 145445100 145417640 0
4.5899999999999466 0 1 28259.676194843822 76.583977859580216 930509 930299 0 146699110 146667260 0
4.5999999999999464 0 1 26744.990512868637 65.760743758045834 933420 933395 0 147942600 147917850 0
4.6099999999999461 0 1 28695.563744428582 99.266885602934863 937648 937538 0 149200120 149167470 0
4.6199999999999459 0 1 27868.027485428931 74.713401472451395 940922 940796 0 150455180 150417690 0
4.6299999999999457 0 1 16442.370165789802 46.798048505217622 943397 943397 0 151217280 151217280 0
4.6399999999999455 0 1 8.4668919825842828 0.10084658728111366 946141 946141 0 151465440 151465440 0
4.6499999999999453 0 1 7.5179186928268571 0.091842977867442069 948302 948302 0 151659980 151659980 0
4.6599999999999451 0 1 9.2336137175374784 0.11358871343816432 951413 951413 0 151939520 151939520 0
4.6699999999999449 0 1 6.1532527157571941 0.072388803243230035 953111 953110 0 152091540 152091500 0
4.6799999999999446 0 1 7.597604521798635 0.093821104409921086 955503 955503 0 152308120 152308120 0
4.6899999999999444 0 1 6.4590816270159435 0.075008254232146673 957576 957576 0 152494340 152494340 0
4.6999999999999442 0 1 7.253370386537993 0.086281871303841198 959818 959818 0 152696220 152696220 0
4.709999999999944 0 1 8.1807320230657474 0.096642945527227575 962598 962598 0 152945420 152945420 0
4.7199999999999438 0 1 10.244704194017237 0.12387083843199684 965739 965739 0 153229160 153229160 0
4.7299999999999436 0 1 5.5158362380433097 0.068838075877143773 967983 967983 0 153431320 153431320 0
4.7399999999999434 0 1 6.8097401687322927 0.081917018751111542 970618 970618 0 153668220 153668220 0
4.7499999999999432 0 1 10.555965969565987 0.12916307028927596 974045 974045 0 153976000 153976000 0
4.7599999999999429 0 1 7.9184989972260222 0.094660368548551213 976812 976812 0 154223980 154223980 0
4.7699999999999427 0 1 8.6399908634968341 0.10523262698330041 979582 979582 0 154475180 154475180 0
4.7799999999999425 0 1 7.6678278543999525 0.094720104374259387 982050 982050 0 154696700 154696700 0
4.7899999999999423 0 1 6.8410009343652725 0.083415407768507421 984621 984621 0 154928640 154928640 0
4.7999999999999421 0 1 5.0594667284969939 0.062884738718695057 986527 986527 0 155099480 155099480 0
4.8099999999999419 0 1 6.148611063475105 0.077253539240997302 988585 988585 0 155281700 155281700 0
4.8199999999999417 0 1 5.1625783288252727 0.061423909389725286 990543 990543 0 155461220 155461220 0
4.8299999999999415 0 1 5.2798659731686532 0.06611517205561554 992539 992539 0 155641160 155641160 0
4.8399999999999412 0 1 5.4343581900725457 0.066995382292757463 994847 994847 0 155844280 155844280 0
4.849999999999941 0 1 11.117873386432345 0.13704507123639978 997925 997925 0 156123200 156123200 0
4.8599999999999408 0 1 6.4355361518943202 0.076592365309659488 1000262 1000262 0 156334380 156334380 0
4.8699999999999406 0 1 7.1792482777547768 0.086629713983301285 1002637 1002637 0 156548980 156548980 0
4.8799999999999404 0 1 8.1179233131260577 0.10238552657791052 1004943 1004943 0 156757720 156757720 0
4.8899999999999402 0 1 7.2192144531621354 0.084682622291600423 1007583 1007583 0 156995320 156995320 0
4.89999999999994 0 1 5.2197801619034978 0.065436879781800864 1009654 1009654 0 157181260 157181260 0
4.9099999999999397 0 1 11.720660301824532 0.14070399100392394 1012859 1012859 0 157469960 157469960 0
4.9199999999999395 0 1 6.9550442664569152 0.085718782728784915 1015260 1015260 0 157686100 157686100 0
4.9299999999999393 0 1 8.1534152647845879 0.098957516536215429 1018146 1018146 0 157942140 157942140 0
4.9399999999999391 0 1 13.210037692662551 0.16096274796808874 1021661 1021661 0 158262240 158262240 0
4.9499999999999389 0 1 6.2519963928854505 0.07526731666773917 1024037 1024037 0 158474880 158474880 0
4.9599999999999387 0 1 9.1062327846584683 0.10822338136504914 1026784 1026784 0 158723360 158723360 0
4.9699999999999385 0 1 4.4395829562874196 0.055339406505795566 1028910 1028910 0 158913100 158913100 0
4.9799999999999383 0 1 12.424279609252673 0.15016257034848088 1032431 1032431 0 159230040 159230040 0
4.989999999999938 0 1 9.0721357134635188 0.11231515123349096 1035268 1035267 0 159482120 159482080 0
4.9999999999999378 0 1 10.703271429589606 0.13043721969898947 1038505 1038502 0 159776400 159776080 0
5.0099999999999376 0 1 11.203326705818267 0.13760279414949689 1041978 1041978 0 160090620 160090620 0
5.0199999999999374 0 1 7.6636946177279199 0.094290603974036338 1044283 1044283 0 160297320 160297320 0
5.0299999999999372 0 1 5.3725401792928986 0.064336207541516852 1046449 1046449 0 160492560 160492560 0
5.039999999999937 0 1 7.0863281898835684 0.088373067355009494 1048914 1048914 0 160713660 160713660 0
5.0499999999999368 0 1 7.7462925377035905 0.094266785818499579 1051790 1051790 0 160972300 160972300 0
5.0599999999999365 0 1 6.0690253586078899 0.073024947246748573 1054028 1054028 0 161173620 161173620 0
5.0699999999999363 0 1 3.7359036328546664 0.046318617696973083 1056040 1056040 0 161355300 161355300 0
5.0799999999999361 0 1 7.2264339764488854 0.088057014830679944 1058852 1058852 0 161608980 161608980 0
5.0899999999999359 0 1 11.980918108429861 0.14710966853926125 1062437 1062437 0 161930880 161930880 0
5.0999999999999357 0 1 6.7836167591971757 0.084554318857145844 1064835 1064835 0 162146600 162146600 0
5.1099999999999355 0 1 6.4562121035526543 0.077519299382624016 1067249 1067249 0 162364560 162364560 0
5.1199999999999353 0 1 6.150500127118395 0.07711236759329218 1069640 1069640 0 162579300 162579300 0
5.1299999999999351 0 1 10.637666814006025 0.12746866967976717 1072712 1072712 0 162854380 162854380 0
5.1399999999999348 0 1 7.3680195599800564 0.088387399560209912 1075230 1075230 0 163081900 163081900 0
5.1499999999999346 0 1 2.980095293923021 0.036239717006392939 1076783 1076783 0 163223320 163223320 0
5.1599999999999344 0 1 13.463943671306499 0.14325017706458304 1079597 1079578 0 163518080 163515120 0
5.1699999999999342 0 1 85164.79019762903 191.08831440165233 1082716 1082407 0 164932040 164765230 0
5.179999999999934 0 1 228095.35590713445 576.3039073742151 1086012 1085612 0 166195030 166015030 0
5.1899999999999338 0 1 116190.58927094379 349.61074706925285 1089290 1089231 0 167281950 167264940 0
5.1999999999999336 0 1 26693.598783566016 74.980217242609456 1092698 1092674 0 168537270 168515210 0
5.2099999999999334 0 1 27602.246926167376 66.260195444202083 1095692 1095611 0 169791180 169765140 0
5.2199999999999331 0 1 27925.297876986853 79.37105251675716 1099255 1099112 0 171042600 171015280 0
5.2299999999999329 0 1 26592.629622031785 61.393402458629318 1102025 1101980 0 172299000 172265500 0
5.2399999999999327 0 1 27942.114978912796 78.704850965386612 1105461 1105433 0 173540640 173515470 0
5.2499999999999325 0 1 30013.103845130841 88.898077013434332 1108961 1108827 0 174800840 174764830 0
5.2599999999999323 0 1 26490.346643090932 61.162869951980142 1111879 1111813 0 176026010 176014820 0
5.2699999999999321 0 1 26517.993358384647 67.272252865120677 1114997 1114971 0 177290730 177264990 0
5.2799999999999319 0 1 28071.158509441946 78.944470747864671 1118429 1118343 0 178537760 178515270 0
5.2899999999999316 0 1 29198.418442450104 82.490728703203217 1121934 1121852 0 179788260 179765480 0
5.2999999999999314 0 1 29253.185465065155 77.483429051739492 1125202 1125084 0 181041280 181015210 0
5.3099999999999312 0 1 29015.691488428933 83.789836435550583 1128630 1128592 0 182292900 182265480 0
5.319999999999931 0 1 30148.177540888624 91.401172136441289 1132406 1132242 0 183550240 183515730 0
5.3299999999999308 0 1 28735.782583942397 79.920666069589885 1135737 1135688 0 184791130 184765570 0
5.3399999999999306 0 1 28590.813811877462 68.855408299435581 1138785 1138645 0 186048600 186014900 0
5.3499999999999304 0 1 28642.028555105295 80.190994524733512 1142161 1142024 0 187297190 187264810 0
5.3599999999999302 0 1 30854.402251001346 87.853284307402745 1145558 1145484 0 188544720 188515660 0
5.3699999999999299 0 1 27630.744062672013 86.574130724321279 1149420 1149341 0 189788000 189764790 0
5.3799999999999297 0 1 28791.142999467025 74.486110031898789 1152671 1152563 0 191046290 191014820 0
5.3899999999999295 0 1 28698.681147057508 87.857013481065238 1156432 1156307 0 192294530 192264780 0
5.3999999999999293 0 1 28908.256927631432 89.594822082365738 1160319 1160207 0 193546660 193515430 0
5.4099999999999291 0 1 28460.475742059134 75.849142819268181 1163613 1163403 0 194801070 194764870 0
5.4199999999999289 0 1 29711.867414977958 72.0570051643992 1166528 1166489 0 196039970 196015010 0
5.4299999999999287 0 1 25413.31555552467 58.561851345642786 1169384 1169357 0 197291310 197265430 0
5.4399999999999284 0 1 29281.031796950618 84.211138079544341 1172937 1172835 0 198548930 198515000 0
5.4499999999999282 0 1 28242.206903362312 75.952079991827958 1176273 1176074 0 199808420 199765610 0
5.459999999999928 0 1 22721.870633030798 63.127788326589155 1178929 1178929 0 200837060 200837060 0
5.4699999999999278 0 1 12.127100016744922 0.14823073651113777 1182463 1182463 0 201151820 201151820 0
5.4799999999999276 0 1 10.869623895033218 0.13219131888036201 1185309 1185309 0 201410260 201410260 0
5.4899999999999274 0 1 6.5777225664246668 0.079245061031498226 1187890 1187890 0 201643600 201643600 0
5.4999999999999272 0 1 6.3907390828640525 0.077819299470417991 1190035 1190035 0 201835900 201835900 0
5.509999999999927 0 1 7.9200772134894759 0.09386192200509158 1192768 1192768 0 202082520 202082520 0
5.5199999999999267 0 1 5.3952977376764446 0.063102049515607841 1194606 1194606 0 202247840 202247840 0
5.5299999999999265 0 1 4.7087240708628579 0.052910076886726352 1196686 1196686 0 202435040 202435040 0
5.5399999999999263 0 1 4.4745369730280045 0.054793729588632545 1198690 1198690 0 202615600 202615600 0
5.5499999999999261 0 1 6.4182350045972871 0.077190480010981818 1201082 1201082 0 202830480 202830480 0
5.5599999999999259 0 1 5.6639049440862053 0.071006396078755876 1203295 1203295 0 203028300 203028300 0
5.5699999999999257 0 1 6.6370960954868243 0.074954819079577281 1205570 1205570 0 203234800 203234800 0
5.5799999999999255 0 1 5.8252401059314529 0.069218826764229441 1207728 1207728 0 203428920 203428920 0
5.5899999999999253 0 1 7.312456980813109 0.087664905328035045 1210041 1210041 0 203636740 203636740 0
5.599999999999925 0 1 6.5592967410951504 0.079215088568497821 1212602 1212602 0 203866680 203866680 0
5.6099999999999248 0 1 4.5163065242094085 0.05206932698076483 1214285 1214285 0 204018900 204018900 0
5.6199999999999246 0 1 7.6609361006544887 0.093043868338950939 1216830 1216830 0 204247200 204247200 0
5.6299999999999244 0 1 5.003271523850934 0.058941305278549384 1218770 1218770 0 204422800 204422800 0
5.6399999999999242 0 1 4.1431122726241822 0.052671784962400339 1220690 1220690 0 204595600 204595600 0
5.649999999999924 0 1 7.8359123562067872 0.097145709029524532 1223477 1223477 0 204845780 204845780 0
5.6599999999999238 0 1 7.8509865398130323 0.091598426799246194 1226165 1226165 0 205086100 205086100 0
5.6699999999999235 0 1 6.145274819443844 0.075204283936793292 1228363 1228363 0 205285820 205285820 0
5.6799999999999233 0 1 10.715049563721609 0.12762286429097985 1231785 1231785 0 205592900 205592900 0
5.6899999999999231 0 1 7.2884288893090732 0.089357143752179749 1234534 1234534 0 205841160 205841160 0
5.6999999999999229 0 1 9.3649911028849999 0.11305481834478456 1237395 1237395 0 206098300 206098300 0
5.7099999999999227 0 1 9.3700354418795087 0.11293739612226146 1240129 1240129 0 206345060 206345060 0
5.7199999999999225 0 1 6.0129850010551991 0.072500626017470302 1242568 1242567 0 206562020 206561980 0
5.7299999999999223 0 1 6.2116354255598241 0.074771513636841466 1244769 1244769 0 206762660 206762660 0
5.7399999999999221 0 1 4.8355205542130939 0.057406845035058551 1246901 1246901 0 206953140 206953140 0
5.7499999999999218 0 1 4.4514537619609724 0.056322273718568773 1248744 1248743 0 207118960 207118920 0
5.7599999999999216 0 1 7.9561911521556814 0.093604548889827166 1251555 1251555 0 207372700 207372700 0
5.7699999999999214 0 1 6.7601507346798702 0.082396663168628578 1253989 1253989 0 207589760 207589760 0
5.7799999999999212 0 1 7.7420494891120004 0.087577550457231465 1256846 1256846 0 207849440 207849440 0
5.789999999999921 0 1 6.8330825766215533 0.080330734613910978 1258994 1258994 0 208042160 208042160 0
5.7999999999999208 0 1 4.5662090196395422 0.056045821364226839 1261227 1261227 0 208242780 208242780 0
5.8099999999999206 0 1 5.0402636177954117 0.060651880219265888 1263397 1263397 0 208438580 208438580 0
5.8199999999999203 0 1 7.4664381218313904 0.092959879174705259 1265736 1265736 0 208646040 208646040 0
5.8299999999999201 0 1 6.0488470334016009 0.074977427190249732 1268122 1268122 0 208864080 208864080 0
5.8399999999999199 0 1 7.3443237325287356 0.090993850783062935 1270767 1270767 0 209102380 209102380 0
5.8499999999999197 0 1 8.0107794752832291 0.093294151446168025 1273388 1273388 0 209337320 209337320 0
5.8599999999999195 0 1 6.2292290521314353 0.068654747842257571 1275405 1275405 0 209519700 209519700 0
5.8699999999999193 0 1 9.0453901995443946 0.10858409833885095 1278436 1278436 0 209792040 209792040 0
5.8799999999999191 0 1 11.138007858230619 0.13658042870865764 1281404 1281404 0 210059560 210059560 0
5.8899999999999189 0 1 6.783947021178494 0.080985993686779112 1284061 1284061 0 210295940 210295940 0
5.8999999999999186 0 1 6.8836263220772098 0.083245794887078617 1286795 1286795 0 210542800 210542800 0
5.9099999999999184 0 1 6.3940960302845378 0.073514525341435336 1288925 1288925 0 210736500 210736500 0
5.9199999999999182 0 1 7.4178286376033657 0.092938522921850217 1291710 1291710 0 210986400 210986400 0
5.929999999999918 0 1 4.6158543089679247 0.058467606812852152 1293407 1293407 0 211139980 211139980 0
5.9399999999999178 0 1 4.2761373896383708 0.052610315355751128 1295393 1295393 0 211318020 211318020 0
5.9499999999999176 0 1 9.6759261880292442 0.11617246257795946 1297970 1297970 0 211550800 211550800 0
5.9599999999999174 0 1 5.5008622631495037 0.068190150455206613 1300449 1300449 0 211773860 211773860 0
5.9699999999999172 0 1 6.4364758116896272 0.077618039001771652 1302369 1302369 0 211946660 211946660 0
5.9799999999999169 0 1 5.1999178731422235 0.064724936903461081 1304332 1304332 0 212121480 212121480 0
5.9899999999999167 0 1 5.3953394846645333 0.067025461236892889 1306528 1306528 0 212320920 212320920 0
5.9999999999999165 0 1 5.985245247123089 0.071367367004439436 1308516 1308516 0 212499240 212499240 0
6.0099999999999163 0 1 3.9593677054750875 0.048713606481510727 1310386 1310386 0 212666640 212666640 0
6.0199999999999161 0 1 7.9121833466936931 0.095047244113113188 1312766 1312766 0 212882240 212882240 0
6.0299999999999159 0 1 8.2607581757587294 0.099517450502430896 1315204 1315198 0 213099560 213098820 0
6.0399999999999157 0 1 8.9973090404422393 0.1027782546707123 1317679 1317678 0 213323760 213323620 0
6.0499999999999154 0 1 4.6402077814758789 0.056825285374629934 1319485 1319485 0 213486900 213486900 0
6.0599999999999152 0 1 5.2411970982469978 0.063811971620088254 1321631 1321631 0 213679340 213679340 0
6.069999999999915 0 1 8.1283731007959013 0.096837967061793442 1324282 1324282 0 213918480 213918480 0
6.0799999999999148 0 1 5.6621205717936149 0.067478416969725452 1326050 1326050 0 214078000 214078000 0
6.0899999999999146 0 1 7.0465147645625672 0.086715592855137372 1328753 1328753 0 214320420 214320420 0
6.0999999999999144 0 1 6.8293593122189868 0.081541715005341645 1331226 1331226 0 214542640 214542640 0
6.1099999999999142 0 1 7.6455337859082055 0.094558626838294538 1333970 1333970 0 214790800 214790800 0
6.119999999999914 0 1 15.020251646339453 0.17761076019020927 1337489 1337489 0 215107460 215107460 0
6.1299999999999137 0 1 6.8653260362393853 0.08625755247928707 1340262 1340262 0 215355680 215355680 0
6.1399999999999135 0 1 11.521669385619294 0.13637890090656704 1343835 1343834 0 215677500 215677460 0
6.1499999999999133 0 1 5.6266616161268024 0.069419951158435175 1346283 1346283 0 215898620 215898620 0
6.1599999999999131 0 1 3.8655735830098452 0.04698293569491796 1348017 1348017 0 216053380 216053380 0
6.1699999999999129 0 1 5.16978892833475 0.0663645627693846 1350287 1350287 0 216258980 216258980 0
6.1799999999999127 0 1 8.9954901049955325 0.10765977451905558 1353165 1353165 0 216518100 216518100 0
6.1899999999999125 0 1 4.9916218096265297 0.062825654006994039 1354840 1354840 0 216668600 216668600 0
6.1999999999999122 0 1 8.6390876589296965 0.10547684785598091 1357809 1357809 0 216936260 216936260 0
6.209999999999912 0 1 4.2800406337574008 0.049052315706622433 1359623 1359623 0 217098220 217098220 0
6.2199999999999118 0 1 7.1325989122110043 0.086706681698613577 1362702 1362702 0 217373280 217373280 0
6.2299999999999116 0 1 8.5018286888642471 0.1012603379609644 1365728 1365728 0 217648920 217648920 0
6.2399999999999114 0 1 3.5957140090517528 0.042978669296901223 1367246 1367246 0 217785440 217785440 0
6.2499999999999112 0 1 5.8668895197017266 0.071868448053359762 1369490 1369490 0 217987600 217987600 0
6.259999999999911 0 1 6.0118818224258632 0.072847157120482953 1371730 1371730 0 218189200 218189200 0
6.2699999999999108 0 1 6.4143602480940789 0.078793888958463301 1373952 1373952 0 218388280 218388280 0
6.2799999999999105 0 1 6.2030556546216689 0.075179474227484097 1376084 1376084 0 218579860 218579860 0
6.2899999999999103 0 1 4.6194812089127444 0.057902101863761671 1378032 1378032 0 218755480 218755480 0
6.2999999999999101 0 1 11.404477671172829 0.13811132115187102 1381038 1381038 0 219024320 219024320 0
6.3099999999999099 0 1 6.0046315936192087 0.074494381351543543 1383470 1383470 0 219244800 219244800 0
6.3199999999999097 0 1 4.3177489722411124 0.053017739827155873 1385091 1385091 0 219389840 219389840 0
6.3299999999999095 0 1 6.8709143843702991 0.082201803525718348 1387480 1387480 0 219606200 219606200 0
6.3399999999999093 0 1 10.082052069418028 0.1205261611056966 1389868 1389868 0 219820520 219820520 0
6.3499999999999091 0 1 6.1778370716895274 0.072128054483401746 1392444 1392444 0 220053160 220053160 0
6.3599999999999088 0 1 12.751942677013789 0.14640782921109574 1395769 1395769 0 220350660 220350660 0
6.3699999999999086 0 1 10.338257585259079 0.12767917543295143 1399088 1399088 0 220651320 220651320 0
6.3799999999999084 0 1 7.3567285955908241 0.087966786518391613 1401488 1401488 0 220867320 220867320 0
6.3899999999999082 0 1 6.8891610841889461 0.084941909545934308 1403937 1403937 0 221086180 221086180 0
6.399999999999908 0 1 8.6753275143982194 0.10556451926646784 1407056 1407056 0 221366840 221366840 0
6.4099999999999078 0 1 6.3578912202421316 0.076457641379780686 1409623 1409623 0 221598220 221598220 0
6.4199999999999076 0 1 5.6275710287608893 0.067706992204642824 1411942 1411942 0 221806880 221806880 0
6.4299999999999073 0 1 8.9254933691142693 0.10737455051623941 1414770 1414770 0 222062800 222062800 0
6.4399999999999071 0 1 6.1615608952224825 0.074063109992829529 1417156 1417156 0 222276840 222276840 0
6.4499999999999069 0 1 4.2691394276666923 0.051004466538008254 1419078 1419078 0 222449920 222449920 0
6.4599999999999067 0 1 6.8925310251108174 0.082507993030935353 1421810 1421810 0 222696400 222696400 0
6.4699999999999065 0 1 7.9561933702462815 0.097635872179415578 1424787 1424787 0 222961180 222961180 0
6.4799999999999063 0 1 4.0059086879261372 0.046891294087992752 1426610 1426610 0 223128400 223128400 0
6.4899999999999061 0 1 4.7658244231546423 0.055710734952542161 1428609 1428609 0 223308260 223308260 0
6.4999999999999059 0 1 8.5430808907693443 0.10542475275556965 1430985 1430985 0 223520900 223520900 0
6.5099999999999056 0 1 5.1871964835951125 0.06415233162480187 1433006 1433006 0 223703840 223703840 0
6.5199999999999054 0 1 4.8349888786970361 0.058508417172477151 1435322 1435322 0 223912080 223912080 0
6.5299999999999052 0 1 8.0098649597781275 0.099279186537428621 1438041 1438041 0 224156740 224156740 0
6.539999999999905 0 1 3.8132702967584566 0.046017510049091027 1439765 1439765 0 224311000 224311000 0
6.5499999999999048 0 1 6.6585386042989114 0.081657714638707149 1441714 1441714 0 224486960 224486960 0
6.5599999999999046 0 1 7.5694533987712926 0.086912783023775544 1444049 1444049 0 224697860 224697860 0
6.5699999999999044 0 1 5.2351317946223173 0.060969322893546139 1445752 1445752 0 224850380 224850380 0
6.5799999999999041 0 1 8.1623352776764655 0.1002487366924342 1448277 1448277 0 225077780 225077780 0
6.5899999999999039 0 1 6.4956223268028133 0.080061732585169951 1450501 1450501 0 225277140 225277140 0
6.5999999999999037 0 1 4.9163505448089833 0.061183256749776288 1452531 1452531 0 225460840 225460840 0
6.6099999999999035 0 1 5.4153439224881073 0.063031728930075484 1454528 1454528 0 225640920 225640920 0
6.6199999999999033 0 1 4.7475605583341309 0.058180054344171415 1456690 1456690 0 225835600 225835600 0
6.6299999999999031 0 1 6.1077451702208547 0.074588508275576434 1459089 1459089 0 226051460 226051460 0
6.6399999999999029 0 1 9.4996549694619041 0.11448533745692901 1461792 1461792 0 226293880 226293880 0
6.6499999999999027 0 1 7.0698827112282547 0.087428551089010126 1464019 1464019 0 226493760 226493760 0
6.6599999999999024 0 1 9.5570730850626884 0.11507852547643328 1467244 1467244 0 226784260 226784260 0
6.6699999999999022 0 1 7.5070477766542787 0.089612564011256307 1470049 1470049 0 227037860 227037860 0
6.679999999999902 0 1 10.180435941253169 0.1246082443620926 1473161 1473161 0 227317540 227317540 0
6.6899999999999018 0 1 10.600893089702138 0.12820746640605224 1476282 1476282 0 227598480 227598480 0
6.6999999999999016 0 1 9.911492697160396 0.11900584353927966 1479880 1479880 0 227917700 227917700 0
6.7099999999999014 0 1 7.9244710202177071 0.095232383508394386 1482436 1482436 0 228152040 228152040 0
6.7199999999999012 0 1 7.0348163292825285 0.086156339506350987 1485071 1485071 0 228388940 228388940 0
6.729999999999901 0 1 7.8076988482235761 0.095412354088166659 1487810 1487810 0 228636400 228636400 0
6.7399999999999007 0 1 26.67280024267761 0.20238526992449199 1491081 1491078 0 228943740 228941620 0
6.7499999999999005 0 1 40000.227151899802 113.59076333740232 1494569 1494536 0 230216460 230192290 0
6.7599999999999003 0 1 29412.183067173704 80.497941812809714 1497946 1497848 0 231474890 231442220 0
6.7699999999999001 0 1 29036.849685740191 90.01617077266269 1501702 1501655 0 232716130 232692000 0
6.7799999999998999 0 1 28900.489612615493 87.993566387425574 1505418 1505375 0 233969370 233942100 0
6.7899999999998997 0 1 31046.417210502936 103.61615985126498 1509218 1509197 0 235212220 235192280 0
6.7999999999998995 0 1 28960.818329836278 82.371683270494316 1512729 1512614 0 236471860 236441460 0
6.8099999999998992 0 1 28529.655753842406 75.053131602772538 1515966 1515848 0 237724390 237692320 0
6.819999999999899 0 1 28920.343721317964 76.775590168115258 1519197 1519159 0 238970580 238942310 0
6.8299999999998988 0 1 28356.011382574299 86.8782894042387 1522996 1522904 0 240221790 240191660 0
6.8399999999998986 0 1 28571.291688343452 84.676299397150459 1526519 1526477 0 241469910 241441930 0
6.8499999999998984 0 1 29069.08957570343 83.418156491365991 1530021 1529926 0 242719340 242692190 0
6.8599999999998982 0 1 28149.672106658851 76.459144711917773 1533333 1533238 0 243972020 243942320 0
6.869999999999898 0 1 28573.388121283901 83.803183534806806 1536985 1536892 0 245223400 245191430 0
6.8799999999998978 0 1 29196.30765615647 80.029048733998223 1540292 1540186 0 246470280 246441590 0
6.8899999999998975 0 1 28657.96012278628 99.702075773329213 1544615 1544588 0 247717450 247691670 0
6.8999999999998973 0 1 28902.956095641694 82.0338169648697 1548247 1548074 0 248977180 248941410 0
6.9099999999998971 0 1 28290.256492629054 76.038250950535897 1551432 1551405 0 250218380 250191650 0
6.9199999999998969 0 1 30174.711055423591 81.463679987310087 1554703 1554625 0 251466170 251442250 0
6.9299999999998967 0 1 25505.269931189607 62.825980932584365 1557816 1557778 0 252721890 252691920 0
6.9399999999998965 0 1 29274.167582311718 83.016498046612597 1561255 1561216 0 253969900 253941490 0
6.9499999999998963 0 1 7202.821404444966 17.392416338653153 1564376 1564376 0 254473840 254473840 0
6.959999999999896 0 1 5.5177909457847569 0.068733397338506613 1566544 1566544 0 254669360 254669360 0
6.9699999999998958 0 1 4.5985120104835442 0.056761999084732437 1568371 1568371 0 254833140 254833140 0
6.9799999999998956 0 1 6.8213632477204591 0.085171047100553607 1570775 1570775 0 255049700 255049700 0
6.9899999999998954 0 1 7.3478645546300356 0.089816339092332026 1573206 1573206 0 255268340 255268340 0
6.9999999999998952 0 1 6.9808061378574919 0.084089716324788469 1575588 1575588 0 255483520 255483520 0
7.009999999999895 0 1 6.4590766038234149 0.080064740053932867 1577908 1577908 0 255692320 255692320 0
7.0199999999998948 0 1 11.986828900564717 0.14282672686025982 1581348 1581348 0 256001920 256001920 0
7.0299999999998946 0 1 6.0466736478429661 0.07288114135093493 1583501 1583501 0 256195340 256195340 0
7.0399999999998943 0 1 9.3016279326702858 0.10931149335764678 1586765 1586765 0 256488300 256488300 0
7.0499999999998941 0 1 6.1060539599219394 0.072992758592340001 1588868 1588868 0 256678720 256678720 0
7.0599999999998939 0 1 7.481430814261163 0.092534543569746414 1591742 1591742 0 256937080 256937080 0
7.0699999999998937 0 1 10.782402564398781 0.13325221998475029 1595012 1595012 0 257230880 257230880 0
7.0799999999998935 0 1 6.7786419726571294 0.085496054176827527 1597796 1597796 0 257480640 257480640 0
7.0899999999998933 0 1 8.5883189830370963 0.10357817986142102 1600822 1600822 0 257752280 257752280 0
7.0999999999998931 0 1 9.7016314290725276 0.11389913854929178 1603902 1603902 0 258031480 258031480 0
7.1099999999998929 0 1 4.3771384739042896 0.052432382051571531 1605503 1605503 0 258175620 258175620 0
7.1199999999998926 0 1 40956.165050504766 91.694038404154384 1608110 1607922 0 259472400 259360080 0
7.1299999999998924 0 1 195135.49335268009 426.1280606037754 1611349 1610644 0 260894860 260610110 0
7.1399999999998922 0 1 396096.68211685517 1041.117307942905 1615201 1613799 71 262372190 261859560 12690
7.149999999999892 0 1 317778.89471910032 912.48651944906283 1618102 1617850 158 263146180 263109550 27470
7.1599999999998918 0 1 237.87232630862994 1.806435470202888 1621375 1621206 158 263492000 263457890 27470
7.1699999999998916 0 1 65891.652721818537 204.08113903443646 1625245 1624882 158 264768800 264707530 27470
7.1799999999998914 0 1 28377.036706255669 76.39134759246339 1628433 1628219 158 266012020 265957160 27470
7.1899999999998911 0 1 26159.435782907105 70.633559875972196 1631515 1631332 158 267257250 267207580 27470
7.1999999999998909 0 1 26990.868816433467 74.144280296542306 1634894 1634706 158 268514460 268457290 27470
7.2099999999998907 0 1 28730.009417859666 89.196796529774446 1638767 1638585 158 269756730 269707200 27470
7.2199999999998905 0 1 27505.608403361523 86.706708705974194 1642504 1642298 158 271015160 270957170 27470
7.2299999999998903 0 1 4863.7613498874371 12.583537956194403 1645426 1645268 158 271444790 271417320 27470
7.2399999999998901 0 1 5.7783914817141193 0.069451146737444056 1647798 1647640 158 271657770 271630300 27470
7.2499999999998899 0 1 6.3570788533750227 0.076542635985356572 1650133 1649975 158 271868670 271841200 27470
7.2599999999998897 0 1 4.1262190536387235 0.050937517184747011 1652199 1652041 158 272053910 272026440 27470
7.2699999999998894 0 1 8.6069603494200617 0.10142632916698918 1654618 1654460 158 272272570 272245100 27470
7.2799999999998892 0 1 10.202094924290467 0.12579470381997296 1657613 1657455 158 272539870 272512400 27470
7.289999999999889 0 1 17.136414867760774 0.19972019047350001 1660665 1660507 158 272815150 272787680 27470
7.2999999999998888 0 1 6.177447318544214 0.072351601184551959 1663249 1663091 158 273048910 273021440 27470
7.3099999999998886 0 1 5.9991595364118524 0.073431514453049976 1665494 1665336 158 273251210 273223740 27470
7.3199999999998884 0 1 5.559749734558868 0.068336801545233819 1667639 1667481 158 273443510 273416040 27470
7.3299999999998882 0 1 4.7118609094028878 0.057014978162951528 1669818 1669660 158 273640570 273613100 27470
7.3399999999998879 0 1 80834.795779461012 187.85115242926614 1673171 1672627 158 274870990 274676530 27470
7.3499999999998877 0 1 97588.657782078939 225.9859044028658 1675891 1675702 158 275980640 275926730 27470
7.3599999999998875 0 1 27042.829455393628 73.506871714909721 1679191 1679003 158 277229940 277177020 27470
7.3699999999998873 0 1 29856.26799695682 82.957418278831241 1682537 1682338 158 278472330 278426370 27470
7.3799999999998871 0 1 26007.43202225542 75.998676684972224 1685928 1685750 158 279723570 279676300 27470
7.3899999999998869 0 1 26825.548915241328 72.119057694197622 1689224 1688936 158 280987610 280926990 27470
7.3999999999998867 0 1 27245.501115298895 84.160004406404823 1692898 1692698 158 282233570 282177270 27470
7.4099999999998865 0 1 28513.296728849054 92.505163752494227 1696768 1696558 158 283482220 283427070 27470
7.4199999999998862 0 1 28480.118002048119 88.382438226976959 1700434 1700256 158 284724510 284677240 27470
7.429999999999886 0 1 27946.178554976348 71.925891406733129 1703653 1703332 158 285988570 285926330 27470
7.4399999999998858 0 1 5877.1046801381362 20.72042177542421 1706569 1706411 158 286420810 286393340 27470
7.4499999999998856 0 1 5.3301566660072268 0.065423305284452449 1708881 1708723 158 286628490 286601020 27470
7.4599999999998854 0 1 6.5542634579715271 0.079504498535156204 1711142 1710984 158 286833030 286805560 27470
7.4699999999998852 0 1 7.124007605456991 0.087447175362244861 1713506 1713348 158 287043990 287016520 27470
7.479999999999885 0 1 7.5559356835574407 0.088871297963779253 1716171 1716013 158 287285090 287257620 27470
7.4899999999998847 0 1 8.7330055687290997 0.10690448832724414 1719296 1719138 158 287566590 287539120 27470
7.4999999999998845 0 1 6.9168790917225973 0.08199925898759905 1721533 1721375 158 287767770 287740300 27470
7.5099999999998843 0 1 4.8659871545170192 0.058735172577774192 1722987 1722829 158 287899330 287871860 27470
7.5199999999998841 0 1 5.7659883239510439 0.068874588292013122 1725206 1725048 158 288097990 288070520 27470
7.5299999999998839 0 1 7.7993110816444995 0.093033972817570851 1727853 1727695 158 288336570 288309100 27470
7.5399999999998837 0 1 6.4074845853775688 0.076267718434765389 1730187 1730029 158 288547330 288519860 27470
7.5499999999998835 0 1 6.5903144007927477 0.081572873476789057 1732809 1732651 158 288782410 288754940 27470
7.5599999999998833 0 1 7.1098684566629897 0.086873812588541169 1735224 1735066 158 289000510 288973040 27470
7.569999999999883 0 1 5.9435290962267677 0.068752662923012103 1737180 1737022 158 289174350 289146880 27470
7.5799999999998828 0 1 4.774955063608135 0.056104721990114598 1739067 1738909 158 289346530 289319060 27470
7.5899999999998826 0 1 6.4253030904028154 0.080525193656201866 1741306 1741148 158 289547990 289520520 27470
7.5999999999998824 0 1 6.4900625883998195 0.078044395866163074 1743542 1743384 158 289749030 289721560 27470
7.6099999999998822 0 1 7.603972045855107 0.091652995352566616 1746335 1746177 158 290000050 289972580 27470
7.619999999999882 0 1 4.1079639325830355 0.048832544387878915 1748325 1748166 158 290178650 290151040 27470
7.6299999999998818 0 1 9.6963428843539319 0.11091248051427152 1751063 1750905 158 290425970 290398500 27470
7.6399999999998816 0 1 9.525027535179678 0.11626155814141974 1754221 1754063 158 290708090 290680620 27470
7.6499999999998813 0 1 6.9977641849573828 0.08277929025002527 1756427 1756269 158 290908930 290881460 27470
7.6599999999998811 0 1 4.6534889768637839 0.054854671458138889 1758178 1758020 158 291066070 291038600 27470
7.6699999999998809 0 1 4.3558979974723622 0.053367475823852289 1759781 1759623 158 291210490 291183020 27470
7.6799999999998807 0 1 7.6440634639071652 0.094838910429653006 1762474 1762316 158 291451810 291424340 27470
7.6899999999998805 0 1 9.3213158241633778 0.11003755999752464 1764925 1764767 158 291670650 291643180 27470
7.6999999999998803 0 1 9.4010436550997287 0.11308874608140471 1767592 1767434 158 291912030 291884560 27470
7.7099999999998801 0 1 6.9229333627733123 0.080593681421527508 1770026 1769868 158 292132790 292105320 27470
7.7199999999998798 0 1 7.2586566864975435 0.0873129959626536 1772315 1772157 158 292337250 292309780 27470
7.7299999999998796 0 1 5.44401758752156 0.06473774595194963 1774642 1774482 158 292545630 292517980 27470
7.7399999999998794 0 1 9.6113457859418983 0.11574551637503452 1777707 1777549 158 292824130 292796660 27470
7.7499999999998792 0 1 7.2346474925472517 0.088645307144210261 1780107 1779949 158 293040130 293012660 27470
7.759999999999879 0 1 5.1199578467963063 0.061863706758559442 1782411 1782253 158 293246690 293219220 27470
7.7699999999998788 0 1 4.8285806156035314 0.058805575224420016 1783867 1783709 158 293378530 293351060 27470
7.7799999999998786 0 1 4.6707984900590134 0.057480752011242038 1785917 1785759 158 293561530 293534060 27470
7.7899999999998784 0 1 7.2376755272395723 0.086758023204149451 1788347 1788189 158 293781730 293754260 27470
7.7999999999998781 0 1 3.9972670162900812 0.047582305037342412 1790261 1790103 158 293953690 293926220 27470
7.8099999999998779 0 1 5.2346302311524493 0.062435770500802956 1792664 1792506 158 294170110 294142640 27470
7.8199999999998777 0 1 7.8402297301318207 0.095406893997120698 1794826 1794668 158 294364790 294337320 27470
7.8299999999998775 0 1 4.9913125879684728 0.060656746523691976 1796747 1796589 158 294537730 294510260 27470
7.8399999999998773 0 1 7.655404755514347 0.096212953939380619 1799067 1798909 158 294746530 294719060 27470
7.8499999999998771 0 1 5.4779451149028544 0.066636232385521049 1801384 1801226 158 294954910 294927440 27470
7.8599999999998769 0 1 8.4096034347888722 0.10203756004916405 1804024 1803866 158 295192510 295165040 27470
7.8699999999998766 0 1 11.399327463108365 0.1353167791465133 1807224 1807066 158 295480510 295453040 27470
7.8799999999998764 0 1 5.2404094682484423 0.059096614690902369 1809597 1809439 158 295692730 295665260 27470
7.8899999999998762 0 1 7.0411695297744439 0.084605424399610413 1812391 1812233 158 295943890 295916420 27470
7.899999999999876 0 1 5.9221400986172608 0.070564997631629545 1814347 1814189 158 296121730 296094260 27470
7.9099999999998758 0 1 6.6301930790812227 0.083666774929016099 1816889 1816731 158 296349610 296322140 27470
7.9199999999998756 0 1 8.4932116376334612 0.10212572185910536 1819854 1819696 158 296616710 296589240 27470
7.9299999999998754 0 1 5.6647272725084505 0.068246858215294318 1821861 1821703 158 296797690 296770220 27470
7.9399999999998752 0 1 9.6789689357417004 0.11647289761693962 1824619 1824461 158 297045110 297017640 27470
7.9499999999998749 0 1 5.5321352493625868 0.065295799860100312 1826424 1826266 158 297208510 297181040 27470
7.9599999999998747 0 1 6.4476529778600122 0.079260489021761332 1828706 1828548 158 297411990 297384520 27470
7.9699999999998745 0 1 5.4825070586926934 0.065212003510418948 1830505 1830347 158 297575850 297548380 27470
7.9799999999998743 0 1 4.5327888435623267 0.056745652308710745 1832565 1832407 158 297760250 297732780 27470
7.9899999999998741 0 1 6.8302547670013105 0.083401379217209026 1834978 1834820 158 297978070 297950600 27470
7.9999999999998739 0 1 5.3233092905867778 0.062295159314908137 1837144 1836986 158 298173310 298145840 27470
8.0099999999998737 0 1 7.0691334572573883 0.087279252025320359 1839626 1839468 158 298396790 298369320 27470
8.0199999999998735 0 1 10.735034902382042 0.1257961681103508 1842797 1842639 158 298680730 298653260 27470
8.0299999999998732 0 1 4.0211558315058378 0.049714851168937098 1844727 1844569 158 298854930 298827460 27470
8.039999999999873 0 1 4.0950408990206615 0.048880844106237095 1846507 1846349 158 299016130 298988660 27470
8.0499999999998728 0 1 3.93391273546237 0.046845482818725803 1848000 1847842 158 299149150 299121680 27470
8.0599999999998726 0 1 8.8023853905882739 0.10969366955251536 1850763 1850605 158 299398470 299371000 27470
8.0699999999998724 0 1 10.972533472181091 0.12847864191236899 1853859 1853701 158 299677410 299649940 27470
8.0799999999998722 0 1 8.4304812660429125 0.10085698542230619 1856804 1856646 158 299941710 299914240 27470
8.089999999999872 0 1 11.866144125054742 0.14522565259423059 1859897 1859739 158 300218730 300191260 27470
8.0999999999998717 0 1 6.6789744421777186 0.083477561210012041 1862508 1862350 158 300454670 300427200 27470
8.1099999999998715 0 1 9.7641385410229677 0.11708455428074666 1865536 1865378 158 300728190 300700720 27470
8.1199999999998713 0 1 7.680458790719932 0.093789065946483285 1868456 1868298 158 300988990 300961520 27470
8.1299999999998711 0 1 5.1048959999989689 0.060981982099585129 1870267 1870109 158 301154530 301127060 27470
8.1399999999998709 0 1 7.6304161051192159 0.093969412904828298 1872772 1872614 158 301377230 301349760 27470
8.1499999999998707 0 1 4.7375550895624077 0.05755360452308745 1874692 1874534 158 301551830 301524360 27470
8.1599999999998705 0 1 20270.23005246068 51.490187902895663 1877719 1877334 158 302283960 302163110 27470
8.1699999999998703 0 1 46415.475051042697 105.56368093791922 1880237 1880021 158 303470580 303412890 27470
8.17999999999987 0 1 29271.352547564788 69.683128819793325 1883165 1882969 158 304715000 304663510 27470
8.1899999999998698 0 1 26499.6316053954 91.772050725568377 1887397 1887104 158 305974780 305912860 27470
8.1999999999998696 0 1 26711.575892074747 75.157409000218863 1890847 1890607 158 307211580 307163030 27470
8.2099999999998694 0 1 26790.63364344099 85.802621528071171 1894658 1894404 158 308464470 308413110 27470
8.2199999999998692 0 1 28152.724145402179 97.495183534617652 1898842 1898647 158 309715580 309663380 27470
8.229999999999869 0 1 27437.833675722573 74.761089561673259 1902143 1901956 158 310965870 310913090 27470
8.2399999999998688 0 1 27085.645087751906 77.371553488595751 1905585 1905396 158 312216000 312162940 27470
8.2499999999998685 0 1 27900.679415322567 74.920407477361906 1908884 1908622 158 313469410 313412680 27470
8.2599999999998683 0 1 19986.306311457993 61.359024933329096 1912265 1912107 158 314405350 314377880 27470
8.2699999999998681 0 1 5.9753384800488467 0.072969987090056199 1914305 1914147 158 314590950 314563480 27470
8.2799999999998679 0 1 4.6030053165965068 0.055244420622814275 1916229 1916071 158 314764310 314736840 27470
8.2899999999998677 0 1 7.2470804242536371 0.086595827600357181 1918707 1918549 158 314987230 314959760 27470
8.2999999999998675 0 1 10.528774241823637 0.12736423777806311 1921341 1921183 158 315223990 315196520 27470
8.3099999999998673 0 1 12.199040082766547 0.14888790172254179 1924534 1924376 158 315511010 315483540 27470
8.3199999999998671 0 1 6.3566030428853475 0.074331760962388832 1926706 1926548 158 315707090 315679620 27470
8.3299999999998668 0 1 4.915203930068051 0.061333208825865765 1928556 1928398 158 315874090 315846620 27470
8.3399999999998666 0 1 8.7567415818982841 0.10739502694399279 1931347 1931189 158 316124830 316097360 27470
8.3499999999998664 0 1 5.0058094262191943 0.06090562113119221 1933497 1933339 158 316317830 316290360 27470
8.3599999999998662 0 1 5.169522426999972 0.063287433992088818 1935504 1935346 158 316498810 316471340 27470
8.369999999999866 0 1 6.0987494928924821 0.074474611203003055 1937693 1937535 158 316695570 316668100 27470
8.3799999999998658 0 1 5.6796211174231601 0.068500443122411561 1939836 1939678 158 316889290 316861820 27470
8.3899999999998656 0 1 9.806911290894714 0.1222473195941402 1943032 1942874 158 317176730 317149260 27470
8.3999999999998654 0 1 8.1573829805387597 0.099850625834465481 1945756 1945598 158 317422090 317394620 27470
8.4099999999998651 0 1 5.4754663980035643 0.065089571582178929 1947593 1947435 158 317587270 317559800 27470
8.4199999999998649 0 1 3.703091026036355 0.045140456522575333 1949573 1949415 158 317764470 317737000 27470
8.4299999999998647 0 1 5.228257940551484 0.064511922533229391 1951749 1951591 158 317961110 317933640 27470
8.4399999999998645 0 1 6.962315266722789 0.083601724335126804 1954449 1954291 158 318203110 318175640 27470
8.4499999999998643 0 1 6.5100847939306981 0.07616953570242109 1956633 1956475 158 318400870 318373400 27470
8.4599999999998641 0 1 5.9543853550040486 0.073144847531382728 1958950 1958792 158 318609250 318581780 27470
8.4699999999998639 0 1 7.9913942227564689 0.097942004379272113 1961947 1961789 158 318876830 318849360 27470
8.4799999999998636 0 1 10.954903575630459 0.13201913894693998 1964848 1964690 158 319138970 319111500 27470
8.4899999999998634 0 1 12.493273998505128 0.1517975531321302 1968053 1967895 158 319427670 319400200 27470
8.4999999999998632 0 1 9.2173638760970373 0.10838172160259293 1970792 1970634 158 319675130 319647660 27470
8.509999999999863 0 1 5.100598362865691 0.063564625054902929 1972792 1972634 158 319855130 319827660 27470
8.5199999999998628 0 1 6.622854904577621 0.082655002451661005 1974954 1974796 158 320049810 320022340 27470
8.5299999999998626 0 1 8.1517693455419113 0.098819064652213462 1977676 1977518 158 320294890 320267420 27470
8.5399999999998624 0 1 7.5097437597976757 0.090357914196383657 1980142 1979984 158 320514330 320486860 27470
8.5499999999998622 0 1 4.8248126282112089 0.059689593264879041 1981795 1981637 158 320663550 320636080 27470
8.5599999999998619 0 1 6.0394479628948128 0.073906138739234156 1984073 1983915 158 320870470 320843000 27470
8.5699999999998617 0 1 12.307660019708329 0.1457359279548629 1986839 1986681 158 321117710 321090240 27470
8.5799999999998615 0 1 5.4694800079176984 0.06740407731147402 1989116 1988958 158 321324490 321297020 27470
8.5899999999998613 0 1 6.8895121482982846 0.082051087494152214 1991615 1991457 158 321546350 321518880 27470
8.5999999999998611 0 1 7.7105319718883658 0.095218621578043533 1993996 1993838 158 321763690 321736220 27470
8.6099999999998609 0 1 12.023199202360757 0.14908027683820141 1997782 1997624 158 322101730 322074260 27470
8.6199999999998607 0 1 9.221534563018194 0.11147516991290256 2000392 2000234 158 322339130 322311660 27470
8.6299999999998604 0 1 8.0000804816011168 0.095514038915569352 2002850 2002692 158 322559250 322531780 27470
8.6399999999998602 0 1 6.4563572770347788 0.073622385470174981 2004947 2004789 158 322748830 322