0 0 1 0 0 0 0 0 0 0 0
0.01 0 1 0.0 0.0 0 0 0 0 0 0
0.02 0 1 0.0 0.0 0 0 0 0 0 0
0.029999999999999999 0 1 0.0 0.0 0 0 0 0 0 0
0.040000000000000001 0 1 0.0 0.0 0 0 0 0 0 0
0.050000000000000003 0 1 0.0 0.0 0 0 0 0 0 0
0.060000000000000005 0 1 0.0 0.0 0 0 0 0 0 0
0.070000000000000007 0 1 0.0 0.0 0 0 0 0 0 0
0.080000000000000002 0 1 0.0 0.0 0 0 0 0 0 0
0.089999999999999997 0 1 0.0 0.0 0 0 0 0 0 0
0.099999999999999992 0 1 0.0 0.0 0 0 0 0 0 0
0.10999999999999999 0 1 0.0 0.0 0 0 0 0 0 0
0.11999999999999998 0 1 0.0 0.0 0 0 0 0 0 0
0.12999999999999998 0 1 0.0 0.0 0 0 0 0 0 0
0.13999999999999999 0 1 0.0 0.0 0 0 0 0 0 0
0.14999999999999999 0 1 0.0 0.0 0 0 0 0 0 0
0.16 0 1 0.0 0.0 0 0 0 0 0 0
0.17000000000000001 0 1 0.0 0.0 0 0 0 0 0 0
0.18000000000000002 0 1 0.0 0.0 0 0 0 0 0 0
0.19000000000000003 0 1 0.0 0.0 0 0 0 0 0 0
0.20000000000000004 0 1 0.0 0.0 0 0 0 0 0 0
0.21000000000000005 0 1 0.0 0.0 0 0 0 0 0 0
0.22000000000000006 0 1 0.0 0.0 0 0 0 0 0 0
0.23000000000000007 0 1 0.0 0.0 0 0 0 0 0 0
0.24000000000000007 0 1 0.0 0.0 0 0 0 0 0 0
0.25000000000000006 0 1 0.0 0.0 0 0 0 0 0 0
0.26000000000000006 0 1 0.0 0.0 0 0 0 0 0 0
0.27000000000000007 0 1 0.0 0.0 0 0 0 0 0 0
0.28000000000000008 0 1 0.0 0.0 0 0 0 0 0 0
0.29000000000000009 0 1 0.0 0.0 0 0 0 0 0 0
0.3000000000000001 0 1 0.0 0.0 0 0 0 0 0 0
0.31000000000000011 0 1 0.0 0.0 0 0 0 0 0 0
0.32000000000000012 0 1 0.0 0.0 0 0 0 0 0 0
0.33000000000000013 0 1 0.0 0.0 0 0 0 0 0 0
0.34000000000000014 0 1 0.0 0.0 0 0 0 0 0 0
0.35000000000000014 0 1 0.0 0.0 0 0 0 0 0 0
0.36000000000000015 0 1 0.0 0.0 0 0 0 0 0 0
0.37000000000000016 0 1 0.0 0.0 0 0 0 0 0 0
0.38000000000000017 0 1 0.0 0.0 0 0 0 0 0 0
0.39000000000000018 0 1 0.0 0.0 0 0 0 0 0 0
0.40000000000000019 0 1 0.0 0.0 0 0 0 0 0 0
0.4100000000000002 0 1 0.0 0.0 0 0 0 0 0 0
0.42000000000000021 0 1 0.0 0.0 0 0 0 0 0 0
0.43000000000000022 0 1 0.0 0.0 0 0 0 0 0 0
0.44000000000000022 0 1 0.0 0.0 0 0 0 0 0 0
0.45000000000000023 0 1 0.0 0.0 0 0 0 0 0 0
0.46000000000000024 0 1 0.0 0.0 0 0 0 0 0 0
0.47000000000000025 0 1 0.0 0.0 0 0 0 0 0 0
0.48000000000000026 0 1 0.0 0.0 0 0 0 0 0 0
0.49000000000000027 0 1 0.0 0.0 0 0 0 0 0 0
0.50000000000000022 0 1 0.0 0.0 0 0 0 0 0 0
0.51000000000000023 0 1 0.0 0.0 0 0 0 0 0 0
0.52000000000000024 0 1 0.0 0.0 0 0 0 0 0 0
0.53000000000000025 0 1 0.0 0.0 0 0 0 0 0 0
0.54000000000000026 0 1 0.0 0.0 0 0 0 0 0 0
0.55000000000000027 0 1 0.0 0.0 0 0 0 0 0 0
0.56000000000000028 0 1 0.0 0.0 0 0 0 0 0 0
0.57000000000000028 0 1 0.0 0.0 0 0 0 0 0 0
0.58000000000000029 0 1 0.0 0.0 0 0 0 0 0 0
0.5900000000000003 0 1 0.0 0.0 0 0 0 0 0 0
0.60000000000000031 0 1 0.0 0.0 0 0 0 0 0 0
0.61000000000000032 0 1 0.0 0.0 0 0 0 0 0 0
0.62000000000000033 0 1 0.0 0.0 0 0 0 0 0 0
0.63000000000000034 0 1 0.0 0.0 0 0 0 0 0 0
0.64000000000000035 0 1 0.0 0.0 0 0 0 0 0 0
0.65000000000000036 0 1 0.0 0.0 0 0 0 0 0 0
0.66000000000000036 0 1 0.0 0.0 0 0 0 0 0 0
0.67000000000000037 0 1 0.0 0.0 0 0 0 0 0 0
0.68000000000000038 0 1 0.0 0.0 0 0 0 0 0 0
0.69000000000000039 0 1 0.0 0.0 0 0 0 0 0 0
0.7000000000000004 0 1 0.0 0.0 0 0 0 0 0 0
0.71000000000000041 0 1 0.0 0.0 0 0 0 0 0 0
0.72000000000000042 0 1 0.0 0.0 0 0 0 0 0 0
0.73000000000000043 0 1 0.0 0.0 0 0 0 0 0 0
0.74000000000000044 0 1 0.0 0.0 0 0 0 0 0 0
0.75000000000000044 0 1 0.0 0.0 0 0 0 0 0 0
0.76000000000000045 0 1 0.0 0.0 0 0 0 0 0 0
0.77000000000000046 0 1 0.0 0.0 0 0 0 0 0 0
0.78000000000000047 0 1 0.0 0.0 0 0 0 0 0 0
0.79000000000000048 0 1 0.0 0.0 0 0 0 0 0 0
0.80000000000000049 0 1 0.0 0.0 0 0 0 0 0 0
0.8100000000000005 0 1 0.0 0.0 0 0 0 0 0 0
0.82000000000000051 0 1 0.0 0.0 0 0 0 0 0 0
0.83000000000000052 0 1 0.0 0.0 0 0 0 0 0 0
0.84000000000000052 0 1 0.0 0.0 0 0 0 0 0 0
0.85000000000000053 0 1 0.0 0.0 0 0 0 0 0 0
0.86000000000000054 0 1 0.0 0.0 0 0 0 0 0 0
0.87000000000000055 0 1 0.0 0.0 0 0 0 0 0 0
0.88000000000000056 0 1 0.0 0.0 0 0 0 0 0 0
0.89000000000000057 0 1 0.0 0.0 0 0 0 0 0 0
0.90000000000000058 0 1 0.0 0.0 0 0 0 0 0 0
0.91000000000000059 0 1 0.0 0.0 0 0 0 0 0 0
0.9200000000000006 0 1 0.0 0.0 0 0 0 0 0 0
0.9300000000000006 0 1 0.0 0.0 0 0 0 0 0 0
0.94000000000000061 0 1 0.0 0.0 0 0 0 0 0 0
0.95000000000000062 0 1 0.0 0.0 0 0 0 0 0 0
0.96000000000000063 0 1 0.0 0.0 0 0 0 0 0 0
0.97000000000000064 0 1 0.0 0.0 0 0 0 0 0 0
0.98000000000000065 0 1 0.0 0.0 0 0 0 0 0 0
0.99000000000000066 0 1 0.0 0.0 0 0 0 0 0 0
1.0000000000000007 0 1 0.0 0.0 0 0 0 0 0 0
1.0100000000000007 0 1 1.7415680020871334 0.04213760005038477 440 440 0 18000 18000 0
1.0200000000000007 0 1 6.1595105674919051 0.14907256418101852 1560 1560 0 63920 63920 0
1.0300000000000007 0 1 7.6762880079494984 0.18595840019226523 2520 2520 0 103280 103280 0
1.0400000000000007 0 1 3.0477440036524834 0.073740800088173339 3080 3080 0 126240 126240 0
1.0500000000000007 0 1 4.7893120057396166 0.11587840013855812 3960 3960 0 162320 162320 0
1.0600000000000007 0 1 3.0477440036524834 0.073740800088173339 4520 4520 0 185280 185280 0
1.0700000000000007 0 1 4.3539200052178337 0.10534400012596191 5320 5320 0 218080 218080 0
1.0800000000000007 0 1 5.2247040062614003 0.1264128001511543 6280 6280 0 257440 257440 0
1.0900000000000007 0 1 5.2247040062614003 0.1264128001511543 7240 7240 0 296800 296800 0
1.1000000000000008 0 1 5.2247040062614003 0.1264128001511543 8200 8200 0 336160 336160 0
1.1100000000000008 0 1 8.9824640095148496 0.2175616002300538 9400 9400 0 385360 385360 0
1.1200000000000008 0 1 7.6762880079494984 0.18595840019226523 10360 10360 0 424720 424720 0
1.1300000000000008 0 1 9.8532480105584153 0.23863040025524618 11720 11720 0 480480 480480 0
1.1400000000000008 0 1 4.7893120057396166 0.11587840013855812 12600 12600 0 516560 516560 0
1.1500000000000008 0 1 2.1769600026089169 0.052672000062980957 13000 13000 0 532960 532960 0
1.1600000000000008 0 1 4.7893120057396166 0.11587840013855812 13880 13880 0 569040 569040 0
1.1700000000000008 0 1 6.8055040069059318 0.16488960016707285 14680 14680 0 601840 601840 0
1.1800000000000008 0 1 2.6123520031307002 0.063206400075577152 15160 15160 0 621520 621520 0
1.1900000000000008 0 1 3.91852800469605 0.094809600113365727 15880 15880 0 651040 651040 0
1.2000000000000008 0 1 4.7893120057396166 0.11587840013855812 16760 16760 0 687120 687120 0
1.2100000000000009 0 1 4.3539200052178337 0.10534400012596191 17560 17560 0 719920 719920 0
1.2200000000000009 0 1 10.288640011080199 0.24916480026784238 19000 19000 0 778960 778960 0
1.2300000000000009 0 1 2.6123520031307002 0.063206400075577152 19480 19480 0 798640 798640 0
1.2400000000000009 0 1 3.91852800469605 0.094809600113365727 20200 20200 0 828160 828160 0
1.2500000000000009 0 1 3.0477440036524834 0.073740800088173339 20760 20760 0 851120 851120 0
1.2600000000000009 0 1 4.3539200052178337 0.10534400012596191 21560 21560 0 883920 883920 0
1.2700000000000009 0 1 4.3539200052178337 0.10534400012596191 22360 22360 0 916720 916720 0
1.2800000000000009 0 1 6.0954880073049669 0.14748160017634668 23480 23480 0 962640 962640 0
1.2900000000000009 0 1 2.6154215335389952 0.063282258335783881 23985 23984 0 983324 983284 0
1.3000000000000009 0 1 2.1738904722006218 0.052596141802774228 24360 24360 0 998720 998720 0
1.3100000000000009 0 1 5.6600960067831831 0.1369472001637505 25400 25400 0 1041360 1041360 0
1.320000000000001 0 1 4.7893120057396166 0.11587840013855812 26280 26280 0 1077440 1077440 0
1.330000000000001 0 1 2.6123520031307002 0.063206400075577152 26760 26760 0 1097120 1097120 0
1.340000000000001 0 1 3.4831360041742667 0.08427520010076954 27400 27400 0 1123360 1123360 0
1.350000000000001 0 1 4.3539200052178337 0.10534400012596191 28200 28200 0 1156160 1156160 0
1.360000000000001 0 1 3.0477440036524834 0.073740800088173339 28760 28760 0 1179120 1179120 0
1.370000000000001 0 1 4.7893120057396166 0.11587840013855812 29640 29640 0 1215200 1215200 0
1.380000000000001 0 1 3.4831360041742667 0.08427520010076954 30280 30280 0 1241440 1241440 0
1.390000000000001 0 1 3.91852800469605 0.094809600113365727 31000 31000 0 1270960 1270960 0
1.400000000000001 0 1 5.2189197771389262 0.12627508041014301 31958 31957 0 1310236 1310194 0
1.410000000000001 0 1 5.723493033869115 0.11149694063767858 32508 32508 0 1395420 1395420 0
1.420000000000001 0 1 40.143914202107133 0.46544360649887168 33788 33788 0 2131180 2131180 0
1.430000000000001 0 1 37.217142686116368 0.48599335783252551 35022 35005 0 2871676 2870990 0
1.4400000000000011 0 1 60.526603094010532 0.84571327964473231 36528 36528 0 3477220 3477220 0
1.4500000000000011 0 1 47.199676279448482 0.76054321901508559 38018 38018 0 4041280 4041280 0
1.4600000000000011 0 1 38.245817323537835 0.63579392813897184 39210 39210 0 4614000 4614000 0
1.4700000000000011 0 1 48.843585099564855 0.7876685089548412 40701 40701 0 5179050 5179050 0
1.4800000000000011 0 1 43.952027171266387 0.6679267284418472 42313 42313 0 5787970 5787970 0
1.4900000000000011 0 1 58.459188087602904 0.88438577046876443 43927 43927 0 6398870 6398870 0
1.5000000000000011 0 1 66.862749838011595 1.0795262702826482 45780 45757 0 7025256 7024300 0
1.5100000000000011 0 1 48.940814307730165 0.79152368934332018 47141 47141 0 7606810 7606810 0
1.5200000000000011 0 1 25.216224381396103 0.38781544825283698 48238 48233 0 8199340 8199134 0
1.5300000000000011 0 1 20.617451012401514 0.36453998491130479 49249 49249 0 8782690 8782690 0
1.5400000000000011 0 1 48.339743377288038 0.78196587465659761 50841 50841 0 9373708 9373708 0
1.5500000000000012 0 1 28.513266950675682 0.44738446261343118 52142 52142 0 9976520 9976520 0
1.5600000000000012 0 1 51.622853065277539 0.86948741003913732 53745 53745 0 10576530 10576530 0
1.5700000000000012 0 1 20.525413085015636 0.34438487525119099 55026 55026 0 11161440 11161440 0
1.5800000000000012 0 1 31.471326819116079 0.49869788479586186 56312 56312 0 11751300 11751300 0
1.5900000000000012 0 1 35.967015056207579 0.62658390026930577 57735 57735 0 12324950 12324950 0
1.6000000000000012 0 1 4.1164595248011491 0.095856288115880789 58489 58489 0 12387480 12387480 0
1.6100000000000012 0 1 8.5470720089930659 0.2070272002174576 59609 59609 0 12433400 12433400 0
1.6200000000000012 0 1 8.5470720089930659 0.2070272002174576 60729 60729 0 12479320 12479320 0
1.6300000000000012 0 1 5.2247040062614003 0.1264128001511543 61689 61689 0 12518680 12518680 0
1.6400000000000012 0 1 4.3539200052178337 0.10534400012596191 62489 62489 0 12551480 12551480 0
1.6500000000000012 0 1 3.0477440036524834 0.073740800088173339 63049 63049 0 12574440 12574440 0
1.6600000000000013 0 1 5.2247040062614003 0.1264128001511543 64009 64009 0 12613800 12613800 0
1.6700000000000013 0 1 5.6600960067831831 0.1369472001637505 65049 65049 0 12656440 12656440 0
1.6800000000000013 0 1 6.6916723283996165 0.16236992020375304 65689 65689 0 12682680 12682680 0
1.6900000000000013 0 1 1.7415680020871334 0.04213760005038477 66009 66009 0 12695800 12695800 0
1.7000000000000013 0 1 3.0477440036524834 0.073740800088173339 66569 66569 0 12718760 12718760 0
1.7100000000000013 0 1 3.4831360041742667 0.08427520010076954 67209 67209 0 12745000 12745000 0
1.7200000000000013 0 1 6.5308800078267497 0.15801600018894288 68409 68409 0 12794200 12794200 0
1.7300000000000013 0 1 8.9824640095148496 0.2175616002300538 69609 69609 0 12843400 12843400 0
1.7400000000000013 0 1 2.1769600026089169 0.052672000062980957 70009 70009 0 12859800 12859800 0
1.7500000000000013 0 1 3.0302476427438636 0.073324220066539533 70565 70562 0 12882592 12882466 0
1.7600000000000013 0 1 8.0355094089857566 0.19462482021688193 71609 71609 0 12925400 12925400 0
1.7700000000000014 0 1 3.91852800469605 0.094809600113365727 72329 72329 0 12954920 12954920 0
1.7800000000000014 0 1 4.7893120057396166 0.11587840013855812 73209 73209 0 12991000 12991000 0
1.7900000000000014 0 1 8.5470720089930659 0.2070272002174576 74329 74329 0 13036920 13036920 0
1.8000000000000014 0 1 5.6600960067831831 0.1369472001637505 75369 75369 0 13079560 13079560 0
1.8100000000000014 0 1 8.9824640095148496 0.2175616002300538 76569 76569 0 13128760 13128760 0
1.8200000000000014 0 1 6.8055040069059318 0.16488960016707285 77369 77369 0 13161560 13161560 0
1.8300000000000014 0 1 4.3539200052178337 0.10534400012596191 78169 78169 0 13194360 13194360 0
1.8400000000000014 0 1 4.7893120057396166 0.11587840013855812 79049 79049 0 13230440 13230440 0
1.8500000000000014 0 1 6.5308800078267497 0.15801600018894288 80257 80257 0 13279960 13279960 0
1.8600000000000014 0 1 3.0477440036524834 0.073740800088173339 80809 80809 0 13302600 13302600 0
1.8700000000000014 0 1 8.5470720089930659 0.2070272002174576 81929 81929 0 13348520 13348520 0
1.8800000000000014 0 1 3.4831360041742667 0.08427520010076954 82569 82569 0 13374760 13374760 0
1.8900000000000015 0 1 4.3539200052178337 0.10534400012596191 83369 83369 0 13407560 13407560 0
1.9000000000000015 0 1 3.9156940824000195 0.094742125772984048 84088 84087 0 13437038 13436996 0
1.9100000000000015 0 1 6.9910548903743424 0.16934923453568715 85129 85129 0 13479720 13479720 0
1.9200000000000015 0 1 3.0173577864420738 0.073017318726020727 85683 85679 0 13502428 13502260 0
1.9300000000000015 0 1 1.771954219297543 0.042861081412537382 86009 86009 0 13515800 13515800 0
1.9400000000000015 0 1 3.0477440036524834 0.073740800088173339 86569 86569 0 13538760 13538760 0
1.9500000000000015 0 1 5.6600960067831831 0.1369472001637505 87609 87609 0 13581400 13581400 0
1.9600000000000015 0 1 4.3539200052178337 0.10534400012596191 88409 88409 0 13614200 13614200 0
1.9700000000000015 0 1 4.7893120057396166 0.11587840013855812 89289 89289 0 13650280 13650280 0
1.9800000000000015 0 1 6.5308800078267497 0.15801600018894288 90489 90489 0 13699480 13699480 0
1.9900000000000015 0 1 7.2408960074277156 0.17542400017966903 91369 91369 0 13735560 13735560 0
2.0000000000000013 0 1 5.2247040062615158 0.12641280015115711 92329 92329 0 13774920 13774920 0
2.0100000000000011 0 1 3.0477439839594149 0.073740799612400001 92889 92889 0 13797880 13797880 0
2.0200000000000009 0 1 4.3566355769578502 0.10541188944311 93689 93689 0 13830680 13830680 0
2.0300000000000007 0 1 6.0955610478786912 0.14748342622379654 94809 94809 0 13876600 13876600 0
2.0400000000000005 0 1 2.1769599885424391 0.052671999723142862 95209 95209 0 13893000 13893000 0
2.0500000000000003 0 1 4.7893119747933666 0.11587839939091429 96089 96089 0 13929080 13929080 0
2.0600000000000001 0 1 4.7893119747933666 0.11587839939091429 96969 96969 0 13965160 13965160 0
2.0699999999999998 0 1 3.0477439839594149 0.073740799612400001 97529 97529 0 13988120 13988120 0
2.0799999999999996 0 1 2.1769599885424391 0.052671999723142862 97929 97929 0 14004520 14004520 0
2.0899999999999994 0 1 4.3539199770848782 0.10534399944628572 98729 98729 0 14037320 14037320 0
2.0999999999999992 0 1 3.4831359816679028 0.084275199557028571 99369 99369 0 14063560 14063560 0
2.109999999999999 0 1 5.916750130204333 0.1433389592790521 100249 100249 0 14099640 14099640 0
2.1199999999999988 0 1 10.767510188438097 0.11977281994348921 100973 100973 0 14205240 14205240 0
2.1299999999999986 0 1 104.11300243350769 0.44061135668115142 102064 102064 0 14905730 14905730 0
2.1399999999999983 0 1 214.95605033870552 1.1736588670209687 103809 103809 0 15722240 15722240 0
2.1499999999999981 0 1 212.81403102458 0.86889273496876995 105226 105226 0 16593630 16593630 0
2.1599999999999979 0 1 301.91597042041576 2.2493181939378584 107791 107791 0 17538660 17538660 0
2.1699999999999977 0 1 210.4356762400283 0.86599547476977246 109427 109427 0 18475020 18475020 0
2.1799999999999975 0 1 221.69102776325443 1.2450234634915169 111132 111132 0 19403770 19403770 0
2.1899999999999973 0 1 191.13459193643106 1.0594529771083443 112681 112681 0 20329920 20329920 0
2.1999999999999971 0 1 286.76727199102299 1.8221293761971624 114856 114856 0 21268450 21268450 0
2.2099999999999969 0 1 207.74257159342093 1.1323965209906437 116650 116650 0 22209390 22209390 0
2.2199999999999966 0 1 192.30130471842239 0.98947486857883127 118282 118282 0 23141790 23141790 0
2.2299999999999964 0 1 225.60373071825782 0.98830179678050967 119920 119920 0 24080130 24080130 0
2.2399999999999962 0 1 160.47654064379881 0.65002161959843152 121395 121395 0 25008940 25008940 0
2.249999999999996 0 1 228.93481853500361 1.0705906164279584 123103 123102 0 25940660 25939670 0
2.2599999999999958 0 1 219.2378960972064 1.1143699354782448 124803 124802 0 26864460 26863470 0
2.2699999999999956 0 1 221.41457572140047 1.2622537863133323 126825 126825 0 27803360 27803360 0
2.2799999999999954 0 1 189.25786051810607 0.63115797757344005 128306 128305 0 28738110 28737120 0
2.2899999999999952 0 1 177.95770679554309 0.91645365661274525 130029 130029 0 29684680 29684680 0
2.2999999999999949 0 1 217.03830289201278 1.2449624706826246 132047 132033 0 30622464 30620928 0
2.3099999999999947 0 1 148.91982156992617 0.67317002617014776 133536 133536 0 31562290 31562290 0
2.3199999999999945 0 1 206.74521901339031 0.78244333885463813 134927 134926 0 32483860 32482870 0
2.3299999999999943 0 1 166.63210921193539 0.58862958752744643 136476 136476 0 33410010 33410010 0
2.3399999999999941 0 1 164.84635529746012 0.57888016077317761 137882 137882 0 34346430 34346430 0
2.3499999999999939 0 1 230.75629182052339 1.2099620619063591 139654 139654 0 35265590 35265590 0
2.3599999999999937 0 1 83.182935546101348 0.39290560388614842 140907 140907 0 35745560 35745560 0
2.3699999999999934 0 1 5.6600959702103424 0.13694719928017143 141947 141947 0 35788200 35788200 0
2.3799999999999932 0 1 4.0340890183402118 0.097674625475765303 142667 142667 0 35817720 35817720 0
2.389999999999993 0 1 6.5308799656273182 0.15801599916942857 143867 143867 0 35866920 35866920 0
2.3999999999999928 0 1 7.6762879654596574 0.18595839916395859 144827 144827 0 35906280 35906280 0
2.4099999999999926 0 1 2.612351986250927 0.063206399667771432 145307 145307 0 35925960 35925960 0
2.4199999999999924 0 1 5.224703972501854 0.12641279933554286 146267 146267 0 35965320 35965320 0
2.4299999999999922 0 1 2.612351986250927 0.063206399667771432 146747 146747 0 35985000 35985000 0
2.439999999999992 0 1 3.4831359816679028 0.084275199557028571 147387 147387 0 36011240 36011240 0
2.4499999999999917 0 1 7.6762879654596574 0.18595839916395859 148347 148347 0 36050600 36050600 0
2.4599999999999915 0 1 2.612351986250927 0.063206399667771432 148827 148827 0 36070280 36070280 0
2.4699999999999913 0 1 1.3061759931254635 0.031603199833885716 149067 149067 0 36080120 36080120 0
2.4799999999999911 0 1 3.4831359816679028 0.084275199557028571 149707 149707 0 36106360 36106360 0
2.4899999999999909 0 1 7.8222880454747461 0.18967047916334373 150507 150507 0 36139160 36139160 0
2.4999999999999907 0 1 3.0524671837853332 0.073858879608047948 151067 151067 0 36162120 36162120 0
2.5099999999999905 0 1 4.3539199770848782 0.10534399944628572 151867 151867 0 36194920 36194920 0
2.5199999999999902 0 1 4.3130206148839036 0.10447343939210763 152587 152587 0 36224440 36224440 0
2.52999999999999 0 1 3.4831359816679028 0.084275199557028571 153227 153227 0 36250680 36250680 0
2.5399999999999898 0 1 3.4831359816679028 0.084275199557028571 153867 153867 0 36276920 36276920 0
2.5499999999999896 0 1 3.0477439839594149 0.073740799612400001 154427 154427 0 36299880 36299880 0
2.5599999999999894 0 1 4.7893119747933666 0.11587839939091429 155307 155307 0 36335960 36335960 0
2.5699999999999892 0 1 5.224703972501854 0.12641279933554286 156267 156267 0 36375320 36375320 0
2.579999999999989 0 1 5.224703972501854 0.12641279933554286 157227 157227 0 36414680 36414680 0
2.5899999999999888 0 1 6.8055039700426816 0.16488959927470145 158027 158027 0 36447480 36447480 0
2.5999999999999885 0 1 1.3061759931254635 0.031603199833885716 158267 158267 0 36457320 36457320 0
2.6099999999999883 0 1 4.3539199770848782 0.10534399944628572 159067 159067 0 36490120 36490120 0
2.6199999999999881 0 1 6.7243464434449161 0.16283447911571783 160187 160187 0 36536040 36536040 0
2.6299999999999879 0 1 4.7893119747933666 0.11587839939091429 161067 161067 0 36572120 36572120 0
2.6399999999999877 0 1 3.4831359816679028 0.084275199557028571 161707 161707 0 36598360 36598360 0
2.6499999999999875 0 1 6.7675210833756712 0.16388751911402893 162827 162827 0 36644280 36644280 0
2.6599999999999873 0 1 3.4831359816679028 0.084275199557028571 163467 163467 0 36670520 36670520 0
2.6699999999999871 0 1 1.3061759931254635 0.031603199833885716 163720 163720 0 36691330 36691330 0
2.6799999999999868 0 1 10.202698828339546 0.22355347287291083 164461 164440 0 37015880 37014080 0
2.6899999999999866 0 1 90.352926675630812 0.77775851492393733 165992 165992 0 37801810 37801810 0
2.6999999999999864 0 1 77.941690144346751 1.134545934462696 167754 167754 0 38483310 38483310 0
2.7099999999999862 0 1 30.869178313801484 0.50407460842040142 169072 169072 0 39088700 39088700 0
2.719999999999986 0 1 17.301615879661117 0.26314871075717178 170039 170039 0 39682580 39682580 0
2.7299999999999858 0 1 41.111927210248552 0.68761502705180577 171646 171646 0 40286550 40286550 0
2.7399999999999856 0 1 12.038977338955171 0.203356855159602 172476 172476 0 40880490 40880490 0
2.7499999999999853 0 1 49.012377230090536 0.74489056376620322 174083 174083 0 41484460 41484460 0
2.7599999999999851 0 1 26.315079374877232 0.49339238973883309 175379 175379 0 42008300 42008300 0
2.7699999999999849 0 1 32.68424524309993 0.52265854320064919 176751 176751 0 42607380 42607380 0
2.7799999999999847 0 1 50.487612482528206 0.89555051363607552 178375 178375 0 43228180 43228180 0
2.7899999999999845 0 1 41.942122804460794 0.64787942661267683 179822 179822 0 43825590 43825590 0
2.7999999999999843 0 1 43.764488210581966 0.73868150756714512 181199 181199 0 44415370 44415370 0
2.8099999999999841 0 1 40.751396209850533 0.69254696849624742 182513 182513 0 44971280 44971280 0
2.8199999999999839 0 1 24.634428324120343 0.42458102203696074 183725 183725 0 45563800 45563800 0
2.8299999999999836 0 1 17.841814208942022 0.27554716955232073 184697 184697 0 46146480 46146480 0
2.8399999999999834 0 1 32.035921013220367 0.55542795252169286 186048 186048 0 46724770 46724770 0
2.8499999999999832 0 1 39.047118773020841 0.65706636492427761 187554 187554 0 47304670 47304670 0
2.859999999999983 0 1 24.242923581577251 0.42179382436501112 188556 188556 0 47688640 47688640 0
2.8699999999999828 0 1 8.1072909229453263 0.19640835910333251 189676 189676 0 47734560 47734560 0
2.8799999999999826 0 1 3.4831359816679028 0.084275199557028571 190316 190316 0 47760800 47760800 0
2.8899999999999824 0 1 3.0477439839594149 0.073740799612400001 190876 190876 0 47783760 47783760 0
2.8999999999999821 0 1 3.0477439839594149 0.073740799612400001 191436 191436 0 47806720 47806720 0
2.9099999999999819 0 1 4.3539199770848782 0.10534399944628572 192236 192236 0 47839520 47839520 0
2.9199999999999817 0 1 4.7893119747933666 0.11587839939091429 193116 193116 0 47875600 47875600 0
2.9299999999999815 0 1 3.6767172594949997 0.0890964795035495 193676 193676 0 47898560 47898560 0
2.9399999999999813 0 1 3.4831359816679028 0.084275199557028571 194316 194316 0 47924800 47924800 0
2.9499999999999811 0 1 3.4831359816679028 0.084275199557028571 194956 194956 0 47951040 47951040 0
2.9599999999999809 0 1 4.5507169106408698 0.10554386992303269 195674 195674 0 48049750 48049750 0
2.9699999999999807 0 1 321.18893136315972 0.97952909620795259 197201 197201 0 48953170 48953170 0
2.9799999999999804 0 1 429.55282961198185 1.0733430625908154 198726 198725 0 50007400 50006410 0
2.9899999999999802 0 1 758.06828985498248 2.6471082182120251 200825 200825 0 51174370 51174370 0
2.99999999999998 0 1 1034.8017184057512 2.9912797057195935 203062 203060 0 52402040 52400060 0
3.0099999999999798 0 1 1132.4980503946517 3.1179291573232293 205238 205237 0 53645240 53644250 0
3.0199999999999796 0 1 1178.6424887673809 2.1433381010608001 206959 206958 0 54893510 54892520 0
3.0299999999999794 0 1 1462.9195023822713 3.477123013984492 209142 209141 0 56143640 56142650 0
3.0399999999999792 0 1 1245.9549022587682 2.0399508028449356 210788 210787 0 57393580 57392590 0
3.049999999999979 0 1 1336.6801457205047 3.6224185154666406 212966 212965 0 58638760 58637770 0
3.0599999999999787 0 1 1134.1554960576286 1.8548510315946793 214607 214606 0 59883750 59882760 0
3.0699999999999785 0 1 1253.3625094716699 3.4076208547382976 216862 216861 0 61129240 61128250 0
3.0799999999999783 0 1 1284.6452676805379 2.2453879304380511 218585 218584 0 62379490 62378500 0
3.0899999999999781 0 1 1530.4108592467182 3.7248500352980236 220921 220920 0 63629250 63628260 0
3.0999999999999779 0 1 1534.1332352586057 3.8304415245854635 223181 223180 0 64879690 64878700 0
3.1099999999999777 0 1 2157.7570264807973 4.3843987818340358 225061 225058 0 66131630 66