0 0 1 0 0 0 0 0 0 0 0
0.01 0 1 0.0 0.0 0 0 0 0 0 0
0.02 0 1 0.0 0.0 0 0 0 0 0 0
0.029999999999999999 0 1 0.0 0.0 0 0 0 0 0 0
0.040000000000000001 0 1 0.0 0.0 0 0 0 0 0 0
0.050000000000000003 0 1 0.0 0.0 0 0 0 0 0 0
0.060000000000000005 0 1 0.0 0.0 0 0 0 0 0 0
0.070000000000000007 0 1 0.0 0.0 0 0 0 0 0 0
0.080000000000000002 0 1 0.0 0.0 0 0 0 0 0 0
0.089999999999999997 0 1 0.0 0.0 0 0 0 0 0 0
0.099999999999999992 0 1 0.0 0.0 0 0 0 0 0 0
0.10999999999999999 0 1 0.0 0.0 0 0 0 0 0 0
0.11999999999999998 0 1 0.0 0.0 0 0 0 0 0 0
0.12999999999999998 0 1 0.0 0.0 0 0 0 0 0 0
0.13999999999999999 0 1 0.0 0.0 0 0 0 0 0 0
0.14999999999999999 0 1 0.0 0.0 0 0 0 0 0 0
0.16 0 1 0.0 0.0 0 0 0 0 0 0
0.17000000000000001 0 1 0.0 0.0 0 0 0 0 0 0
0.18000000000000002 0 1 0.0 0.0 0 0 0 0 0 0
0.19000000000000003 0 1 0.0 0.0 0 0 0 0 0 0
0.20000000000000004 0 1 0.0 0.0 0 0 0 0 0 0
0.21000000000000005 0 1 0.0 0.0 0 0 0 0 0 0
0.22000000000000006 0 1 0.0 0.0 0 0 0 0 0 0
0.23000000000000007 0 1 0.0 0.0 0 0 0 0 0 0
0.24000000000000007 0 1 0.0 0.0 0 0 0 0 0 0
0.25000000000000006 0 1 0.0 0.0 0 0 0 0 0 0
0.26000000000000006 0 1 0.0 0.0 0 0 0 0 0 0
0.27000000000000007 0 1 0.0 0.0 0 0 0 0 0 0
0.28000000000000008 0 1 0.0 0.0 0 0 0 0 0 0
0.29000000000000009 0 1 0.0 0.0 0 0 0 0 0 0
0.3000000000000001 0 1 0.0 0.0 0 0 0 0 0 0
0.31000000000000011 0 1 0.0 0.0 0 0 0 0 0 0
0.32000000000000012 0 1 0.0 0.0 0 0 0 0 0 0
0.33000000000000013 0 1 0.0 0.0 0 0 0 0 0 0
0.34000000000000014 0 1 0.0 0.0 0 0 0 0 0 0
0.35000000000000014 0 1 0.0 0.0 0 0 0 0 0 0
0.36000000000000015 0 1 0.0 0.0 0 0 0 0 0 0
0.37000000000000016 0 1 0.0 0.0 0 0 0 0 0 0
0.38000000000000017 0 1 0.0 0.0 0 0 0 0 0 0
0.39000000000000018 0 1 0.0 0.0 0 0 0 0 0 0
0.40000000000000019 0 1 0.0 0.0 0 0 0 0 0 0
0.4100000000000002 0 1 0.0 0.0 0 0 0 0 0 0
0.42000000000000021 0 1 0.0 0.0 0 0 0 0 0 0
0.43000000000000022 0 1 0.0 0.0 0 0 0 0 0 0
0.44000000000000022 0 1 0.0 0.0 0 0 0 0 0 0
0.45000000000000023 0 1 0.0 0.0 0 0 0 0 0 0
0.46000000000000024 0 1 0.0 0.0 0 0 0 0 0 0
0.47000000000000025 0 1 0.0 0.0 0 0 0 0 0 0
0.48000000000000026 0 1 0.0 0.0 0 0 0 0 0 0
0.49000000000000027 0 1 0.0 0.0 0 0 0 0 0 0
0.50000000000000022 0 1 0.0 0.0 0 0 0 0 0 0
0.51000000000000023 0 1 0.0 0.0 0 0 0 0 0 0
0.52000000000000024 0 1 0.0 0.0 0 0 0 0 0 0
0.53000000000000025 0 1 0.0 0.0 0 0 0 0 0 0
0.54000000000000026 0 1 0.0 0.0 0 0 0 0 0 0
0.55000000000000027 0 1 0.0 0.0 0 0 0 0 0 0
0.56000000000000028 0 1 0.0 0.0 0 0 0 0 0 0
0.57000000000000028 0 1 0.0 0.0 0 0 0 0 0 0
0.58000000000000029 0 1 0.0 0.0 0 0 0 0 0 0
0.5900000000000003 0 1 0.0 0.0 0 0 0 0 0 0
0.60000000000000031 0 1 0.0 0.0 0 0 0 0 0 0
0.61000000000000032 0 1 0.0 0.0 0 0 0 0 0 0
0.62000000000000033 0 1 0.0 0.0 0 0 0 0 0 0
0.63000000000000034 0 1 0.0 0.0 0 0 0 0 0 0
0.64000000000000035 0 1 0.0 0.0 0 0 0 0 0 0
0.65000000000000036 0 1 0.0 0.0 0 0 0 0 0 0
0.66000000000000036 0 1 0.0 0.0 0 0 0 0 0 0
0.67000000000000037 0 1 0.0 0.0 0 0 0 0 0 0
0.68000000000000038 0 1 0.0 0.0 0 0 0 0 0 0
0.69000000000000039 0 1 0.0 0.0 0 0 0 0 0 0
0.7000000000000004 0 1 0.0 0.0 0 0 0 0 0 0
0.71000000000000041 0 1 0.0 0.0 0 0 0 0 0 0
0.72000000000000042 0 1 0.0 0.0 0 0 0 0 0 0
0.73000000000000043 0 1 0.0 0.0 0 0 0 0 0 0
0.74000000000000044 0 1 0.0 0.0 0 0 0 0 0 0
0.75000000000000044 0 1 0.0 0.0 0 0 0 0 0 0
0.76000000000000045 0 1 0.0 0.0 0 0 0 0 0 0
0.77000000000000046 0 1 0.0 0.0 0 0 0 0 0 0
0.78000000000000047 0 1 0.0 0.0 0 0 0 0 0 0
0.79000000000000048 0 1 0.0 0.0 0 0 0 0 0 0
0.80000000000000049 0 1 0.0 0.0 0 0 0 0 0 0
0.8100000000000005 0 1 0.0 0.0 0 0 0 0 0 0
0.82000000000000051 0 1 0.0 0.0 0 0 0 0 0 0
0.83000000000000052 0 1 0.0 0.0 0 0 0 0 0 0
0.84000000000000052 0 1 0.0 0.0 0 0 0 0 0 0
0.85000000000000053 0 1 0.0 0.0 0 0 0 0 0 0
0.86000000000000054 0 1 0.0 0.0 0 0 0 0 0 0
0.87000000000000055 0 1 0.0 0.0 0 0 0 0 0 0
0.88000000000000056 0 1 0.0 0.0 0 0 0 0 0 0
0.89000000000000057 0 1 0.0 0.0 0 0 0 0 0 0
0.90000000000000058 0 1 0.0 0.0 0 0 0 0 0 0
0.91000000000000059 0 1 0.0 0.0 0 0 0 0 0 0
0.9200000000000006 0 1 0.0 0.0 0 0 0 0 0 0
0.9300000000000006 0 1 0.0 0.0 0 0 0 0 0 0
0.94000000000000061 0 1 0.0 0.0 0 0 0 0 0 0
0.95000000000000062 0 1 0.0 0.0 0 0 0 0 0 0
0.96000000000000063 0 1 0.0 0.0 0 0 0 0 0 0
0.97000000000000064 0 1 0.0 0.0 0 0 0 0 0 0
0.98000000000000065 0 1 0.0 0.0 0 0 0 0 0 0
0.99000000000000066 0 1 0.0 0.0 0 0 0 0 0 0
1.0000000000000007 0 1 0.0 0.0 0 0 0 0 0 0
1.0100000000000007 0 1 67.240597251619363 0.26356256629165276 1365 1365 0 186704 186704 0
1.0200000000000007 0 1 87.583008704888783 0.23050535202129277 2171 2171 0 418940 418940 0
1.0300000000000007 0 1 16.439554314239121 0.061970836789026984 2941 2941 0 624740 624740 0
1.0400000000000007 0 1 30.05153041767376 0.085885721002565349 3655 3655 0 801972 801972 0
1.0500000000000007 0 1 23.866301755815723 0.077486201926313322 4521 4521 0 967084 967084 0
1.0600000000000007 0 1 90.007364400480498 0.35700791840615997 5862 5862 0 1225752 1225752 0
1.0700000000000007 0 1 26.150585332235796 0.085019673985264818 6759 6759 0 1440448 1440448 0
1.0800000000000007 0 1 8.0613760576055 0.02696019289984972 7315 7315 0 1591072 1591072 0
1.0900000000000007 0 1 13.58859989022284 0.045601578716825089 8048 8048 0 1770092 1770092 0
1.1000000000000008 0 1 12.067349915762183 0.045340860160392141 8719 8719 0 1910840 1910840 0
1.1100000000000008 0 1 59.506353333152035 0.25502155079213362 9622 9622 0 2087852 2087852 0
1.1200000000000008 0 1 38.345064813642317 0.13773229916982366 10625 10625 0 2294500 2294500 0
1.1300000000000008 0 1 28.427949125524751 0.10201714880331271 11552 11552 0 2514952 2514952 0
1.1400000000000008 0 1 33.382672112927885 0.1299471316080324 12537 12537 0 2707652 2707652 0
1.1500000000000008 0 1 16.962092535544024 0.052844730799161917 13455 13455 0 2913616 2913616 0
1.1600000000000008 0 1 17.993968427485537 0.065590098684764564 14279 14279 0 3083060 3083060 0
1.1700000000000008 0 1 2.8548285724386142 0.015897763802397144 14654 14654 0 3148260 3148260 0
1.1800000000000008 0 1 20.958834752630988 0.074583084302237632 15979 15979 0 3358932 3358932 0
1.1900000000000008 0 1 55.616839688222214 0.17034436080920465 16987 16987 0 3592580 3592580 0
1.2000000000000008 0 1 29.325411590171477 0.080563857781679113 17587 17587 0 3754096 3754096 0
1.2100000000000009 0 1 3.2909371598624806 0.0122124539996049 17893 17893 0 3833828 3833828 0
1.2200000000000009 0 1 80.741969917823141 0.20018044339273883 18801 18801 0 3977312 3977312 0
1.2300000000000009 0 1 2.9991142206604566 0.014521928548161244 19215 19215 0 4089908 4089908 0
1.2400000000000009 0 1 2.7519829595637342 0.010522064539619782 19627 19627 0 4172024 4172024 0
1.2500000000000009 0 1 5.3032055453561666 0.015421021599415483 20024 20024 0 4255132 4255132 0
1.2600000000000009 0 1 4.5784371136615887 0.014321483000734313 20430 20430 0 4312372 4312372 0
1.2700000000000009 0 1 2.2640544001566432 0.014383876000301209 21201 21201 0 4406984 4406984 0
1.2800000000000009 0 1 71.067876274369311 0.18344192659851527 21978 21978 0 4611120 4611120 0
1.2900000000000009 0 1 8.7049527987224025 0.042400017929522492 22983 22983 0 4772964 4772964 0
1.3000000000000009 0 1 8.7160062389420574 0.042668615741270309 23729 23729 0 4930576 4930576 0
1.3100000000000009 0 1 24.22322184769461 0.089746002867818669 24806 24806 0 5159340 5159340 0
1.320000000000001 0 1 2.5029173480240785 0.014062357001520797 25389 25389 0 5268004 5268004 0
1.330000000000001 0 1 41.568330365758094 0.16980528500758471 26660 26660 0 5532572 5532572 0
1.340000000000001 0 1 11.915169285259786 0.047235836805281609 27327 27327 0 5664920 5664920 0
1.350000000000001 0 1 26.445094118084953 0.10797865780847173 28329 28329 0 5898512 5898512 0
1.360000000000001 0 1 4.5482959109972532 0.016664250098474817 28744 28744 0 5994360 5994360 0
1.370000000000001 0 1 4.2633791196441138 0.0156022751016449 29214 29214 0 6101760 6101760 0
1.380000000000001 0 1 27.63922014707407 0.11046182900100722 30124 30124 0 6268932 6268932 0
1.390000000000001 0 1 1.2152364079789801 0.0065909137001662838 30648 30648 0 6361020 6361020 0
1.400000000000001 0 1 8.9684207276510648 0.029896779802251999 31237 31237 0 6453780 6453780 0
1.410000000000001 0 1 22.767824737551013 0.057879783082248566 31838 31838 0 6594092 6594092 0
1.420000000000001 0 1 6.9188455917416229 0.021793547953397031 32610 32610 0 6704172 6704172 0
1.430000000000001 0 1 36.387109083332327 0.1114025060122258 33864 33864 0 6940148 6940148 0
1.4400000000000011 0 1 33.333652048925501 0.10838844616032341 34677 34677 0 7151260 7151260 0
1.4500000000000011 0 1 25.834321961962715 0.096777893814303712 35444 35444 0 7317004 7317004 0
1.4600000000000011 0 1 38.616965189505734 0.15070131907091153 36723 36721 0 7559952 7559336 0
1.4700000000000011 0 1 17.432999859212192 0.075973384979155442 37543 37543 0 7757600 7757600 0
1.4800000000000011 0 1 74.949066950279359 0.28501683698098884 38813 38813 0 8020400 8020400 0
1.4900000000000011 0 1 21.143411537417371 0.066861544204321832 39695 39695 0 8227344 8227344 0
1.5000000000000011 0 1 4.775466949665037 0.019355862772885129 40183 40183 0 8339520 8339520 0
1.5100000000000011 0 1 20.778300525165587 0.0774828872056154 41188 41188 0 8519120 8519120 0
1.5200000000000011 0 1 19.25204734285904 0.076218321364573891 42248 42248 0 8730792 8730792 0
1.5300000000000011 0 1 15.929006855607394 0.045026975289230678 42952 42952 0 8878880 8878880 0
1.5400000000000011 0 1 7.1308947969652197 0.025380436759325754 43640 43640 0 9006772 9006772 0
1.5500000000000012 0 1 67.867661792150571 0.25377313496583986 44539 44539 0 9219804 9219804 0
1.5600000000000012 0 1 5.4107752134890452 0.021397627699237792 45137 45137 0 9342780 9342780 0
1.5700000000000012 0 1 26.332941650378114 0.083799250004012935 46212 46212 0 9573396 9573396 0
1.5800000000000012 0 1 8.49490841161699 0.029460577567097496 47036 47036 0 9718272 9718272 0
1.5900000000000012 0 1 3.6476412090327561 0.013035934299288053 47346 47346 0 9798840 9798840 0
1.6000000000000012 0 1 5.9922835084468442 0.028832820302127058 47836 47836 0 9883240 9883240 0
1.6100000000000012 0 1 3.9573591780637649 0.019880923001913669 48434 48434 0 9984560 9984560 0
1.6200000000000012 0 1 12.596356373028595 0.040643475796398008 49237 49237 0 10150724 10150724 0
1.6300000000000012 0 1 23.299249760208053 0.089662481369101515 50052 50052 0 10320040 10320040 0
1.6400000000000012 0 1 4.426925088482033 0.019591680800901106 50494 50494 0 10432560 10432560 0
1.6500000000000012 0 1 19.031281701441731 0.077416226399207241 51447 51447 0 10603552 10603552 0
1.6600000000000013 0 1 16.111414752719696 0.06519889562017761 52278 52278 0 10752364 10752364 0
1.6700000000000013 0 1 20.588912615718229 0.064237233199659849 53121 53121 0 10924240 10924240 0
1.6800000000000013 0 1 8.773629359741701 0.033075672620430624 53786 53786 0 11076800 11076800 0
1.6900000000000013 0 1 5.0550021461607875 0.033403458301717287 54406 54406 0 11217812 11217812 0
1.7000000000000013 0 1 13.394070872036044 0.055848030798011324 55389 55389 0 11354892 11354892 0
1.7100000000000013 0 1 6.2135793111403661 0.024514991681234811 56139 56139 0 11516920 11516920 0
1.7200000000000013 0 1 16.631383522342599 0.071409295645330426 56949 56949 0 11688832 11688832 0
1.7300000000000013 0 1 9.4478129298117519 0.042173533597233935 57454 57454 0 11797960 11797960 0
1.7400000000000013 0 1 38.264688839852624 0.17019483098297247 58744 58744 0 11973276 11973276 0
1.7500000000000013 0 1 14.00191983412674 0.071245536547070928 59410 59410 0 12145144 12145144 0
1.7600000000000013 0 1 5.8472375092446907 0.027031304444546909 60249 60249 0 12302532 12302532 0
1.7700000000000014 0 1 25.642854557674767 0.074526449140765935 61181 61181 0 12504984 12504984 0
1.7800000000000014 0 1 3.7140658576081589 0.017848379980289746 61741 61741 0 12594040 12594040 0
1.7900000000000014 0 1 15.022054233339052 0.044703769099907434 62277 62277 0 12732880 12732880 0
1.8000000000000014 0 1 8.6616283981135673 0.034580757300561843 62923 62923 0 12854920 12854920 0
1.8100000000000014 0 1 7.4613906221068165 0.032682227899849509 63579 63579 0 12972960 12972960 0
1.8200000000000014 0 1 12.449111744936914 0.036368591219271239 64066 64066 0 13074140 13074140 0
1.8300000000000014 0 1 19.112393297352686 0.064137027569666161 64648 64648 0 13166992 13166992 0
1.8400000000000014 0 1 22.851368754909785 0.075945876289473732 65481 65481 0 13355284 13355284 0
1.8500000000000014 0 1 16.639916066800872 0.077800376832715054 66280 66280 0 13521272 13521272 0
1.8600000000000014 0 1 15.606299867378834 0.050435463755493751 67034 67034 0 13686048 13686048 0
1.8700000000000014 0 1 49.48649831993648 0.15970435272254488 68281 68281 0 13931112 13931112 0
1.8800000000000014 0 1 13.23364040449596 0.054467260407076119 69090 69090 0 14112680 14112680 0
1.8900000000000015 0 1 26.08187835054536 0.088829416841451542 70070 70070 0 14299252 14299252 0
1.9000000000000015 0 1 47.918384580740671 0.16807478594240685 71601 71601 0 14560984 14560984 0
1.9100000000000015 0 1 31.814173647616489 0.10783010094277391 72475 72475 0 14813000 14813000 0
1.9200000000000015 0 1 10.396266156456582 0.032537015758204973 73019 73019 0 14944560 14944560 0
1.9300000000000015 0 1 3.6254915120924349 0.02324136339058034 73501 73501 0 15038556 15038556 0
1.9400000000000015 0 1 71.107021351620531 0.27144126473757058 74707 74707 0 15287380 15287380 0
1.9500000000000015 0 1 12.760982041190505 0.06535062923156415 75670 75670 0 15445944 15445944 0
1.9600000000000015 0 1 23.958055530042689 0.055930643377299867 76328 76327 0 15630272 15630132 0
1.9700000000000015 0 1 26.688051575062197 0.086109684732038533 77094 77094 0 15791384 15791384 0
1.9800000000000015 0 1 28.750723221987837 0.10344853577906034 78362 78362 0 16003880 16003880 0
1.9900000000000015 0 1 28.728624682758205 0.094253787921716375 79250 79248 0 16255676 16254940 0
2.0000000000000013 0 1 26.388713525600178 0.078298015142321264 80392 80392 0 16476724 16476724 0
2.0100000000000011 0 1 24.782957763761178 0.08701095801315803 81187 81187 0 16676896 16676896 0
2.0200000000000009 0 1 125.74874390660062 0.49571902504014165 82533 82533 0 16946616 16946616 0
2.0300000000000007 0 1 12.754856567917466 0.045114034437255666 83058 83058 0 17093964 17093964 0
2.0400000000000005 0 1 4.4893024147884724 0.020002065192592938 83665 83665 0 17242472 17242472 0
2.0500000000000003 0 1 15.953105849962752 0.052489480757867975 84511 84511 0 17421520 17421520 0
2.0600000000000001 0 1 31.129824780782254 0.1288796937848363 85381 85381 0 17547892 17547892 0
2.0699999999999998 0 1 88.414430326700113 0.33181761386891923 86628 86628 0 17779592 17779592 0
2.0799999999999996 0 1 14.023564774107676 0.039464445329518712 87253 87253 0 17964292 17964292 0
2.0899999999999994 0 1 24.616196095589686 0.08952703427347522 88208 88208 0 18166780 18166780 0
2.0999999999999992 0 1 23.53052919552049 0.092275618183592395 89011 89011 0 18390856 18390856 0
2.109999999999999 0 1 9.5517959878934899 0.026759664709219991 89529 89529 0 18514432 18514432 0
2.1199999999999988 0 1 40.123828800833969 0.13136517509129422 90744 90744 0 18759860 18759860 0
2.1299999999999986 0 1 6.9016476769709154 0.026249090541475287 91354 91354 0 18911360 18911360 0
2.1399999999999983 0 1 18.115259058045506 0.042697875552334195 92018 92018 0 19048592 19048592 0
2.1499999999999981 0 1 3.7995646317860929 0.019686043300204823 92612 92612 0 19171080 19171080 0
2.1599999999999979 0 1 32.009151667184071 0.12191951827089913 93667 93667 0 19370524 19370524 0
2.1699999999999977 0 1 5.5455136073301619 0.020335223979018203 94196 94196 0 19474040 19474040 0
2.1799999999999975 0 1 5.4623586442667458 0.023617561205569407 94763 94763 0 19586872 19586872 0
2.1899999999999973 0 1 15.441998626169324 0.081460273177260192 95809 95809 0 19800020 19800020 0
2.1999999999999971 0 1 18.615394168105269 0.051476762985381827 96472 96472 0 19924688 19924688 0
2.2099999999999969 0 1 6.0438015538019707 0.023473272349461782 97047 97047 0 20053752 20053752 0
2.2199999999999966 0 1 27.032175589422856 0.089308619394714253 98184 98184 0 20277804 20277804 0
2.2299999999999964 0 1 55.396992831102779 0.13421157792783697 99001 99001 0 20520500 20520500 0
2.2399999999999962 0 1 24.261967478007293 0.086097996826730194 99918 99918 0 20707820 20707820 0
2.249999999999996 0 1 10.163850534959668 0.033945850605433148 100606 100606 0 20850336 20850336 0
2.2599999999999958 0 1 12.194001990832508 0.052950340017822194 101676 101676 0 21044940 21044940 0
2.2699999999999956 0 1 22.289750104285964 0.064668431379290278 102300 102300 0 21228872 21228872 0
2.2799999999999954 0 1 37.245045606406087 0.12531054004983044 103193 103193 0 21365492 21365492 0
2.2899999999999952 0 1 9.3813653443236564 0.026077923637580214 103855 103855 0 21520244 21520244 0
2.2999999999999949 0 1 0.84315440202226832 0.0050880454832925555 104184 104184 0 21602760 21602760 0
2.3099999999999947 0 1 2.315667590439801 0.0063804453701356264 104696 104696 0 21661088 21661088 0
2.3199999999999945 0 1 15.361945322431552 0.046190201504360137 105202 105202 0 21774980 21774980 0
2.3299999999999943 0 1 25.14238893995007 0.076809937332502048 106087 106087 0 21931076 21931076 0
2.3399999999999941 0 1 27.041451749829058 0.093999505561994434 107101 107101 0 22124700 22124700 0
2.3499999999999939 0 1 7.3799345555043212 0.022778923249644964 107715 107715 0 22262072 22262072 0
2.3599999999999937 0 1 1.0876361672085952 0.0058569683456967253 108083 108083 0 22303320 22303320 0
2.3699999999999934 0 1 8.3772289511134819 0.031334938046079897 108862 108862 0 22418924 22418924 0
2.3799999999999932 0 1 25.659497286741143 0.10012934622279027 109977 109977 0 22569996 22569996 0
2.389999999999993 0 1 37.993787694596215 0.11290017122078906 110846 110846 0 22819484 22819484 0
2.3999999999999928 0 1 37.487865569713904 0.12152443961994923 111748 111748 0 23044864 23044864 0
2.4099999999999926 0 1 39.016523940440116 0.11453035821018775 113164 113164 0 23312784 23312784 0
2.4199999999999924 0 1 18.508111312129611 0.047504745965999309 113570 113570 0 23478900 23478900 0
2.4299999999999922 0 1 12.996131137463706 0.048402709543494606 114137 114137 0 23609080 23609080 0
2.439999999999992 0 1 9.6287366497464006 0.043502986050204348 114810 114810 0 23713500 23713500 0
2.4499999999999917 0 1 1.4453309322190886 0.007211743399393609 115324 115324 0 23792440 23792440 0
2.4599999999999915 0 1 3.2313443157122612 0.015528572472112477 115851 115851 0 23893220 23893220 0
2.4699999999999913 0 1 50.124369476913877 0.16515042341600858 117107 117107 0 24090284 24090284 0
2.4799999999999911 0 1 9.0833950408218005 0.033736730502243628 117730 117730 0 24258024 24258024 0
2.4899999999999909 0 1 34.065545060756911 0.10626086425569396 118586 118586 0 24438912 24438912 0
2.4999999999999907 0 1 28.233312942379808 0.11307333030514918 119780 119780 0 24683560 24683560 0
2.5099999999999905 0 1 28.364881998146068 0.088309546067002143 120914 120914 0 24913384 24913384 0
2.5199999999999902 0 1 60.713485216070545 0.21841367908570963 121991 121991 0 25168940 25168940 0
2.52999999999999 0 1 13.626220088022059 0.046218172891610995 122837 122831 0 25347612 25346300 0
2.5399999999999898 0 1 46.45243039784993 0.20308676328677933 123828 123828 0 25578608 25578608 0
2.5499999999999896 0 1 27.883857354944357 0.074733902180047981 124719 124719 0 25758176 25758176 0
2.5599999999999894 0 1 65.244314670226416 0.26325612211724475 125838 125838 0 26022452 26022452 0
2.5699999999999892 0 1 9.7942139106878976 0.039782664045341101 126510 126510 0 26156872 26156872 0
2.579999999999989 0 1 14.662370452819353 0.088235555632600549 127365 127365 0 26294144 26294144 0
2.5899999999999888 0 1 22.500792114007186 0.070968812744666557 128061 128061 0 26454340 26454340 0
2.5999999999999885 0 1 2.6648330159365088 0.0084761196042395098 128536 128536 0 26543912 26543912 0
2.6099999999999883 0 1 0.15974400000118635 0.00099840000000741462 128813 128813 0 26580820 26580820 0
2.6199999999999881 0 1 1.1222360109951053 0.0076671715071531775 128984 128984 0 26598960 26598960 0
2.6299999999999879 0 1 6.3770785692644631 0.030880443750903146 129883 129883 0 26764292 26764292 0
2.6399999999999877 0 1 3.1310859594765317 0.013568415373122212 130444 130444 0 26859760 26859760 0
2.6499999999999875 0 1 3.9169153289656702 0.015173316765260448 131090 131090 0 26923344 26923344 0
2.6599999999999873 0 1 18.226481570322971 0.059064122809405907 131961 131961 0 27109812 27109812 0
2.6699999999999871 0 1 34.073101014933741 0.12317619750477334 133028 133028 0 27328144 27328144 0
2.6799999999999868 0 1 53.127467783185509 0.1732046457898965 133987 133987 0 27589860 27589860 0
2.6899999999999866 0 1 24.031157223664735 0.061582113650750149 134729 134729 0 27777060 27777060 0
2.6999999999999864 0 1 7.2246953040005595 0.02631641399815144 135395 135395 0 27921072 27921072 0
2.7099999999999862 0 1 4.8248940872233668 0.013752935190636544 135671 135671 0 27990440 27990440 0
2.719999999999986 0 1 2.3494210121608963 0.0095625446396409956 136166 136166 0 28089612 28089612 0
2.7299999999999858 0 1 9.1386705609373742 0.036910905702525983 137120 137120 0 28218072 28218072 0
2.7399999999999856 0 1 21.999163870882946 0.079417814592598918 138065 138065 0 28419104 28419104 0
2.7499999999999853 0 1 24.457774967484969 0.092625109444990111 139190 139190 0 28634444 28634444 0
2.7599999999999851 0 1 13.534755139529796 0.038099226331134974 139940 139940 0 28808500 28808500 0
2.7699999999999849 0 1 7.9879612024676234 0.024731035195114076 140377 140377 0 28931260 28931260 0
2.7799999999999847 0 1 20.477006191006534 0.060064042947117931 140912 140912 0 29046180 29046180 0
2.7899999999999845 0 1 0.56198719973378308 0.0057696799987018276 141205 141205 0 29071200 29071200 0
2.7999999999999843 0 1 18.35720346118034 0.074084701961886684 142324 142324 0 29261640 29261640 0
2.8099999999999841 0 1 10.039329458027559 0.020824736003888678 142643 142643 0 29356792 29356792 0
2.8199999999999839 0 1 22.231727201186875 0.080697209268622616 143484 143484 0 29496476 29496476 0
2.8299999999999836 0 1 25.580684305353795 0.062489912702813566 144248 144248 0 29665620 29665620 0
2.8399999999999834 0 1 1.9267001919035265 0.01331643556334889 145048 145048 0 29808720 29808720 0
2.8499999999999832 0 1 19.933237543899622 0.10303186178579835 146067 146067 0 30001580 30001580 0
2.859999999999983 0 1 24.328151753791069 0.073430883879856315 146865 146865 0 30194280 30194280 0
2.8699999999999828 0 1 64.769218791081826 0.23046871158172658 148237 148237 0 30451568 30451568 0
2.8799999999999826 0 1 38.245231383233964 0.12737212376565937 149361 149361 0 30693872 30693872 0
2.8899999999999824 0 1 14.728798437794802 0.061623953418445045 150070 150070 0 30864172 30864172 0
2.8999999999999821 0 1 20.435256055333621 0.070064137100402213 150988 150988 0 31059820 31059820 0
2.9099999999999819 0 1 9.1405716127187908 0.029881463009485215 151563 151563 0 31156520 31156520 0
2.9199999999999817 0 1 27.273878017180536 0.082106770348346431 152353 152353 0 31293744 31293744 0
2.9299999999999815 0 1 4.7761769940632659 0.020002037171007885 152944 152944 0 31437976 31437976 0
2.9399999999999813 0 1 32.085474001146935 0.13049662301920784 154159 154158 0 31649876 31649300 0
2.9499999999999811 0 1 24.603856200414491 0.092422213295464156 155238 155238 0 31890320 31890320 0
2.9599999999999809 0 1 18.22164846084554 0.081777938623474683 156223 156223 0 32097272 32097272 0
2.9699999999999807 0 1 0.84756516015309236 0.0044992940010591806 156459 156459 0 32167360 32167360 0
2.9799999999999804 0 1 7.6878022747965824 0.032994454256619211 157446 157446 0 32327120 32327120 0
2.9899999999999802 0 1 22.696646605574905 0.072315044145822446 158255 158254 0 32485552 32485392 0
2.99999999999998 0 1 13.208632786130108 0.035375147333961056 158814 158813 0 32609004 32608844 0
3.0099999999999798 0 1 19.390170578961786 0.070221514671022056 159486 159486 0 32756512 32756512 0
3.0199999999999796 0 1 7.1337412622296723 0.03468769424768222 160171 160171 0 32877184 32877184 0
3.0299999999999794 0 1 16.485694175292128 0.056247665904020173 161079 161079 0 33052608 33052608 0
3.0399999999999792 0 1 108.43508079194334 0.37055052955944034 162811 162811 0 33310760 33310760 0
3.049999999999979 0 1 35.967768241679877 0.10007896764423699 163644 163644 0 33571148 33571148 0
3.0599999999999787 0 1 36.068874509228145 0.0960663280132244 164621 164621 0 33822692 33822692 0
3.0699999999999785 0 1 6.7683518908097202 0.023140843823821693 165120 165120 0 33954232 33954232 0
3.0799999999999783 0 1 58.25663673108803 0.1992604859220968 166674 166674 0 34214280 34214280 0
3.0899999999999781 0 1 61.549394859747579 0.17023384083536905 167407 167407 0 34459420 34459420 0
3.0999999999999779 0 1 41.90939592366388 0.16418769629438573 168480 168480 0 34686920 34686920 0
3.1099999999999777 0 1 94.86610721606759 0.33820619880376601 169545 169545 0 34892772 34892772 0
3.1199999999999775 0 1 54.705654816055571 0.24986861364802415 170928 170928 0 35150988 35150988 0
3.1299999999999772 0 1 22.374802627217726 0.065810966645953053 171654 171654 0 35389212 35389212 0
3.139999999999977 0 1 15.395306717149611 0.047193700792159572 172432 172432 0 35581760 35581760 0
3.1499999999999768 0 1 12.062573235984333 0.052647017000807553 173019 173019 0 35715832 35715832 0
3.1599999999999766 0 1 2.1773790677322791 0.013960889796172125 173726 173726 0 35823040 35823040 0
3.1699999999999764 0 1 34.216630541423342 0.17556365610280997 174862 174862 0 36039852 36039852 0
3.1799999999999762 0 1 34.806912035912625 0.11661653834207612 176067 176067 0 36248004 36248004 0
3.189999999999976 0 1 39.171705635144733 0.095591150106779474 176701 176701 0 36449320 36449320 0
3.1999999999999758 0 1 14.247286438019506 0.047709055562307111 177562 177562 0 36612496 36612496 0
3.2099999999999755 0 1 13.114787195967738 0.053428269477208162 178417 178417 0 36802380 36802380 0
3.2199999999999753 0 1 18.260619876710074 0.047998996395160941 178964 178964 0 36927160 36927160 0
3.2299999999999751 0 1 124.92393045763083 0.37375230278856275 180476 180476 0 37168340 37168340 0
3.2399999999999749 0 1 29.318783106108896 0.13630964685722738 181725 181725 0 37391800 37391800 0
3.2499999999999747 0 1 84.306434953212431 0.30064934428253948 182694 182694 0 37645732 37645732 0
3.2599999999999745 0 1 45.553723604050141 0.14382643373651888 183644 183644 0 37869832 37869832 0
3.2699999999999743 0 1 16.727683914027303 0.055499635040324805 184497 184497 0 38069256 38069256 0
3.279999999999974 0 1 16.937905955196982 0.075404268848579481 185336 185336 0 38274592 38274592 0
3.2899999999999738 0 1 10.150813305387668 0.047660559744101452 185819 185819 0 38419760 38419760 0
3.2999999999999736 0 1 5.9656167270375198 0.021377888594198879 186626 186626 0 38576740 38576740 0
3.3099999999999734 0 1 7.2143366370196675 0.027397101749616098 187146 187146 0 38698040 38698040 0
3.3199999999999732 0 1 29.59684022197645 0.11057554982008236 188094 188094 0 38886348 38886348 0
3.329999999999973 0 1 5.568823438991485 0.020668631822129854 188601 188601 0 39014012 39014012 0
3.3399999999999728 0 1 67.844717837430608 0.20779582264776497 190057 190057 0 39233656 39233656 0
3.3499999999999726 0 1 103.58854378610286 0.32364384656245604 191413 191413 0 39523552 39523552 0
3.3599999999999723 0 1 62.636367613461722 0.18839747310757507 192406 192406 0 39816224 39816224 0
3.3699999999999721 0 1 18.765243093527541 0.054983531291653627 193176 193176 0 40006692 40006692 0
3.3799999999999719 0 1 6.1920467120166736 0.022800698808378914 193658 193658 0 40141020 40141020 0
3.3899999999999717 0 1 3.3480941986533002 0.0088591212406454404 194001 194001 0 40210040 40210040 0
3.3999999999999715 0 1 11.300265013976649 0.053552903650279128 194982 194982 0 40367896 40367896 0
3.4099999999999713 0 1 41.891853874126113 0.15192691440160436 196137 196137 0 40568480 40568480 0
3.4199999999999711 0 1 24.92985204842153 0.12041557105275914 196792 196792 0 40781780 40781780 0
3.4299999999999708 0 1 11.652422540450829 0.043813656635017621 197453 197453 0 40935316 40935316 0
3.4399999999999706 0 1 27.39412247145308 0.083807449213237475 198377 198377 0 41102724 41102724 0
3.4499999999999704 0 1 13.316655278730778 0.034876194598255271 198904 198904 0 41240660 41240660 0
3.4599999999999702 0 1 10.998169636765155 0.070891078875902472 199743 199743 0 41384564 41384564 0
3.46999999999997 0 1 42.436408889011382 0.14755936803325967 200858 200858 0 41608420 41608420 0
3.4799999999999698 0 1 13.171611350229387 0.046301354089185329 201830 201830 0 41768596 41768596 0
3.4899999999999696 0 1 51.421302423200849 0.16002886232242894 202809 202809 0 42002884 42002884 0
3.4999999999999694 0 1 70.342154288214417 0.19557303379356544 203958 203958 0 42242820 42242820 0
3.5099999999999691 0 1 16.591900173568597 0.048494705941682849 204580 204580 0 42417700 42417700 0
3.5199999999999689 0 1 9.4879076088880048 0.032594140362141727 205326 205325 0 42569484 42569324 0
3.5299999999999687 0 1 48.305049744719462 0.1740902389760583 206521 206521 0 42782136 42782136 0
3.5399999999999685 0 1 42.588573730851053 0.19630418865701912 207452 207452 0 42951924 42951924 0
3.5499999999999683 0 1 21.110716218440924 0.073961817412594916 208313 208313 0 43151704 43151704 0
3.5599999999999681 0 1 16.352786691145653 0.040595407365629811 208910 208910 0 43264352 43264352 0
3.5699999999999679 0 1 8.6760936808341143 0.026339292968958213 209397 209397 0 43390480 43390480 0
3.5799999999999677 0 1 10.963426489337159 0.0640849737649343 210392 210391 0 43547432 43546856 0
3.5899999999999674 0 1 36.196346258585585 0.12198789246302948 211270 211270 0 43737568 43737568 0
3.5999999999999672 0 1 19.382976117283647 0.04593928976257642 212005 212005 0 43938800 43938800 0
3.609999999999967 0 1 8.9146216254780821 0.025153587034543717 212443 212443 0 44039520 44039520 0
3.6199999999999668 0 1 9.9330648182894503 0.034934444728574508 213103 213103 0 44129460 44129460 0
3.6299999999999666 0 1 7.3347279745328962 0.025334203967109489 213675 213675 0 44253960 44253960 0
3.6399999999999664 0 1 31.357460100735636 0.088064013388102422 214861 214861 0 44453292 44453292 0
3.6499999999999662 0 1 48.093452227375579 0.14471215326175321 215957 215957 0 44716980 44716980 0
3.6599999999999659 0 1 13.551055811026314 0.035477546039120657 216566 216566 0 44862652 44862652 0
3.6699999999999657 0 1 18.941717273152619 0.075931490861737519 217328 217328 0 45038320 45038320 0
3.6799999999999655 0 1 39.282282848138678 0.18081838341000131 218338 218338 0 45223936 45223936 0
3.6899999999999653 0 1 77.801502776356969 0.32740678840497839 219638 219638 0 45494116 45494116 0
3.6999999999999651 0 1 7.4136276943690209 0.040989397834635163 220354 220354 0 45681912 45681912 0
3.7099999999999649 0 1 4.672011801216513 0.019982735219282049 220956 220956 0 45779440 45779440 0
3.7199999999999647 0 1 4.789119805759614 0.014558496804895382 221418 221418 0 45888992 45888992 0
3.7299999999999645 0 1 1.2706746821207475 0.0061225970754198635 221926 221926 0 45994640 45994640 0
3.7399999999999642 0 1 17.768682296071272 0.041989580708846404 222644 222644 0 46138860 46138860 0
3.749999999999964 0 1 0.053248000000395451 0.00033280000000247156 222810 222810 0 46162700 46162700 0
3.7599999999999638 0 1 10.625975766404366 0.034769558062875593 223570 223570 0 46320952 46320952 0
3.7699999999999636 0 1 22.863986015140146 0.064496403571069602 224713 224713 0 46515556 46515556 0
3.7799999999999634 0 1 48.844770187155518 0.16720137684278846 225984 225984 0 46784924 46784924 0
3.7899999999999632 0 1 18.23187966683285 0.044292291975668141 226447 226447 0 46952880 46952880 0
3.799999999999963 0 1 1.5741983595481182 0.0066506460727923404 226838 226838 0 47039920 47039920 0
3.8099999999999627 0 1 3.2451756041267625 0.018176528143732218 227357 227357 0 47097504 47097504 0
3.8199999999999625 0 1 1.9020642894413038 0.016230374578629983 227770 227770 0 47172800 47172800 0
3.8299999999999623 0 1 3.3731236362613268 0.0085602828009180999 228204 228204 0 47220592 47220592 0
3.8399999999999621 0 1 32.756726548877587 0.083844471633566911 228870 228870 0 47390800 47390800 0
3.8499999999999619 0 1 30.778209670292203 0.10610590018789394 229573 229573 0 47501620 47501620 0
3.8599999999999617 0 1 0.041000595747854071 0.00031571854104406999 230002 230002 0 47546080 47546080 0
3.8699999999999615 0 1 0.72333199968356732 0.0064832999981946629 230242 230242 0 47567680 47567680 0
3.8799999999999613 0 1 9.1965221820619014 0.049136351008184302 231137 231137 0 47717952 47717952 0
3.889999999999961 0 1 27.628684191412013 0.075720552190895962 231894 231894 0 47904712 47904712 0
3.8999999999999608 0 1 26.778767449310198 0.094251469070185459 233067 233066 0 48110032 48109992 0
3.9099999999999606 0 1 26.708530454576476 0.084461313316454706 233857 233857 0 48323040 48323040 0
3.9199999999999604 0 1 9.8860630702466761 0.023533921393692984 234362 234362 0 48431560 48431560 0
3.9299999999999602 0 1 8.2172703539189467 0.030731336710988034 234913 234913 0 48548820 48548820 0
3.93999999999996 0 1 2.8624716085325628 0.0082068982091067586 235317 235317 0 48636060 48636060 0
3.9499999999999598 0 1 4.0231511434611429 0.020984832699877835 235929 235929 0 48746760 48746760 0
3.9599999999999596 0 1 1.3909912484367424 0.0085054931394880785 236217 236217 0 48794680 48794680 0
3.9699999999999593 0 1 2.9368660005860208 0.0068185979996028614 236660 236660 0 48859952 48859952 0
3.9799999999999591 0 1 7.1340367784148837 0.03215854897007444 237209 237209 0 48989960 48989960 0
3.9899999999999589 0 1 23.919000790908363 0.075355806798517666 238264 238264 0 49171264 49171264 0
3.9999999999999587 0 1 63.618664660329685 0.27695114451221114 239058 239058 0 49386520 49386520 0
4.0099999999999589 0 1 9.817768201997751 0.043886158074534318 239718 239718 0 49510392 49510392 0
4.0199999999999587 0 1 15.834907393839242 0.046458206570322173 240231 240231 0 49652012 49652012 0
4.0299999999999585 0 1 7.8423688341283331 0.019894201507142807 240897 240897 0 49766632 49766632 0
4.0399999999999583 0 1 7.951686457550081 0.030804634552695321 241551 241551 0 49907340 49907340 0
4.0499999999999581 0 1 9.7101952296052421 0.029280365747653206 242123 242123 0 50034320 50034320 0
4.0599999999999579 0 1 0.39903497542504734 0.0020797191617738962 242371 242371 0 50080840 50080840 0
4.0699999999999577 0 1 0.0 0.0 242651 242651 0 50106040 50106040 0
4.0799999999999574 0 1 21.743896894709742 0.096528047327206601 243614 243611 0 50246392 50245200 0
4.0899999999999572 0 1 27.893309158780493 0.099558809465085565 244520 244520 0 50450980 50450980 0
4.099999999999957 0 1 20.198611088770665 0.07680265989922383 245214 245214 0 50643660 50643660 0
4.1099999999999568 0 1 0.83772098860068323 0.0072119341945510599 245470 245470 0 50704800 50704800 0
4.1199999999999566 0 1 0.0 0.0 245630 245630 0 50719200 50719200 0
4.1299999999999564 0 1 6.2461403890222922 0.022102509871402748 246070 246070 0 50796400 50796400 0
4.1399999999999562 0 1 60.009798019762286 0.18547691771209468 247313 247313 0 51003720 51003720 0
4.1499999999999559 0 1 21.883537416200237 0.10196355306764322 248355 248355 0 51226972 51226972 0
4.1599999999999557 0 1 37.926921652121337 0.10367663853356966 249189 249189 0 51436240 51436240 0
4.1699999999999555 0 1 8.043442549394614 0.038229533349732593 249864 249864 0 51571160 51571160 0
4.1799999999999553 0 1 1.0505384134521958 0.0036231158336620045 250234 250234 0 51630412 51630412 0
4.1899999999999551 0 1 3.4997416153953544 0.0091893808309430908 250712 250712 0 51704352 51704352 0
4.1999999999999549 0 1 9.0307197309576068 0.028495804627937712 251223 251223 0 51801032 51801032 0
4.2099999999999547 0 1 6.9208405122500292 0.021474642777797218 251687 251687 0 51904244 51904244 0
4.2199999999999545 0 1 8.8739212420803177 0.031889445454336821 252554 252554 0 52061276 52061276 0
4.2299999999999542 0 1 24.670830705752238 0.10187267081525281 253381 253381 0 52239240 52239240 0
4.239999999999954 0 1 6.2585502665816417 0.022807204936370826 254116 254116 0 52391664 52391664 0
4.2499999999999538 0 1 7.6145816149528605 0.025688456408890496 254743 254743 0 52512492 52512492 0
4.2599999999999536 0 1 10.959702569212361 0.057955413832467953 255310 255310 0 52618000 52618000 0
4.2699999999999534 0 1 0.0 0.0 255476 255476 0 52635440 52635440 0
4.2799999999999532 0 1 3.4517528014753678 0.013129569146564104 256160 256160 0 52751432 52751432 0
4.289999999999953 0 1 15.213671637451368 0.043106876245425446 257197 257197 0 52922952 52922952 0
4.2999999999999527 0 1 9.4222176909879227 0.032159889750805325 258113 258113 0 53110460 53110460 0
4.3099999999999525 0 1 14.112163365243847 0.037230094141805462 258659 258659 0 53266520 53266520 0
4.3199999999999523 0 1 13.312771069715907 0.033853375530413399 259200 259200 0 53391760 53391760 0
4.3299999999999521 0 1 31.068260407808118 0.10414535303038486 260019 260019 0 53573460 53573460 0
4.3399999999999519 0 1 17.699119262633566 0.078181293120584416 260933 260933 0 53781780 53781780 0
4.3499999999999517 0 1 10.813208827542784 0.039093820645509092 261774 261774 0 53981040 53981040 0
4.3599999999999515 0 1 20.995622552292041 0.057309489696867444 262585 262585 0 54146944 54146944 0
4.3699999999999513 0 1 20.790918675475911 0.053651098761698969 263510 263510 0 54330300 54330300 0
4.379999999999951 0 1 50.990676342983242 0.18172358598551985 264925 264925 0 54593488 54593488 0
4.3899999999999508 0 1 11.287506669322296 0.029366093243510874 265334 265334 0 54715260 54715260 0
4.3999999999999506 0 1 0.90703179259714317 0.004546912803871192 265594 265594 0 54785160 54785160 0
4.4099999999999504 0 1 10.925674883354352 0.042987549322949042 266377 266377 0 54926452 54926452 0
4.4199999999999502 0 1 19.411528379529543 0.075310778879613072 267133 267133 0 55075992 55075992 0
4.42999999999995 0 1 6.8172899382653931 0.035310948417333815 267680 267680 0 55198744 55198744 0
4.4399999999999498 0 1 31.461072536793427 0.099453544937235697 268958 268957 0 55458936 55458776 0
4.4499999999999496 0 1 41.061437919571183 0.12799828618135495 270280 270280 0 55723804 55723804 0
4.4599999999999493 0 1 38.22923082034368 0.11581392863347054 271264 271264 0 55979320 55979320 0
4.4699999999999491 0 1 24.325521608174036 0.10785471660472953 272286 272286 0 56197692 56197692 0
4.4799999999999489 0 1 13.027663334327066 0.046674194537655748 273041 273041 0 56362912 56362912 0
4.4899999999999487 0 1 6.7171503415229248 0.031284907464624423 273527 273527 0 56454232 56454232 0
4.4999999999999485 0 1 6.7485837647010545 0.021411669218185839 274342 274342 0 56618380 56618380 0
4.5099999999999483 0 1 14.122442196815699 0.047365294549895812 275276 275276 0 56781656 56781656 0
4.5199999999999481 0 1 91.603362055903219 0.30932599147162726 276610 276610 0 57040344 57040344 0
4.5299999999999478 0 1 64.734272773350511 0.26893798882215453 277919 277919 0 57310712 57310712 0
4.5399999999999476 0 1 40.619301771131845 0.16907223622997597 278965 278965 0 57557172 57557172 0
4.5499999999999474 0 1 10.423847200108094 0.032905996726118748 279540 279540 0 57707044 57707044 0
4.5599999999999472 0 1 16.113701244369228 0.046684617657445242 280131 280131 0 57863812 57863812 0
4.569999999999947 0 1 5.7419212359343224 0.021097316799334916 280845 280845 0 57995044 57995044 0
4.5799999999999468 0 1 4.0966044119934413 0.011263156929608682 281183 281183 0 58085420 58085420 0
4.5899999999999466 0 1 4.8676239214459445 0.010808980002874566 281558 281558 0 58158492 58158492 0
4.5999999999999464 0 1 4.5998114388461442 0.016049213951774621 282062 282062 0 58261380 58261380 0
4.6099999999999461 0 1 50.987870461014872 0.17318323486863832 283345 283345 0 58476344 58476344 0
4.6199999999999459 0 1 26.778977117340336 0.098611281184093222 284188 284188 0 58666172 58666172 0
4.6299999999999457 0 1 26.014123107609976 0.091295426165418359 284899 284899 0 58837860 58837860 0
4.6399999999999455 0 1 7.2493318725990843 0.026455049252583362 285550 285550 0 58974700 58974700 0
4.6499999999999453 0 1 0.28032533660216674 0.0015004180018430055 286179 286179 0 59046960 59046960 0
4.6599999999999451 0 1 1.3616340265265883 0.0051209707672584797 286617 286617 0 59138652 59138652 0
4.6699999999999449 0 1 20.842991993220483 0.054318574189516959 287387 287387 0 59303240 59303240 0
4.6799999999999446 0 1 7.0209527155002229 0.01570778680362073 287765 287765 0 59384144 59384144 0
4.6899999999999444 0 1 6.3722031096984404 0.016022624015299754 288264 288264 0 59462560 59462560 0
4.6999999999999442 0 1 11.116474184218342 0.027494787856774981 288940 288940 0 59632480 59632480 0
4.709999999999944 0 1 4.0864466255926306 0.011139250794123494 289434 289434 0 59734960 59734960 0
4.7199999999999438 0 1 10.668546388100225 0.028244634169195031 290190 290190 0 59870868 59870868 0
4.7299999999999436 0 1 7.5072528653711323 0.026905271232458578 290811 290811 0 59988040 59988040 0
4.7399999999999434 0 1 0.48508450150316273 0.0023335272354430502 291254 291254 0 60066512 60066512 0
4.7499999999999432 0 1 5.1317727504980963 0.011699510200724711 291662 291662 0 60154252 60154252 0
4.7599999999999429 0 1 1.0030355994224962 0.0033240456189354713 292096 292096 0 60228412 60228412 0
4.7699999999999427 0 1 34.725877562134883 0.10952947606082353 292997 292997 0 60409624 60409624 0
4.7799999999999425 0 1 32.483233349456576 0.08683191523504348 293773 293773 0 60594652 60594652 0
4.7899999999999423 0 1 8.5165454571706469 0.029155497947464592 294421 294421 0 60733684 60733684 0
4.7999999999999421 0 1 8.9501805270275749 0.046465046614497678 295137 295137 0 60871360 60871360 0
4.8099999999999419 0 1 0.39932440016841891 0.0022182600011078552 295586 295586 0 60948512 60948512 0
4.8199999999999417 0 1 36.65582660033138 0.09216096588336084 296351 296351 0 61124640 61124640 0
4.8299999999999415 0 1 3.9926955217862456 0.023773615178158077 296838 296838 0 61221600 61221600 0
4.8399999999999412 0 1 2.2060893136270936 0.0080874333669990802 297261 297261 0 61302840 61302840 0
4.849999999999941 0 1 5.7861818434127867 0.020253957739502657 298055 298055 0 61441708 61441708 0
4.8599999999999408 0 1 0.42567660272397684 0.002696478767028112 298251 298251 0 61486040 61486040 0
4.8699999999999406 0 1 22.62423107054174 0.082758536883977371 299227 299227 0 61635504 61635504 0
4.8799999999999404 0 1 7.4011803787134927 0.025531221185382525 299948 299948 0 61786220 61786220 0
4.8899999999999402 0 1 11.67704909628096 0.043379937117738833 300778 300778 0 61931344 61931344 0
4.89999999999994 0 1 13.346033081446791 0.049571679487670994 301452 301452 0 62111432 62111432 0
4.9099999999999397 0 1 2.6035175354551243 0.0081445247436031168 301913 301913 0 62160424 62160424 0
4.9199999999999395 0 1 13.25347396596605 0.029363846759178983 302507 302507 0 62287180 62287180 0
4.9299999999999393 0 1 20.539656144542999 0.060256809907778437 303278 303278 0 62465872 62465872 0
4.9399999999999391 0 1 0.33254400001681717 0.0019008000000653575 303589 303589 0 62521060 62521060 0
4.9499999999999389 0 1 0.25833664405894846 0.0016922559336052605 303889 303889 0 62553560 62553560 0
4.9599999999999387 0 1 13.031995259398521 0.059754133007051846 304478 304478 0 62660820 62660820 0
4.9699999999999385 0 1 39.162534354351074 0.087059121597922923 305274 305274 0 62837740 62837740 0
4.9799999999999383 0 1 3.0571863903447336 0.014754247463866535 306090 306090 0 62956544 62956544 0
4.989999999999938 0 1 16.469478548713209 0.037228335632822587 306553 306553 0 63089320 63089320 0
4.9999999999999378 0 1 4.9255107064781694 0.01617998587715198 307102 307102 0 63204680 63204680 0
5.0099999999999376 0 1 5.6016804852576509 0.024341571608133515 307647 307647 0 63303580 63303580 0
5.0199999999999374 0 1 0.27329480008938006 0.0011594200004516855 308004 308004 0 63350740 63350740 0
5.0299999999999372 0 1 1.4082922576218537 0.013361243728749202 308626 308626 0 63447640 63447640 0
5.039999999999937 0 1 4.7803038463532088 0.013981866873536163 309084 309084 0 63527360 63527360 0
5.0499999999999368 0 1 4.3802259760902951 0.02054101071653535 309775 309775 0 63680800 63680800 0
5.0599999999999365 0 1 2.6597263233722259 0.0054914177030519545 310141 310141 0 63723420 63723420 0
5.0699999999999363 0 1 4.2165022571496467 0.016740801182191591 310538 310538 0 63821292 63821292 0
5.0799999999999361 0 1 7.3738240884503776 0.017176213334302672 310983 310983 0 63915720 63915720 0
5.0899999999999359 0 1 21.323727261097957 0.048163300588567243 311758 311758 0 64053692 64053692 0
5.0999999999999357 0 1 11.264222106646811 0.046371469670792739 312818 312818 0 64231264 64231264 0
5.1099999999999355 0 1 13.590529707900535 0.047630450978531816 313670 313670 0 64424152 64424152 0
5.1199999999999353 0 1 56.895572067129557 0.19189866005487186 314897 314897 0 64670864 64670864 0
5.1299999999999351 0 1 43.741573142977195 0.17507432436918807 316266 316266 0 64953484 64953484 0
5.1399999999999348 0 1 27.228872507688219 0.082969091711506224 317085 317085 0 65152160 65152160 0
5.1499999999999346 0 1 18.291987286201596 0.073030686895238395 318271 318270 0 65362208 65361632 0
5.1599999999999344 0 1 22.699286740373154 0.075337783981323458 319148 319148 0 65586500 65586500 0
5.1699999999999342 0 1 14.670103637613209 0.04096452543107619 319937 319937 0 65751040 65751040 0
5.179999999999934 0 1 31.313472862562321 0.153094262417589 321245 321245 0 65978652 65978652 0
5.1899999999999338 0 1 18.661590684453031 0.059181292383049408 322000 322000 0 66190624 66190624 0
5.1999999999999336 0 1 24.115719027599685 0.091754944765567184 322938 322938 0 66396680 66396680 0
5.2099999999999334 0 1 55.307296464099068 0.19639357022463308 324248 324248 0 66690520 66690520 0
5.2199999999999331 0 1 5.8386489309154932 0.018672574070244651 324759 324759 0 66791216 66791216 0
5.2299999999999329 0 1 20.885627739668511 0.068114605673665132 325697 325697 0 66980460 66980460 0
5.2399999999999327 0 1 15.47050633339315 0.055490810233572788 326399 326399 0 67157540 67157540 0
5.2499999999999325 0 1 17.990213377057913 0.084402844978461317 327311 327311 0 67322840 67322840 0
5.2599999999999323 0 1 49.738250884989192 0.17206752396150915 328581 328581 0 67550988 67550988 0
5.2699999999999321 0 1 54.667868670063157 0.19409218206974246 329959 329959 0 67796684 67796684 0
5.2799999999999319 0 1 44.768333400867874 0.15034861437044675 331098 331098 0 68074952 68074952 0
5.2899999999999316 0 1 40.705163062829698 0.16173452460011351 332385 332385 0 68375052 68375052 0
5.2999999999999314 0 1 42.889309066931808 0.14036175618974711 333576 333576 0 68615396 68615396 0
5.3099999999999312 0 1 26.440525429495164 0.081455177306557006 334252 334252 0 68818624 68818624 0
5.319999999999931 0 1 41.146770494837689 0.14211480901958087 335341 335341 0 69047616 69047616 0
5.3299999999999308 0 1 40.222182054253047 0.11941669469850678 336265 336265 0 69301944 69301944 0
5.3399999999999306 0 1 6.1593344301671387 0.017458066580023173 336635 336635 0 69427900 69427900 0
5.3499999999999304 0 1 5.9232317717805056 0.023069562881695087 337152 337152 0 69515168 69515168 0
5.3599999999999302 0 1 9.5939316060414992 0.027798071633001225 337745 337745 0 69637100 69637100 0
5.3699999999999299 0 1 45.555178432729001 0.15821567408034537 338851 338851 0 69831568 69831568 0
5.3799999999999297 0 1 29.018321364480478 0.06980056437413544 339510 339510 0 70000800 70000800 0
5.3899999999999295 0 1 26.325594113705215 0.086423304589990549 340667 340667 0 70215688 70215688 0
5.3999999999999293 0 1 16.338509664901572 0.044440700316440269 341206 341206 0 70355128 70355128 0
5.4099999999999291 0 1 0.85835754463376601 0.002646816218554505 341714 341714 0 70415712 70415712 0
5.4199999999999289 0 1 13.479941515304294 0.043217443082533648 342501 342501 0 70581320 70581320 0
5.4299999999999287 0 1 1.109355458242002 0.011358497578761971 342917 342917 0 70659380 70659380 0
5.4399999999999284 0 1 8.8337151814782295 0.028034684541911645 343440 343440 0 70763600 70763600 0
5.4499999999999282 0 1 8.24012947715058 0.026107682277576871 344313 344313 0 70892136 70892136 0
5.459999999999928 0 1 31.241990722834199 0.095377808381959903 345254 345254 0 71107340 71107340 0
5.4699999999999278 0 1 12.081512752053216 0.038573821443766684 345950 345950 0 71236580 71236580 0
5.4799999999999276 0 1 11.831384170389367 0.045468662519888431 346940 346940 0 71394412 71394412 0
5.4899999999999274 0 1 29.755821200858815 0.12576541940934319 348224 348224 0 71624056 71624056 0
5.4999999999999272 0 1 29.950265643657943 0.10141840344006997 349298 349298 0 71846872 71846872 0
5.509999999999927 0 1 17.041438844962549 0.067564147433520128 350380 350380 0 72079344 72079344 0
5.5199999999999267 0 1 7.0845762886568142 0.027091395147938478 351070 351070 0 72207472 72207472 0
5.5299999999999265 0 1 24.845626255013716 0.067288947592204815 351839 351839 0 72373656 72373656 0
5.5399999999999263 0 1 15.983965590747204 0.060275221200446656 352641 352641 0 72533712 72533712 0
5.5499999999999261 0 1 13.069928326964154 0.046787304174867761 353270 353270 0 72669300 72669300 0
5.5599999999999259 0 1 10.375263505356935 0.022630879977381595 353616 353616 0 72734940 72734940 0
5.5699999999999257 0 1 12.199703390449816 0.045539657372907077 354540 354540 0 72909740 72909740 0
5.5799999999999255 0 1 12.832286007425527 0.057050632217682355 355492 355492 0 73087944 73087944 0
5.5899999999999253 0 1 12.305499156402441 0.033195869878533554 355937 355937 0 73209380 73209380 0
5.599999999999925 0 1 0.46668068136136326 0.003290462009708576 356258 356258 0 73251320 73251320 0
5.6099999999999248 0 1 2.6506647751639032 0.0087381414128453096 356682 356682 0 73303152 73303152 0
5.6199999999999246 0 1 14.732465000868403 0.035837348054546733 357421 357421 0 73454140 73454140 0
5.6299999999999244 0 1 27.635343588433393 0.084087642056564618 358307 358307 0 73594252 73594252 0
5.6399999999999242 0 1 22.416560580563548 0.084938841654482317 359153 359153 0 73819920 73819920 0
5.649999999999924 0 1 13.554395652455332 0.051595383284298572 359883 359883 0 73976100 73976100 0
5.6599999999999238 0 1 14.324221205832849 0.046289830565538911 360873 360873 0 74163472 74163472 0
5.6699999999999235 0 1 22.133296440330003 0.059452387624859986 361774 361774 0 74334832 74334832 0
5.6799999999999233 0 1 21.503691792420302 0.06218602733199096 362507 362507 0 74505052 74505052 0
5.6899999999999231 0 1 22.514994322614381 0.062500023926405301 363368 363368 0 74691652 74691652 0
5.6999999999999229 0 1 22.163462664752249 0.086597641963239338 364281 364281 0 74877240 74877240 0
5.7099999999999227 0 1 37.795015679459802 0.12652392846073382 365621 365619 0 75102524 75102444 0
5.7199999999999225 0 1 88.943343455339743 0.27260855586162563 366985 366985 0 75401844 75401844 0
5.7299999999999223 0 1 29.426597595799738 0.10452309060698052 367929 367929 0 75620532 75620532 0
5.7399999999999221 0 1 56.335466913543321 0.15187081743066924 368981 368981 0 75894492 75894492 0
5.7499999999999218 0 1 12.851946759737761 0.060541172325835516 370231 370231 0 76094508 76094508 0
5.7599999999999216 0 1 27.843080726946805 0.081688742650511473 371063 371063 0 76343064 76343064 0
5.7699999999999214 0 1 14.26970793725028 0.037661263092837155 371853 371853 0 76540888 76540888 0
5.7799999999999212 0 1 26.616955798246735 0.089903401275483713 372683 372683 0 76714092 76714092 0
5.789999999999921 0 1 6.0925095897311952 0.02506971863347527 373114 373114 0 76819160 76819160 0
5.7999999999999208 0 1 25.184916617650014 0.060388260163969545 373816 373816 0 76961788 76961788 0
5.8099999999999206 0 1 13.176557827364658 0.04368210770895424 374474 374474 0 77100860 77100860 0
5.8199999999999203 0 1 96.157076649846033 0.19848771780335706 375568 375568 0 77302068 77302068 0
5.8299999999999201 0 1 5.2632850474656276 0.020029476972638776 376062 376062 0 77433980 77433980 0
5.8399999999999199 0 1 3.8481058541397428 0.02064458320498774 376809 376809 0 77545360 77545360 0
5.8499999999999197 0 1 12.685829855839174 0.033379355980312657 377519 377519 0 77703540 77703540 0
5.8599999999999195 0 1 6.9730416215092168 0.022382994292247584 378267 378267 0 77863176 77863176 0
5.8699999999999193 0 1 5.2824157167920012 0.019384804626377119 378993 378993 0 77982820 77982820 0
5.8799999999999191 0 1 14.453069407313942 0.041145782229180292 379788 379788 0 78158292 78158292 0
5.8899999999999189 0 1 2.397902238698586 0.013177065404779423 380186 380186 0 78245712 78245712 0
5.8999999999999186 0 1 70.046608550356098 0.31419056258964023 381430 381430 0 78485280 78485280 0
5.9099999999999184 0 1 7.0412808885512215 0.029339895021252629 382137 382137 0 78623552 78623552 0
5.9199999999999182 0 1 6.9728276386056427 0.021961410290228158 382494 382494 0 78683420 78683420 0
5.929999999999918 0 1 19.49273102821542 0.05409798404381165 383380 383380 0 78860744 78860744 0
5.9399999999999178 0 1 3.1008020230626649 0.0079970032914823998 383690 383690 0 78948452 78948452 0
5.9499999999999176 0 1 11.51045788037084 0.029475352908381953 384422 384422 0 79093052 79093052 0
5.9599999999999174 0 1 14.897425689666795 0.053843547751598643 385134 385134 0 79241248 79241248 0
5.9699999999999172 0 1 34.131481251518295 0.11983745112163191 386402 386402 0 79473832 79473832 0
5.9799999999999169 0 1 17.13611356096899 0.059385470252772007 387370 387370 0 79694844 79694844 0
5.9899999999999167 0 1 34.096448343365196 0.12187799598733211 388452 388452 0 79913780 79913780 0
5.9999999999999165 0 1 43.850126017186369 0.12572645560125209 389373 389373 0 80152844 80152844 0
6.0099999999999163 0 1 31.755967134080233 0.10146589303934522 390381 390381 0 80366612 80366612 0
6.0199999999999161 0 1 6.7597965381077092 0.022121024457000732 390963 390963 0 80512292 80512292 0
6.0299999999999159 0 1 2.8204548540778407 0.011126511108905628 391403 391403 0 80590620 80590620 0
6.0399999999999157 0 1 10.781726974791058 0.049266578261432041 392185 392185 0 80740352 80740352 0
6.0499999999999154 0 1 7.3191385969147547 0.024797781363350951 392823 392823 0 80863636 80863636 0
6.0599999999999152 0 1 26.535057390499471 0.070993548584931523 393607 393607 0 81049424 81049424 0
6.069999999999915 0 1 15.592037367945343 0.043852632482988922 394156 394156 0 81170940 81170940 0
6.0799999999999148 0 1 6.3633139938127607 0.022010458807919988 394733 394733 0 81278700 81278700 0
6.0899999999999146 0 1 2.8294380174302241 0.010683976263337286 395201 395201 0 81366440 81366440 0
6.0999999999999144 0 1 0.1064960000007909 0.00066560000000494312 395431 395431 0 81395240 81395240 0
6.1099999999999142 0 1 12.928867798948138 0.032073169370151054 396044 396044 0 81499232 81499232 0
6.119999999999914 0 1 1.9903587163835537 0.0076593588667963029 396348 396348 0 81563920 81563920 0
6.1299999999999137 0 1 12.069687914920992 0.034552764326712573 397188 397187 0 81697152 81696576 0
6.1399999999999135 0 1 9.6672602306439543 0.028364061114594712 397840 397840 0 81854400 81854400 0
6.1499999999999133 0 1 21.074315181256601 0.062553417560985647 398714 398714 0 82011832 82011832 0
6.1599999999999131 0 1 23.047779716773455 0.077680979517593104 399642 399642 0 82215708 82215708 0
6.1699999999999129 0 1 23.182201793599827 0.0662601354014761 400551 400551 0 82412912 82412912 0
6.1799999999999127 0 1 82.807369586270227 0.19916399089217476 401805 401805 0 82666004 82666004 0
6.1899999999999125 0 1 21.359496376508346 0.071476726505893956 402677 402677 0 82902192 82902192 0
6.1999999999999122 0 1 12.0503918349839 0.034904652819190606 403463 403463 0 83074820 83074820 0
6.209999999999912 0 1 14.556160422758024 0.042224789194645687 404158 404158 0 83218892 83218892 0
6.2199999999999118 0 1 3.0640798393037669 0.02465656935228874 404620 404620 0 83291672 83291672 0
6.2299999999999116 0 1 12.198409645081558 0.05888100204316641 405601 405601 0 83482948 83482948 0
6.2399999999999114 0 1 13.916407995925736 0.054545276569496537 406595 406595 0 83638072 83638072 0
6.2499999999999112 0 1 94.539562146683906 0.26416723099363387 407439 407439 0 83852868 83852868 0
6.259999999999911 0 1 13.927254352663295 0.050827191748138406 408124 408124 0 84013160 84013160 0
6.2699999999999108 0 1 72.893582841635535 0.22307791491531978 409277 409269 0 84264312 84260120 0
6.2799999999999105 0 1 44.122886541527834 0.12320703844706223 410533 410533 0 84510652 84510652 0
6.2899999999999103 0 1 34.381662700119286 0.11085433400648506 411440 411440 0 84737116 84737116 0
6.2999999999999101 0 1 35.363654100342899 0.098269500871241852 412461 412461 0 84951668 84951668 0
6.3099999999999099 0 1 68.062066276639072 0.16893606198955885 413508 413508 0 85246180 85246180 0
6.3199999999999097 0 1 134.93583224832659 0.44240090600259185 415147 415147 0 85507652 85507652 0
6.3299999999999095 0 1 92.339900601811763 0.32224226776565579 416273 416273 0 85773420 85773420 0
6.3399999999999093 0 1 38.610778857667796 0.12058530051702022 417187 417187 0 86003952 86003952 0
6.3499999999999091 0 1 13.282981773083618 0.038942263675157684 417819 417819 0 86194504 86194504 0
6.3599999999999088 0 1 29.812305147202448 0.10332401136805779 418813 418813 0 86407600 86407600 0
6.3699999999999086 0 1 12.165917377457706 0.080483158782309105 419561 419561 0 86547856 86547856 0
6.3799999999999084 0 1 12.035155664092557 0.037756205166151441 420132 420132 0 86691580 86691580 0
6.3899999999999082 0 1 26.469219564948641 0.093490312238488693 421185 421185 0 86899844 86899844 0
6.399999999999908 0 1 11.108768540987294 0.052212005355835034 422211 422211 0 87078940 87078940 0
6.4099999999999078 0 1 15.899136492293293 0.045994938066940973 422953 422953 0 87272200 87272200 0
6.4199999999999076 0 1 13.374791803044346 0.039208197885454987 423771 423771 0 87461140 87461140 0
6.4299999999999073 0 1 5.3741746119557101 0.02510526193608751 424666 424666 0 87612192 87612192 0
6.4399999999999071 0 1 4.731609522600623 0.02310029875314306 425248 425248 0 87737992 87737992 0
6.4499999999999069 0 1 27.511495985367649 0.11156247919084332 426385 426385 0 87953296 87953296 0
6.4599999999999067 0 1 39.427640160868322 0.10750591380581882 427374 427370 0 88201764 88200968 0
6.4699999999999065 0 1 15.744794238385376 0.046319766489589673 428256 428256 0 88387156 88387156 0
6.4799999999999063 0 1 34.489479440943448 0.13277554417232834 429081 429081 0 88577840 88577840 0
6.4899999999999061 0 1 0.2438434560261323 0.0013623104001326005 429237 429237 0 88611180 88611180 0
6.4999999999999059 0 1 8.0756049147078404 0.01687636488680902 429769 429769 0 88703960 88703960 0
6.5099999999999056 0 1 0.053248000000395451 0.00033280000000247156 429980 429980 0 88725700 88725700 0
6.5199999999999054 0 1 33.340752143050878 0.099358066101642342 430891 430891 0 88903612 88903612 0
6.5299999999999052 0 1 5.0021178815496015 0.02663230986170774 431547 431547 0 89014332 89014332 0
6.539999999999905 0 1 8.6873069483976622 0.031398025622931369 432283 432283 0 89178392 89178392 0
6.5499999999999048 0 1 5.2265824230042002 0.017162218360056523 432854 432854 0 89318360 89318360 0
6.5599999999999046 0 1 14.33806602830105 0.041083107956919371 433557 433557 0 89441576 89441576 0
6.5699999999999044 0 1 19.445589200371376 0.062848739988831351 434353 434353 0 89637388 89637388 0
6.5799999999999041 0 1 16.008756024097423 0.040986046939651452 435058 435058 0 89794372 89794372 0
6.5899999999999039 0 1 7.3417963461965172 0.034154893819949468 435800 435800 0 89948772 89948772 0
6.5999999999999037 0 1 2.4616939854585764 0.014398011768524151 436365 436365 0 90031700 90031700 0
6.6099999999999035 0 1 0.053248000000395451 0.00033280000000247156 436530 436530 0 90053200 90053200 0
6.6199999999999033 0 1 5.2832100728484894 0.015667751957515796 436968 436968 0 90132500 90132500 0
6.6299999999999031 0 1 29.628055367861982 0.08927356639532226 438022 438022 0 90355260 90355260 0
6.6399999999999029 0 1 0.87204765872607914 0.0073099914673415041 438239 438239 0 90417260 90417260 0
6.6499999999999027 0 1 11.150427075955232 0.029497720180771753 438979 438979 0 90563232 90563232 0
6.6599999999999024 0 1 3.2582627893934539 0.021792961191736036 439597 439597 0 90671880 90671880 0
6.6699999999999022 0 1 25.268374743440532 0.073981393643941989 440583 440583 0 90861464 90861464 0
6.679999999999902 0 1 5.9633274095145898 0.018802920136274229 441262 441261 0 90958932 90958892 0
6.6899999999999018 0 1 2.0518784570626716 0.015336663306087288 441786 441786 0 91063812 91063812 0
6.6999999999999016 0 1 4.0816023014436968 0.021331051028994807 442258 442258 0 91146820 91146820 0
6.7099999999999014 0 1 9.667442755416495 0.03196440449286865 442823 442823 0 91255120 91255120 0
6.7199999999999012 0 1 24.617845818745636 0.078434480181678867 443658 443658 0 91432064 91432064 0
6.729999999999901 0 1 55.781245730574845 0.20242657789069515 444811 444811 0 91669740 91669740 0
6.7399999999999007 0 1 10.683187317342885 0.053117456641428328 445460 445460 0 91821300 91821300 0
6.7499999999999005 0 1 39.825256491383733 0.17706938850885856 446837 446837 0 92086448 92086448 0
6.7599999999999003 0 1 20.579352498777663 0.070497285267469401 447800 447800 0 92284824 92284824 0
6.7699999999999001 0 1 16.226850454262721 0.048957319220478343 448600 448600 0 92486772 92486772 0
6.7799999999998999 0 1 7.9785033326123331 0.030178047807450457 449265 449265 0 92656100 92656100 0
6.7899999999998997 0 1 3.6393380690189825 0.012161633060969993 449852 449852 0 92767580 92767580 0
6.7999999999998995 0 1 32.767214557790311 0.11452540962189306 450926 450926 0 92986200 92986200 0
6.8099999999998992 0 1 40.910153155680881 0.16940768933589118 452054 452054 0 93189360 93189360 0
6.819999999999899 0 1 15.417385202199059 0.052818302341962622 452845 452845 0 93352808 93352808 0
6.8299999999998988 0 1 35.093770698042484 0.14353695122322513 453919 453919 0 93620732 93620732 0
6.8399999999998986 0 1 23.33125692130956 0.088118733727517648 455049 455049 