0 0 1 0 0 0 0 0 0 0 0
0.01 0 1 0.0 0.0 0 0 0 0 0 0
0.02 0 1 0.0 0.0 0 0 0 0 0 0
0.029999999999999999 0 1 0.0 0.0 0 0 0 0 0 0
0.040000000000000001 0 1 0.0 0.0 0 0 0 0 0 0
0.050000000000000003 0 1 0.0 0.0 0 0 0 0 0 0
0.060000000000000005 0 1 0.0 0.0 0 0 0 0 0 0
0.070000000000000007 0 1 0.0 0.0 0 0 0 0 0 0
0.080000000000000002 0 1 0.0 0.0 0 0 0 0 0 0
0.089999999999999997 0 1 0.0 0.0 0 0 0 0 0 0
0.099999999999999992 0 1 0.0 0.0 0 0 0 0 0 0
0.10999999999999999 0 1 0.0 0.0 0 0 0 0 0 0
0.11999999999999998 0 1 0.0 0.0 0 0 0 0 0 0
0.12999999999999998 0 1 0.0 0.0 0 0 0 0 0 0
0.13999999999999999 0 1 0.0 0.0 0 0 0 0 0 0
0.14999999999999999 0 1 0.0 0.0 0 0 0 0 0 0
0.16 0 1 0.0 0.0 0 0 0 0 0 0
0.17000000000000001 0 1 0.0 0.0 0 0 0 0 0 0
0.18000000000000002 0 1 0.0 0.0 0 0 0 0 0 0
0.19000000000000003 0 1 0.0 0.0 0 0 0 0 0 0
0.20000000000000004 0 1 0.0 0.0 0 0 0 0 0 0
0.21000000000000005 0 1 0.0 0.0 0 0 0 0 0 0
0.22000000000000006 0 1 0.0 0.0 0 0 0 0 0 0
0.23000000000000007 0 1 0.0 0.0 0 0 0 0 0 0
0.24000000000000007 0 1 0.0 0.0 0 0 0 0 0 0
0.25000000000000006 0 1 0.0 0.0 0 0 0 0 0 0
0.26000000000000006 0 1 0.0 0.0 0 0 0 0 0 0
0.27000000000000007 0 1 0.0 0.0 0 0 0 0 0 0
0.28000000000000008 0 1 0.0 0.0 0 0 0 0 0 0
0.29000000000000009 0 1 0.0 0.0 0 0 0 0 0 0
0.3000000000000001 0 1 0.0 0.0 0 0 0 0 0 0
0.31000000000000011 0 1 0.0 0.0 0 0 0 0 0 0
0.32000000000000012 0 1 0.0 0.0 0 0 0 0 0 0
0.33000000000000013 0 1 0.0 0.0 0 0 0 0 0 0
0.34000000000000014 0 1 0.0 0.0 0 0 0 0 0 0
0.35000000000000014 0 1 0.0 0.0 0 0 0 0 0 0
0.36000000000000015 0 1 0.0 0.0 0 0 0 0 0 0
0.37000000000000016 0 1 0.0 0.0 0 0 0 0 0 0
0.38000000000000017 0 1 0.0 0.0 0 0 0 0 0 0
0.39000000000000018 0 1 0.0 0.0 0 0 0 0 0 0
0.40000000000000019 0 1 0.0 0.0 0 0 0 0 0 0
0.4100000000000002 0 1 0.0 0.0 0 0 0 0 0 0
0.42000000000000021 0 1 0.0 0.0 0 0 0 0 0 0
0.43000000000000022 0 1 0.0 0.0 0 0 0 0 0 0
0.44000000000000022 0 1 0.0 0.0 0 0 0 0 0 0
0.45000000000000023 0 1 0.0 0.0 0 0 0 0 0 0
0.46000000000000024 0 1 0.0 0.0 0 0 0 0 0 0
0.47000000000000025 0 1 0.0 0.0 0 0 0 0 0 0
0.48000000000000026 0 1 0.0 0.0 0 0 0 0 0 0
0.49000000000000027 0 1 0.0 0.0 0 0 0 0 0 0
0.50000000000000022 0 1 0.0 0.0 0 0 0 0 0 0
0.51000000000000023 0 1 0.0 0.0 0 0 0 0 0 0
0.52000000000000024 0 1 0.0 0.0 0 0 0 0 0 0
0.53000000000000025 0 1 0.0 0.0 0 0 0 0 0 0
0.54000000000000026 0 1 0.0 0.0 0 0 0 0 0 0
0.55000000000000027 0 1 0.0 0.0 0 0 0 0 0 0
0.56000000000000028 0 1 0.0 0.0 0 0 0 0 0 0
0.57000000000000028 0 1 0.0 0.0 0 0 0 0 0 0
0.58000000000000029 0 1 0.0 0.0 0 0 0 0 0 0
0.5900000000000003 0 1 0.0 0.0 0 0 0 0 0 0
0.60000000000000031 0 1 0.0 0.0 0 0 0 0 0 0
0.61000000000000032 0 1 0.0 0.0 0 0 0 0 0 0
0.62000000000000033 0 1 0.0 0.0 0 0 0 0 0 0
0.63000000000000034 0 1 0.0 0.0 0 0 0 0 0 0
0.64000000000000035 0 1 0.0 0.0 0 0 0 0 0 0
0.65000000000000036 0 1 0.0 0.0 0 0 0 0 0 0
0.66000000000000036 0 1 0.0 0.0 0 0 0 0 0 0
0.67000000000000037 0 1 0.0 0.0 0 0 0 0 0 0
0.68000000000000038 0 1 0.0 0.0 0 0 0 0 0 0
0.69000000000000039 0 1 0.0 0.0 0 0 0 0 0 0
0.7000000000000004 0 1 0.0 0.0 0 0 0 0 0 0
0.71000000000000041 0 1 0.0 0.0 0 0 0 0 0 0
0.72000000000000042 0 1 0.0 0.0 0 0 0 0 0 0
0.73000000000000043 0 1 0.0 0.0 0 0 0 0 0 0
0.74000000000000044 0 1 0.0 0.0 0 0 0 0 0 0
0.75000000000000044 0 1 0.0 0.0 0 0 0 0 0 0
0.76000000000000045 0 1 0.0 0.0 0 0 0 0 0 0
0.77000000000000046 0 1 0.0 0.0 0 0 0 0 0 0
0.78000000000000047 0 1 0.0 0.0 0 0 0 0 0 0
0.79000000000000048 0 1 0.0 0.0 0 0 0 0 0 0
0.80000000000000049 0 1 0.0 0.0 0 0 0 0 0 0
0.8100000000000005 0 1 0.0 0.0 0 0 0 0 0 0
0.82000000000000051 0 1 0.0 0.0 0 0 0 0 0 0
0.83000000000000052 0 1 0.0 0.0 0 0 0 0 0 0
0.84000000000000052 0 1 0.0 0.0 0 0 0 0 0 0
0.85000000000000053 0 1 0.0 0.0 0 0 0 0 0 0
0.86000000000000054 0 1 0.0 0.0 0 0 0 0 0 0
0.87000000000000055 0 1 0.0 0.0 0 0 0 0 0 0
0.88000000000000056 0 1 0.0 0.0 0 0 0 0 0 0
0.89000000000000057 0 1 0.0 0.0 0 0 0 0 0 0
0.90000000000000058 0 1 0.0 0.0 0 0 0 0 0 0
0.91000000000000059 0 1 0.0 0.0 0 0 0 0 0 0
0.9200000000000006 0 1 0.0 0.0 0 0 0 0 0 0
0.9300000000000006 0 1 0.0 0.0 0 0 0 0 0 0
0.94000000000000061 0 1 0.0 0.0 0 0 0 0 0 0
0.95000000000000062 0 1 0.0 0.0 0 0 0 0 0 0
0.96000000000000063 0 1 0.0 0.0 0 0 0 0 0 0
0.97000000000000064 0 1 0.0 0.0 0 0 0 0 0 0
0.98000000000000065 0 1 0.0 0.0 0 0 0 0 0 0
0.99000000000000066 0 1 0.0 0.0 0 0 0 0 0 0
1.0000000000000007 0 1 0.0 0.0 0 0 0 0 0 0
1.0100000000000007 0 1 1.894620937501033 0.023394403435394985 1000 1000 0 88000 88000 0
1.0200000000000007 0 1 3.3430588165801436 0.040952767663293664 2518 2518 0 224520 224520 0
1.0300000000000007 0 1 3354.8280467905947 6.7058349804159416 3963 3933 0 866670 837820 0
1.0400000000000007 0 1 89373.923604775147 154.19273869908483 6345 6213 0 2215050 2087970 0
1.0500000000000007 0 1 181212.96823306638 330.01909314687822 8878 8278 0 3576970 3337070 0
1.0600000000000007 0 1 300854.09027511999 575.52011777962639 11566 10846 0 4950940 4587190 0
1.0700000000000007 0 1 341403.76189408347 748.29000048081343 14208 13355 0 6124720 5837550 0
1.0800000000000007 0 1 185997.89468394796 446.83015825921484 16664 16434 0 7175410 7087460 0
1.0900000000000007 0 1 33460.752840906418 83.238114390510063 19669 19588 0 8359710 8337070 0
1.1000000000000008 0 1 28206.107162238779 43.237188863487312 21533 21507 0 9613770 9588030 0
1.1100000000000008 0 1 32050.254998543573 67.696998317388164 24030 24005 0 10859900 10837700 0
1.1200000000000008 0 1 28940.932048191324 45.974947883503631 26029 25997 0 12118910 12087230 0
1.1300000000000008 0 1 25342.474088924875 46.335710825891347 28370 28271 0 13372000 13337490 0
1.1400000000000008 0 1 29636.270586058523 57.806866200859965 30733 30705 0 14615220 14587500 0
1.1500000000000008 0 1 29827.122197219007 67.707280914924695 33451 33422 0 15866040 15837330 0
1.1600000000000008 0 1 29764.749340490565 53.853117487096888 35657 35624 0 17113980 17087260 0
1.1700000000000008 0 1 27838.304986090949 53.68101506595022 37931 37819 0 18374240 18337910 0
1.1800000000000008 0 1 28046.489817441419 53.005024260352357 40149 40119 0 19617060 19587360 0
1.1900000000000008 0 1 30807.70289214723 62.742548931960975 42596 42539 0 20866690 20837960 0
1.2000000000000008 0 1 29403.123346621451 45.20061425952558 44490 44463 0 22114650 22087920 0
1.2100000000000009 0 1 24420.328458572687 54.645766012951007 47017 47017 0 23176580 23176580 0
1.2200000000000009 0 1 1.9667526630375836 0.022885768518254836 47818 47818 0 23248720 23248720 0
1.2300000000000009 0 1 1.6423356645791627 0.021356210279965798 48618 48618 0 23320720 23320720 0
1.2400000000000009 0 1 2.199965912409672 0.025606484663298599 49818 49818 0 23428720 23428720 0
1.2500000000000009 0 1 2.6773625213460917 0.031917900258360249 51013 51013 0 23536020 23536020 0
1.2600000000000009 0 1 3514.0351060544608 5.3611240048508435 52369 52348 0 23936310 23915520 0
1.2700000000000009 0 1 86377.624749887007 158.42220878982286 54907 54743 0 25298730 25165570 0
1.2800000000000009 0 1 153723.53075808188 225.54972257290876 56887 56472 0 26611680 26415130 0
1.2900000000000009 0 1 108568.49422265324 202.89778581711587 59066 59045 0 27686340 27665550 0
1.3000000000000009 0 1 26329.992776436091 50.427716060321991 61394 61326 0 28943210 28915740 0
1.3100000000000009 0 1 29042.930536499134 56.770139081006427 63778 63752 0 30191220 30165480 0
1.320000000000001 0 1 29501.313895445801 61.563348864077142 66345 66243 0 31445050 31415220 0
1.330000000000001 0 1 28395.80958800306 64.392759029205521 69103 69036 0 32686920 32664890 0
1.340000000000001 0 1 27590.807577742737 57.890721555890764 71696 71596 0 33948990 33915190 0
1.350000000000001 0 1 26021.919453893894 44.189928887871751 73547 73547 0 35037880 35037880 0
1.360000000000001 0 1 3.3040602186540338 0.04053112647039999 74683 74683 0 35138820 35138820 0
1.370000000000001 0 1 3.9781331484629554 0.048138441842082672 76024 76024 0 35260660 35260660 0
1.380000000000001 0 1 2.7635792915328112 0.032994630466776059 77173 77173 0 35363020 35363020 0
1.390000000000001 0 1 2.4716480005468866 0.030388318511786999 78346 78346 0 35469740 35469740 0
1.400000000000001 0 1 3.3045836865883662 0.040901802796389185 79531 79531 0 35575640 35575640 0
1.410000000000001 0 1 4.1637868285015998 0.051360056579241538 81372 81372 0 35741380 35741380 0
1.420000000000001 0 1 3.2734285207882654 0.039415329699177236 82747 82747 0 35865880 35865880 0
1.430000000000001 0 1 2.0731321666525009 0.025989337063525551 83787 83787 0 35959480 35959480 0
1.4400000000000011 0 1 3.297363044135079 0.039846496666284779 85056 85056 0 36073140 36073140 0
1.4500000000000011 0 1 3.9085599494788035 0.048381308186784502 86651 86651 0 36216440 36216440 0
1.4600000000000011 0 1 1.0584401238804544 0.012701967485218001 87067 87067 0 36254680 36254680 0
1.4700000000000011 0 1 1.7996873197336767 0.020798773911345752 87945 87945 0 36333600 36333600 0
1.4800000000000011 0 1 4.3655639979509573 0.052463316868167582 89467 89467 0 36470680 36470680 0
1.4900000000000011 0 1 3.0534226812379801 0.038463151177214848 90907 90907 0 36600280 36600280 0
1.5000000000000011 0 1 1.5112819397953268 0.016475608400257066 91561 91559 0 36658740 36658660 0
1.5100000000000011 0 1 3.9433136174373793 0.04847061287835959 93062 93062 0 36793980 36793980 0
1.5200000000000011 0 1 2.7365815407920357 0.033026125927371169 94262 94262 0 36901980 36901980 0
1.5300000000000011 0 1 3.2468440203179378 0.042063080865983836 95684 95684 0 37029060 37029060 0
1.5400000000000011 0 1 5.1593521092172479 0.059912835627473571 97625 97625 0 37204800 37204800 0
1.5500000000000012 0 1 3.6947600993637555 0.044673063908917635 98957 98957 0 37323280 37323280 0
1.5600000000000012 0 1 2.0663386953607681 0.025359194354357385 100091 100091 0 37426040 37426040 0
1.5700000000000012 0 1 3.2080722858815998 0.038368479065042892 101784 101784 0 37579060 37579060 0
1.5800000000000012 0 1 2.3577318945133796 0.027421660216408992 102985 102985 0 37687200 37687200 0
1.5900000000000012 0 1 2.1091993314130679 0.025281603109839047 103947 103947 0 37773880 37773880 0
1.6000000000000012 0 1 2.611634997947474 0.032072035636287993 105080 105080 0 37875300 37875300 0
1.6100000000000012 0 1 3491.9470795140728 6.6469465302613822 106811 106782 0 38305990 38277280 0
1.6200000000000012 0 1 49811.627156537106 70.074637031710708 108628 108479 0 39604420 39528060 0
1.6300000000000012 0 1 110890.74014406346 177.49876913915125 110696 110472 0 40925490 40777530 0
1.6400000000000012 0 1 125963.40253783153 291.75048531247376 113292 113261 0 42055530 42027390 0
1.6500000000000012 0 1 27034.559305775791 57.778100329670494 115861 115824 0 43307940 43278110 0
1.6600000000000013 0 1 27580.80965223597 61.859125018321883 118513 118467 0 44561170 44527530 0
1.6700000000000013 0 1 27782.256037641553 57.66754149728623 120998 120952 0 45803270 45778130 0
1.6800000000000013 0 1 28688.521834544015 50.122234496901143 123144 123114 0 47057010 47027310 0
1.6900000000000013 0 1 29122.548060447356 56.306338567940642 125501 125463 0 48311290 48277920 0
1.7000000000000013 0 1 25760.568133070534 51.472385108787641 127647 127647 0 49378980 49378980 0
1.7100000000000013 0 1 2.7969347512239979 0.034625485907446824 128787 128787 0 49482580 49482580 0
1.7200000000000013 0 1 1.2496562915140774 0.015626209601071736 129516 129516 0 49548640 49548640 0
1.7300000000000013 0 1 2.485516069559599 0.028996164999472971 130636 130636 0 49649440 49649440 0
1.7400000000000013 0 1 3.0641541470832729 0.037296889761506656 131834 131834 0 49757160 49757160 0
1.7500000000000013 0 1 1.5592095737559917 0.018879181091779867 132556 132556 0 49822240 49822240 0
1.7600000000000013 0 1 2.9108972506119963 0.036993022560771714 133836 133836 0 49937440 49937440 0
1.7700000000000014 0 1 2.9059345176154467 0.033956497013298809 135113 135113 0 50052220 50052220 0
1.7800000000000014 0 1 4.77460359558179 0.061110021336374609 136784 136784 0 50202160 50202160 0
1.7900000000000014 0 1 3.1044109904567714 0.037891326377081889 137836 137836 0 50297440 50297440 0
1.8000000000000014 0 1 4.3738474364434197 0.054228656744936772 139515 139515 0 50448500 50448500 0
1.8100000000000014 0 1 2.4664365895556961 0.032636438330824163 140688 140688 0 50552720 50552720 0
1.8200000000000014 0 1 1.9311537382056247 0.022495402314515169 141836 141836 0 50657440 50657440 0
1.8300000000000014 0 1 2.133532040990092 0.025