0 0 1 0 0 0 0 0 0 0 0
0.01 0 1 0.0 0.0 0 0 0 0 0 0
0.02 0 1 0.0 0.0 0 0 0 0 0 0
0.029999999999999999 0 1 0.0 0.0 0 0 0 0 0 0
0.040000000000000001 0 1 0.0 0.0 0 0 0 0 0 0
0.050000000000000003 0 1 0.0 0.0 0 0 0 0 0 0
0.060000000000000005 0 1 0.0 0.0 0 0 0 0 0 0
0.070000000000000007 0 1 0.0 0.0 0 0 0 0 0 0
0.080000000000000002 0 1 0.0 0.0 0 0 0 0 0 0
0.089999999999999997 0 1 0.0 0.0 0 0 0 0 0 0
0.099999999999999992 0 1 0.0 0.0 0 0 0 0 0 0
0.10999999999999999 0 1 0.0 0.0 0 0 0 0 0 0
0.11999999999999998 0 1 0.0 0.0 0 0 0 0 0 0
0.12999999999999998 0 1 0.0 0.0 0 0 0 0 0 0
0.13999999999999999 0 1 0.0 0.0 0 0 0 0 0 0
0.14999999999999999 0 1 0.0 0.0 0 0 0 0 0 0
0.16 0 1 0.0 0.0 0 0 0 0 0 0
0.17000000000000001 0 1 0.0 0.0 0 0 0 0 0 0
0.18000000000000002 0 1 0.0 0.0 0 0 0 0 0 0
0.19000000000000003 0 1 0.0 0.0 0 0 0 0 0 0
0.20000000000000004 0 1 0.0 0.0 0 0 0 0 0 0
0.21000000000000005 0 1 0.0 0.0 0 0 0 0 0 0
0.22000000000000006 0 1 0.0 0.0 0 0 0 0 0 0
0.23000000000000007 0 1 0.0 0.0 0 0 0 0 0 0
0.24000000000000007 0 1 0.0 0.0 0 0 0 0 0 0
0.25000000000000006 0 1 0.0 0.0 0 0 0 0 0 0
0.26000000000000006 0 1 0.0 0.0 0 0 0 0 0 0
0.27000000000000007 0 1 0.0 0.0 0 0 0 0 0 0
0.28000000000000008 0 1 0.0 0.0 0 0 0 0 0 0
0.29000000000000009 0 1 0.0 0.0 0 0 0 0 0 0
0.3000000000000001 0 1 0.0 0.0 0 0 0 0 0 0
0.31000000000000011 0 1 0.0 0.0 0 0 0 0 0 0
0.32000000000000012 0 1 0.0 0.0 0 0 0 0 0 0
0.33000000000000013 0 1 0.0 0.0 0 0 0 0 0 0
0.34000000000000014 0 1 0.0 0.0 0 0 0 0 0 0
0.35000000000000014 0 1 0.0 0.0 0 0 0 0 0 0
0.36000000000000015 0 1 0.0 0.0 0 0 0 0 0 0
0.37000000000000016 0 1 0.0 0.0 0 0 0 0 0 0
0.38000000000000017 0 1 0.0 0.0 0 0 0 0 0 0
0.39000000000000018 0 1 0.0 0.0 0 0 0 0 0 0
0.40000000000000019 0 1 0.0 0.0 0 0 0 0 0 0
0.4100000000000002 0 1 0.0 0.0 0 0 0 0 0 0
0.42000000000000021 0 1 0.0 0.0 0 0 0 0 0 0
0.43000000000000022 0 1 0.0 0.0 0 0 0 0 0 0
0.44000000000000022 0 1 0.0 0.0 0 0 0 0 0 0
0.45000000000000023 0 1 0.0 0.0 0 0 0 0 0 0
0.46000000000000024 0 1 0.0 0.0 0 0 0 0 0 0
0.47000000000000025 0 1 0.0 0.0 0 0 0 0 0 0
0.48000000000000026 0 1 0.0 0.0 0 0 0 0 0 0
0.49000000000000027 0 1 0.0 0.0 0 0 0 0 0 0
0.50000000000000022 0 1 0.0 0.0 0 0 0 0 0 0
0.51000000000000023 0 1 0.0 0.0 0 0 0 0 0 0
0.52000000000000024 0 1 0.0 0.0 0 0 0 0 0 0
0.53000000000000025 0 1 0.0 0.0 0 0 0 0 0 0
0.54000000000000026 0 1 0.0 0.0 0 0 0 0 0 0
0.55000000000000027 0 1 0.0 0.0 0 0 0 0 0 0
0.56000000000000028 0 1 0.0 0.0 0 0 0 0 0 0
0.57000000000000028 0 1 0.0 0.0 0 0 0 0 0 0
0.58000000000000029 0 1 0.0 0.0 0 0 0 0 0 0
0.5900000000000003 0 1 0.0 0.0 0 0 0 0 0 0
0.60000000000000031 0 1 0.0 0.0 0 0 0 0 0 0
0.61000000000000032 0 1 0.0 0.0 0 0 0 0 0 0
0.62000000000000033 0 1 0.0 0.0 0 0 0 0 0 0
0.63000000000000034 0 1 0.0 0.0 0 0 0 0 0 0
0.64000000000000035 0 1 0.0 0.0 0 0 0 0 0 0
0.65000000000000036 0 1 0.0 0.0 0 0 0 0 0 0
0.66000000000000036 0 1 0.0 0.0 0 0 0 0 0 0
0.67000000000000037 0 1 0.0 0.0 0 0 0 0 0 0
0.68000000000000038 0 1 0.0 0.0 0 0 0 0 0 0
0.69000000000000039 0 1 0.0 0.0 0 0 0 0 0 0
0.7000000000000004 0 1 0.0 0.0 0 0 0 0 0 0
0.71000000000000041 0 1 0.0 0.0 0 0 0 0 0 0
0.72000000000000042 0 1 0.0 0.0 0 0 0 0 0 0
0.73000000000000043 0 1 0.0 0.0 0 0 0 0 0 0
0.74000000000000044 0 1 0.0 0.0 0 0 0 0 0 0
0.75000000000000044 0 1 0.0 0.0 0 0 0 0 0 0
0.76000000000000045 0 1 0.0 0.0 0 0 0 0 0 0
0.77000000000000046 0 1 0.0 0.0 0 0 0 0 0 0
0.78000000000000047 0 1 0.0 0.0 0 0 0 0 0 0
0.79000000000000048 0 1 0.0 0.0 0 0 0 0 0 0
0.80000000000000049 0 1 0.0 0.0 0 0 0 0 0 0
0.8100000000000005 0 1 0.0 0.0 0 0 0 0 0 0
0.82000000000000051 0 1 0.0 0.0 0 0 0 0 0 0
0.83000000000000052 0 1 0.0 0.0 0 0 0 0 0 0
0.84000000000000052 0 1 0.0 0.0 0 0 0 0 0 0
0.85000000000000053 0 1 0.0 0.0 0 0 0 0 0 0
0.86000000000000054 0 1 0.0 0.0 0 0 0 0 0 0
0.87000000000000055 0 1 0.0 0.0 0 0 0 0 0 0
0.88000000000000056 0 1 0.0 0.0 0 0 0 0 0 0
0.89000000000000057 0 1 0.0 0.0 0 0 0 0 0 0
0.90000000000000058 0 1 0.0 0.0 0 0 0 0 0 0
0.91000000000000059 0 1 0.0 0.0 0 0 0 0 0 0
0.9200000000000006 0 1 0.0 0.0 0 0 0 0 0 0
0.9300000000000006 0 1 0.0 0.0 0 0 0 0 0 0
0.94000000000000061 0 1 0.0 0.0 0 0 0 0 0 0
0.95000000000000062 0 1 0.0 0.0 0 0 0 0 0 0
0.96000000000000063 0 1 0.0 0.0 0 0 0 0 0 0
0.97000000000000064 0 1 0.0 0.0 0 0 0 0 0 0
0.98000000000000065 0 1 0.0 0.0 0 0 0 0 0 0
0.99000000000000066 0 1 0.0 0.0 0 0 0 0 0 0
1.0000000000000007 0 1 0.0 0.0 0 0 0 0 0 0
1.0100000000000007 0 1 1.7415680020871334 0.04213760005038477 440 440 0 18000 18000 0
1.0200000000000007 0 1 6.1595105674919051 0.14907256418101852 1560 1560 0 63920 63920 0
1.0300000000000007 0 1 7.6762880079494984 0.18595840019226523 2520 2520 0 103280 103280 0
1.0400000000000007 0 1 3.0477440036524834 0.073740800088173339 3080 3080 0 126240 126240 0
1.0500000000000007 0 1 4.7893120057396166 0.11587840013855812 3960 3960 0 162320 162320 0
1.0600000000000007 0 1 3.0477440036524834 0.073740800088173339 4520 4520 0 185280 185280 0
1.0700000000000007 0 1 4.3539200052178337 0.10534400012596191 5320 5320 0 218080 218080 0
1.0800000000000007 0 1 5.2247040062614003 0.1264128001511543 6280 6280 0 257440 257440 0
1.0900000000000007 0 1 5.2247040062614003 0.1264128001511543 7240 7240 0 296800 296800 0
1.1000000000000008 0 1 5.2247040062614003 0.1264128001511543 8200 8200 0 336160 336160 0
1.1100000000000008 0 1 8.9824640095148496 0.2175616002300538 9400 9400 0 385360 385360 0
1.1200000000000008 0 1 7.6762880079494984 0.18595840019226523 10360 10360 0 424720 424720 0
1.1300000000000008 0 1 9.8532480105584153 0.23863040025524618 11720 11720 0 480480 480480 0
1.1400000000000008 0 1 4.7893120057396166 0.11587840013855812 12600 12600 0 516560 516560 0
1.1500000000000008 0 1 2.1769600026089169 0.052672000062980957 13000 13000 0 532960 532960 0
1.1600000000000008 0 1 4.7893120057396166 0.11587840013855812 13880 13880 0 569040 569040 0
1.1700000000000008 0 1 6.8055040069059318 0.16488960016707285 14680 14680 0 601840 601840 0
1.1800000000000008 0 1 2.6123520031307002 0.063206400075577152 15160 15160 0 621520 621520 0
1.1900000000000008 0 1 3.91852800469605 0.094809600113365727 15880 15880 0 651040 651040 0
1.2000000000000008 0 1 4.7893120057396166 0.11587840013855812 16760 16760 0 687120 687120 0
1.2100000000000009 0 1 4.3539200052178337 0.10534400012596191 17560 17560 0 719920 719920 0
1.2200000000000009 0 1 10.288640011080199 0.24916480026784238 19000 19000 0 778960 778960 0
1.2300000000000009 0 1 2.6123520031307002 0.063206400075577152 19480 19480 0 798640 798640 0
1.2400000000000009 0 1 3.91852800469605 0.094809600113365727 20200 20200 0 828160 828160 0
1.2500000000000009 0 1 3.0477440036524834 0.073740800088173339 20760 20760 0 851120 851120 0
1.2600000000000009 0 1 4.3539200052178337 0.10534400012596191 21560 21560 0 883920 883920 0
1.2700000000000009 0 1 4.3539200052178337 0.10534400012596191 22360 22360 0 916720 916720 0
1.2800000000000009 0 1 6.0954880073049669 0.14748160017634668 23480 23480 0 962640 962640 0
1.2900000000000009 0 1 2.6154215335389952 0.063282258335783881 23985 23984 0 983324 983284 0
1.3000000000000009 0 1 2.1738904722006218 0.052596141802774228 24360 24360 0 998720 998720 0
1.3100000000000009 0 1 5.6600960067831831 0.1369472001637505 25400 25400 0 1041360 1041360 0
1.320000000000001 0 1 4.7893120057396166 0.11587840013855812 26280 26280 0 1077440 1077440 0
1.330000000000001 0 1 2.6123520031307002 0.063206400075577152 26760 26760 0 1097120 1097120 0
1.340000000000001 0 1 3.4831360041742667 0.08427520010076954 27400 27400 0 1123360 1123360 0
1.350000000000001 0 1 4.3539200052178337 0.10534400012596191 28200 28200 0 1156160 1156160 0
1.360000000000001 0 1 3.0477440036524834 0.073740800088173339 28760 28760 0 1179120 1179120 0
1.370000000000001 0 1 4.7893120057396166 0.11587840013855812 29640 29640 0 1215200 1215200 0
1.380000000000001 0 1 3.4831360041742667 0.08427520010076954 30280 30280 0 1241440 1241440 0
1.390000000000001 0 1 3.91852800469605 0.094809600113365727 31000 31000 0 1270960 1270960 0
1.400000000000001 0 1 5.2189197771389262 0.12627508041014301 31958 31957 0 1310236 1310194 0
1.410000000000001 0 1 2.6181362322531743 0.06334411981658844 32440 32440 0 1330000 1330000 0
1.420000000000001 0 1 3.0477440036524834 0.073740800088173339 33000 33000 0 1352960 1352960 0
1.430000000000001 0 1 2.6183949844649201 0.063354960595929322 33507 33505 0 1373726 1373644 0
1.4400000000000011 0 1 7.6702450266152784 0.18580983967191306 34440 34440 0 1412000 1412000 0
1.4500000000000011 0 1 5.2247040062614003 0.1264128001511543 35400 35400 0 1451360 1451360 0
1.4600000000000011 0 1 3.4831360041742667 0.08427520010076954 36040 36040 0 1477600 1477600 0
1.4700000000000011 0 1 6.1301288075397533 0.14847760018230613 37000 37000 0 1516960 1516960 0
1.4800000000000011 0 1 5.6600960067831831 0.1369472001637505 38040 38040 0 1559600 1559600 0
1.4900000000000011 0 1 8.1116800084712821 0.19649280020486143 39080 39080 0 1602240 1602240 0
1.5000000000000011 0 1 6.9299270495037417 0.16768504403856785 40353 40349 0 1654426 1654258 0
1.5100000000000011 0 1 6.4220089656786552 0.1555773563282957 41160 41160 0 1687520 1687520 0
1.5200000000000011 0 1 2.6617811295781979 0.064416295377722699 41680 41675 0 1708820 1708614 0
1.5300000000000011 0 1 2.5629228766832024 0.061996504773431604 42120 42120 0 1726880 1726880 0
1.5400000000000011 0 1 8.1116800084712821 0.19649280020486143 43160 43160 0 1769520 1769520 0
1.5500000000000012 0 1 3.91852800469605 0.094809600113365727 43880 43880 0 1799040 1799040 0
1.5600000000000012 0 1 5.6600960067831831 0.1369472001637505 44920 44920 0 1841680 1841680 0
1.5700000000000012 0 1 3.91852800469605 0.094809600113365727 45640 45640 0 1871200 1871200 0
1.5800000000000012 0 1 3.91852800469605 0.094809600113365727 46360 46360 0 1900720 1900720 0
1.5900000000000012 0 1 4.7893120057396166 0.11587840013855812 47240 47240 0 1936800 1936800 0
1.6000000000000012 0 1 3.9396595247960651 0.095336288115865836 47960 47960 0 1966320 1966320 0
1.6100000000000012 0 1 8.5470720089930659 0.2070272002174576 49080 49080 0 2012240 2012240 0
1.6200000000000012 0 1 8.5470720089930659 0.2070272002174576 50200 50200 0 2058160 2058160 0
1.6300000000000012 0 1 5.2247040062614003 0.1264128001511543 51160 51160 0 2097520 2097520 0
1.6400000000000012 0 1 4.3539200052178337 0.10534400012596191 51960 51960 0 2130320 2130320 0
1.6500000000000012 0 1 3.0477440036524834 0.073740800088173339 52520 52520 0 2153280 2153280 0
1.6600000000000013 0 1 5.2247040062614003 0.1264128001511543 53480 53480 0 2192640 2192640 0
1.6700000000000013 0 1 5.6600960067831831 0.1369472001637505 54520 54520 0 2235280 2235280 0
1.6800000000000013 0 1 6.6916723283996165 0.16236992020375304 55160 55160 0 2261520 2261520 0
1.6900000000000013 0 1 1.7415680020871334 0.04213760005038477 55480 55480 0 2274640 2274640 0
1.7000000000000013 0 1 3.0477440036524834 0.073740800088173339 56040 56040 0 2297600 2297600 0
1.7100000000000013 0 1 3.4831360041742667 0.08427520010076954 56680 56680 0 2323840 2323840 0
1.7200000000000013 0 1 6.5308800078267497 0.15801600018894288 57880 57880 0 2373040 2373040 0
1.7300000000000013 0 1 8.9824640095148496 0.2175616002300538 59080 59080 0 2422240 2422240 0
1.7400000000000013 0 1 2.1769600026089169 0.052672000062980957 59480 59480 0 2438640 2438640 0
1.7500000000000013 0 1 3.0302476427438636 0.073324220066539533 60036 60033 0 2461432 2461306 0
1.7600000000000013 0 1 8.0355094089857566 0.19462482021688193 61080 61080 0 2504240 2504240 0
1.7700000000000014 0 1 3.91852800469605 0.094809600113365727 61800 61800 0 2533760 2533760 0
1.7800000000000014 0 1 4.7893120057396166 0.11587840013855812 62680 62680 0 2569840 2569840 0
1.7900000000000014 0 1 8.5470720089930659 0.2070272002174576 63800 63800 0 2615760 2615760 0
1.8000000000000014 0 1 5.6600960067831831 0.1369472001637505 64840 64840 0 2658400 2658400 0
1.8100000000000014 0 1 8.9824640095148496 0.2175616002300538 66040 66040 0 2707600 2707600 0
1.8200000000000014 0 1 742.42580146390253 1.3475847553934261 67094 67087 0 2989960 2983030 0
1.8300000000000014 0 1 24447.164511863095 38.31772950092779 69148 69034 0 4271812 4232974 0
1.8400000000000014 0 1 53555.975983351651 87.695561225651858 71280 71056 0 5556862 5483146 0
1.8500000000000014 0 1 22769.70153013981 55.975956280492937 72809 72809 0 5907090 5907090 0
1.8600000000000014 0 1 4048.161865558614 5.0916679335866144 74217 74207 0 6779068 6769168 0
1.8700000000000014 0 1 33834.964334545642 62.13164646933361 76596 76541 0 8073296 8018846 0
1.8800000000000014 0 1 70615.796909118697 104.69252222270528 78502 78419 0 9349080 9268808 0
1.8900000000000015 0 1 93960.960392491746 149.80719008373674 80560 80370 0 10631096 10518916 0
1.9000000000000015 0 1 123160.99688533484 190.15797480722858 82543 82321 0 11910036 11769024 0
1.9100000000000015 0 1 80332.31432021808 132.6864566636574 84229 84121 108 12553620 12544428 9192
1.9200000000000015 0 1 6.8794816171176381 0.12239813837178193 85275 85129 108 13065306 13053592 9192
1.9300000000000015 0 1 2719.4105088352926 3.1802927021672618 86552 86444 108 14017620 14008428 9192
1.9400000000000015 0 1 3.0477440036524834 0.073740800088173339 87112 87004 108 14040580 14031388 9192
1.9500000000000015 0 1 5.6600960067831831 0.1369472001637505 88152 88044 108 14083220 14074028 9192
1.9600000000000015 0 1 4.3539200052178337 0.10534400012596191 88952 88844 108 14116020 14106828 9192
1.9700000000000015 0 1 4.7893120057396166 0.11587840013855812 89832 89724 108 14152100 14142908 9192
1.9800000000000015 0 1 6.5308800078267497 0.15801600018894288 91032 90924 108 14201300 14192108 9192
1.9900000000000015 0 1 7.2408960074277156 0.17542400017966903 91912 91804 108 14237380 14228188 9192
2.0000000000000013 0 1 5.2247040062615158 0.12641280015115711 92872 92764 108 14276740 14267548 9192
2.0100000000000011 0 1 3.0477439839594149 0.073740799612400001 93432 93324 108 14299700 14290508 9192
2.0200000000000009 0 1 4.3566355769578502 0.10541188944311 94232 94124 108 14332500 14323308 9192
2.0300000000000007 0 1 6.0955610478786912 0.14748342622379654 95352 95244 108 14378420 14369228 9192
2.0400000000000005 0 1 2.1769599885424391 0.052671999723142862 95752 95644 108 14394820 14385628 9192
2.0500000000000003 0 1 4.7893119747933666 0.11587839939091429 96632 96524 108 14430900 14421708 9192
2.0600000000000001 0 1 4.7893119747933666 0.11587839939091429 97512 97404 108 14466980 14457788 9192
2.0699999999999998 0 1 3.0477439839594149 0.073740799612400001 98072 97964 108 14489940 14480748 9192
2.0799999999999996 0 1 2.1769599885424391 0.052671999723142862 98472 98364 108 14506340 14497148 9192
2.0899999999999994 0 1 4.3539199770848782 0.10534399944628572 99272 99164 108 14539140 14529948 9192
2.0999999999999992 0 1 3.4831359816679028 0.084275199557028571 99912 99804 108 14565380 14556188 9192
2.109999999999999 0 1 5.916750130204333 0.1433389592790521 100792 100684 108 14601460 14592268 9192
2.1199999999999988 0 1 3.4831359816679028 0.084275199557028571 101432 101324 108 14627700 14618508 9192
2.1299999999999986 0 1 2.1769599885424391 0.052671999723142862 101832 101724 108 14644100 14634908 9192
2.1399999999999983 0 1 5.224703972501854 0.12641279933554286 102792 102684 108 14683460 14674268 9192
2.1499999999999981 0 1 3.0477439839594149 0.073740799612400001 103352 103244 108 14706420 14697228 9192
2.1599999999999979 0 1 11.842239938953977 0.28685599852216803 105032 104924 108 14775300 14766108 9192
2.1699999999999977 0 1 3.9185279793763907 0.094809599501657155 105752 105644 108 14804820 14795628 9192
2.1799999999999975 0 1 6.0994380525089174 0.14778687933479123 106552 106444 108 14837620 14828428 9192
2.1899999999999973 0 1 5.9347199746257058 0.14382079938544429 107192 107084 108 14863860 14854668 9192
2.1999999999999971 0 1 7.88499715881147 0.19093959900376287 108472 108364 108 14916340 14907148 9192
2.2099999999999969 0 1 7.2408959677511699 0.17542399921933002 109352 109244 108 14952420 14943228 9192
2.2199999999999966 0 1 3.9185279793763907 0.094809599501657155 110072 109964 108 14981940 14972748 9192
2.2299999999999964 0 1 3.9185279793763907 0.094809599501657155 110792 110684 108 15011460 15002268 9192
2.2399999999999962 0 1 3.0477439839594149 0.073740799612400001 111352 111244 108 15034420 15025228 9192
2.249999999999996 0 1 6.8055039700426816 0.16488959927470145 112152 112044 108 15067220 15058028 9192
2.2599999999999958 0 1 4.3539199770848782 0.10534399944628572 112952 112844 108 15100020 15090828 9192
2.2699999999999956 0 1 7.5954324434165894 0.18398447911507745 114072 113964 108 15145940 15136748 9192
2.2799999999999954 0 1 3.0477439839594149 0.073740799612400001 114632 114524 108 15168900 15159708 9192
2.2899999999999952 0 1 4.3539199770848782 0.10534399944628572 115432 115324 108 15201700 15192508 9192
2.2999999999999949 0 1 6.0845753232437314 0.14722177435158337 116549 116439 108 15247494 15238218 9192
2.3099999999999947 0 1 3.0586566286345138 0.074000624485616645 117112 117004 108 15270580 15261388 9192
2.3199999999999945 0 1 2.612351986250927 0.063206399667771432 117592 117484 108 15290260 15281068 9192
2.3299999999999943 0 1 3.4831359816679028 0.084275199557028571 118232 118124 108 15316500 15307308 9192
2.3399999999999941 0 1 2.612351986250927 0.063206399667771432 118712 118604 108 15336180 15326988 9192
2.3499999999999939 0 1 11.476799953943374 0.27858079888268311 119592 119484 108 15372260 15363068 9192
2.3599999999999937 0 1 4.3539199770848782 0.10534399944628572 120392 120284 108 15405060 15395868 9192
2.3699999999999934 0 1 5.6600959702103424 0.13694719928017143 121432 121324 108 15447700 15438508 9192
2.3799999999999932 0 1 4.0340890183402118 0.097674625475765303 122152 122044 108 15477220 15468028 9192
2.389999999999993 0 1 6.5308799656273182 0.15801599916942857 123352 123244 108 15526420 15517228 9192
2.3999999999999928 0 1 7.6762879654596574 0.18595839916395859 124312 124204 108 15565780 15556588 9192
2.4099999999999926 0 1 2.612351986250927 0.063206399667771432 124792 124684 108 15585460 15576268 9192
2.4199999999999924 0 1 5.224703972501854 0.12641279933554286 125752 125644 108 15624820 15615628 9192
2.4299999999999922 0 1 2.612351986250927 0.063206399667771432 126232 126124 108 15644500 15635308 9192
2.439999999999992 0 1 3.4831359816679028 0.084275199557028571 126872 126764 108 15670740 15661548 9192
2.4499999999999917 0 1 7.6762879654596574 0.18595839916395859 127832 127724 108 15710100 15700908 9192
2.4599999999999915 0 1 2.612351986250927 0.063206399667771432 128312 128204 108 15729780 15720588 9192
2.4699999999999913 0 1 1.3061759931254635 0.031603199833885716 128552 128444 108 15739620 15730428 9192
2.4799999999999911 0 1 3.4831359816679028 0.084275199557028571 129192 129084 108 15765860 15756668 9192
2.4899999999999909 0 1 7.8222880454747461 0.18967047916334373 129992 129884 108 15798660 15789468 9192
2.4999999999999907 0 1 3.0524671837853332 0.073858879608047948 130552 130444 108 15821620 15812428 9192
2.5099999999999905 0 1 4.3539199770848782 0.10534399944628572 131352 131244 108 15854420 15845228 9192
2.5199999999999902 0 1 4.3130206148839036 0.10447343939210763 132072 131964 108 15883940 15874748 9192
2.52999999999999 0 1 3.4831359816679028 0.084275199557028571 132712 132604 108 15910180 15900988 9192
2.5399999999999898 0 1 3.4831359816679028 0.084275199557028571 133352 133244 108 15936420 15927228 9192
2.5499999999999896 0 1 3.0477439839594149 0.073740799612400001 133912 133804 108 15959380 15950188 9192
2.5599999999999894 0 1 4.7893119747933666 0.11587839939091429 134792 134684 108 15995460 15986268 9192
2.5699999999999892 0 1 5.224703972501854 0.12641279933554286 135752 135644 108 16034820 16025628 9192
2.579999999999989 0 1 5.224703972501854 0.12641279933554286 136712 136604 108 16074180 16064988 9192
2.5899999999999888 0 1 6.8055039700426816 0.16488959927470145 137512 137404 108 16106980 16097788 9192
2.5999999999999885 0 1 1.3061759931254635 0.031603199833885716 137752 137644 108 16116820 16107628 9192
2.6099999999999883 0 1 4.3539199770848782 0.10534399944628572 138552 138444 108 16149620 16140428 9192
2.6199999999999881 0 1 6.7243464434449161 0.16283447911571783 139672 139564 108 16195540 16186348 9192
2.6299999999999879 0 1 4.7893119747933666 0.11587839939091429 140552 140444 108 16231620 16222428 9192
2.6399999999999877 0 1 3.4831359816679028 0.084275199557028571 141192 141084 108 16257860 16248668 9192
2.6499999999999875 0 1 6.7675210833756712 0.16388751911402893 142312 142204 108 16303780 16294588 9192
2.6599999999999873 0 1 3.4831359816679028 0.084275199557028571 142952 142844 108 16330020 16320828 9192
2.6699999999999871 0 1 1.3061759931254635 0.031603199833885716 143192 143084 108 16339860 16330668 9192
2.6799999999999868 0 1 2.1972270051926057 0.053168690296480102 143625 143514 108 16357592 16348278 9192
2.6899999999999866 0 1 4.333652960434712 0.10484730887294848 144392 144284 108 16389060 16379868 9192
2.6999999999999864 0 1 8.5470719608766341 0.20702719905321573 145512 145404 108 16434980 16425788 9192
2.7099999999999862 0 1 3.9185279793763907 0.094809599501657155 146249 146141 108 16465180 16455988 9192
2.719999999999986 0 1 2.1769599885424391 0.052671999723142862 146632 146524 108 16480900 16471708 9192
2.7299999999999858 0 1 5.6600959702103424 0.13694719928017143 147672 147564 108 16523540 16514348 9192
2.7399999999999856 0 1 1.3061759931254635 0.031603199833885716 147912 147804 108 16533380 16524188 9192
2.7499999999999853 0 1 5.6600959702103424 0.13694719928017143 148952 148844 108 16576020 16566828 9192
2.7599999999999851 0 1 4.3539199770848782 0.10534399944628572 149752 149644 108 16608820 16599628 9192
2.7699999999999849 0 1 4.3539199770848782 0.10534399944628572 150552 150444 108 16641620 16632428 9192
2.7799999999999847 0 1 5.6600959702103424 0.13694719928017143 151592 151484 108 16684260 16675068 9192
2.7899999999999845 0 1 4.7950884546211681 0.11602281138660933 152472 152364 108 16720340 16711148 9192
2.7999999999999843 0 1 4.3539199770848782 0.10534399944628572 153288 153180 108 16753780 16744588 9192
2.8099999999999841 0 1 4.4404415762714207 0.10749103942595768 154072 153964 108 16785940 16776748 9192
2.8199999999999839 0 1 3.4831359816679028 0.084275199557028571 154712 154604 108 16812180 16802988 9192
2.8299999999999836 0 1 2.1769599885424391 0.052671999723142862 155112 155004 108 16828580 16819388 9192
2.8399999999999834 0 1 4.3539199770848782 0.10534399944628572 155912 155804 108 16861380 16852188 9192
2.8499999999999832 0 1 5.224703972501854 0.12641279933554286 156872 156764 108 16900740 16891548 9192
2.859999999999983 0 1 3.4831359816679028 0.084275199557028571 157512 157404 108 16926980 16917788 9192
2.8699999999999828 0 1 8.1072909229453263 0.19640835910333251 158632 158524 108 16972900 16963708 9192
2.8799999999999826 0 1 3.4831359816679028 0.084275199557028571 159272 159164 108 16999140 16989948 9192
2.8899999999999824 0 1 3.0477439839594149 0.073740799612400001 159832 159724 108 17022100 17012908 9192
2.8999999999999821 0 1 3.0477439839594149 0.073740799612400001 160392 160284 108 17045060 17035868 9192
2.9099999999999819 0 1 4.3539199770848782 0.10534399944628572 161192 161084 108 17077860 17068668 9192
2.9199999999999817 0 1 4.7893119747933666 0.11587839939091429 162072 161964 108 17113940 17104748 9192
2.9299999999999815 0 1 3.6767172594949997 0.0890964795035495 162632 162524 108 17136900 17127708 9192
2.9399999999999813 0 1 3.4831359816679028 0.084275199557028571 163272 163164 108 17163140 17153948 9192
2.9499999999999811 0 1 3.4831359816679028 0.084275199557028571 163912 163804 108 17189380 17180188 9192
2.9599999999999809 0 1 3.4831359816679028 0.084275199557028571 164555 164447 108 17215740 17206548 9192
2.9699999999999807 0 1 3.4831359816679028 0.084275199557028571 165192 165084 108 17241860 17232668 9192
2.9799999999999804 0 1 2.612351986250927 0.063206399667771432 165672 165564 108 17261540 17252348 9192
2.9899999999999802 0 1 6.1233654079197093 0.14831263922383858 166632 166524 108 17300900 17291708 9192
2.99999999999998 0 1 5.6600959702103424 0.13694719928017143 167672 167564 108 17343540 17334348 9192
3.0099999999999798 0 1 5.224703972501854 0.12641279933554286 168632 168524 108 17382900 17373708 9192
3.0199999999999796 0 1 2.612351986250927 0.063206399667771432 169112 169004 108 17402580 17393388 9192
3.0299999999999794 0 1 7.6762879654596574 0.18595839916395859 170072 169964 108 17441940 17432748 9192
3.0399999999999792 0 1 2.1769599885424391 0.052671999723142862 170472 170364 108 17458340 17449148 9192
3.049999999999979 0 1 5.224703972501854 0.12641279933554286 171432 171324 108 17497700 17488508 9192
3.0599999999999787 0 1 2.17695998854243