0 0 1 0 0 0 0 0 0 0 0
0.01 0 1 0.0 0.0 0 0 0 0 0 0
0.02 0 1 0.0 0.0 0 0 0 0 0 0
0.029999999999999999 0 1 0.0 0.0 0 0 0 0 0 0
0.040000000000000001 0 1 0.0 0.0 0 0 0 0 0 0
0.050000000000000003 0 1 0.0 0.0 0 0 0 0 0 0
0.060000000000000005 0 1 0.0 0.0 0 0 0 0 0 0
0.070000000000000007 0 1 0.0 0.0 0 0 0 0 0 0
0.080000000000000002 0 1 0.0 0.0 0 0 0 0 0 0
0.089999999999999997 0 1 0.0 0.0 0 0 0 0 0 0
0.099999999999999992 0 1 0.0 0.0 0 0 0 0 0 0
0.10999999999999999 0 1 0.0 0.0 0 0 0 0 0 0
0.11999999999999998 0 1 0.0 0.0 0 0 0 0 0 0
0.12999999999999998 0 1 0.0 0.0 0 0 0 0 0 0
0.13999999999999999 0 1 0.0 0.0 0 0 0 0 0 0
0.14999999999999999 0 1 0.0 0.0 0 0 0 0 0 0
0.16 0 1 0.0 0.0 0 0 0 0 0 0
0.17000000000000001 0 1 0.0 0.0 0 0 0 0 0 0
0.18000000000000002 0 1 0.0 0.0 0 0 0 0 0 0
0.19000000000000003 0 1 0.0 0.0 0 0 0 0 0 0
0.20000000000000004 0 1 0.0 0.0 0 0 0 0 0 0
0.21000000000000005 0 1 0.0 0.0 0 0 0 0 0 0
0.22000000000000006 0 1 0.0 0.0 0 0 0 0 0 0
0.23000000000000007 0 1 0.0 0.0 0 0 0 0 0 0
0.24000000000000007 0 1 0.0 0.0 0 0 0 0 0 0
0.25000000000000006 0 1 0.0 0.0 0 0 0 0 0 0
0.26000000000000006 0 1 0.0 0.0 0 0 0 0 0 0
0.27000000000000007 0 1 0.0 0.0 0 0 0 0 0 0
0.28000000000000008 0 1 0.0 0.0 0 0 0 0 0 0
0.29000000000000009 0 1 0.0 0.0 0 0 0 0 0 0
0.3000000000000001 0 1 0.0 0.0 0 0 0 0 0 0
0.31000000000000011 0 1 0.0 0.0 0 0 0 0 0 0
0.32000000000000012 0 1 0.0 0.0 0 0 0 0 0 0
0.33000000000000013 0 1 0.0 0.0 0 0 0 0 0 0
0.34000000000000014 0 1 0.0 0.0 0 0 0 0 0 0
0.35000000000000014 0 1 0.0 0.0 0 0 0 0 0 0
0.36000000000000015 0 1 0.0 0.0 0 0 0 0 0 0
0.37000000000000016 0 1 0.0 0.0 0 0 0 0 0 0
0.38000000000000017 0 1 0.0 0.0 0 0 0 0 0 0
0.39000000000000018 0 1 0.0 0.0 0 0 0 0 0 0
0.40000000000000019 0 1 0.0 0.0 0 0 0 0 0 0
0.4100000000000002 0 1 0.0 0.0 0 0 0 0 0 0
0.42000000000000021 0 1 0.0 0.0 0 0 0 0 0 0
0.43000000000000022 0 1 0.0 0.0 0 0 0 0 0 0
0.44000000000000022 0 1 0.0 0.0 0 0 0 0 0 0
0.45000000000000023 0 1 0.0 0.0 0 0 0 0 0 0
0.46000000000000024 0 1 0.0 0.0 0 0 0 0 0 0
0.47000000000000025 0 1 0.0 0.0 0 0 0 0 0 0
0.48000000000000026 0 1 0.0 0.0 0 0 0 0 0 0
0.49000000000000027 0 1 0.0 0.0 0 0 0 0 0 0
0.50000000000000022 0 1 0.0 0.0 0 0 0 0 0 0
0.51000000000000023 0 1 0.0 0.0 0 0 0 0 0 0
0.52000000000000024 0 1 0.0 0.0 0 0 0 0 0 0
0.53000000000000025 0 1 0.0 0.0 0 0 0 0 0 0
0.54000000000000026 0 1 0.0 0.0 0 0 0 0 0 0
0.55000000000000027 0 1 0.0 0.0 0 0 0 0 0 0
0.56000000000000028 0 1 0.0 0.0 0 0 0 0 0 0
0.57000000000000028 0 1 0.0 0.0 0 0 0 0 0 0
0.58000000000000029 0 1 0.0 0.0 0 0 0 0 0 0
0.5900000000000003 0 1 0.0 0.0 0 0 0 0 0 0
0.60000000000000031 0 1 0.0 0.0 0 0 0 0 0 0
0.61000000000000032 0 1 0.0 0.0 0 0 0 0 0 0
0.62000000000000033 0 1 0.0 0.0 0 0 0 0 0 0
0.63000000000000034 0 1 0.0 0.0 0 0 0 0 0 0
0.64000000000000035 0 1 0.0 0.0 0 0 0 0 0 0
0.65000000000000036 0 1 0.0 0.0 0 0 0 0 0 0
0.66000000000000036 0 1 0.0 0.0 0 0 0 0 0 0
0.67000000000000037 0 1 0.0 0.0 0 0 0 0 0 0
0.68000000000000038 0 1 0.0 0.0 0 0 0 0 0 0
0.69000000000000039 0 1 0.0 0.0 0 0 0 0 0 0
0.7000000000000004 0 1 0.0 0.0 0 0 0 0 0 0
0.71000000000000041 0 1 0.0 0.0 0 0 0 0 0 0
0.72000000000000042 0 1 0.0 0.0 0 0 0 0 0 0
0.73000000000000043 0 1 0.0 0.0 0 0 0 0 0 0
0.74000000000000044 0 1 0.0 0.0 0 0 0 0 0 0
0.75000000000000044 0 1 0.0 0.0 0 0 0 0 0 0
0.76000000000000045 0 1 0.0 0.0 0 0 0 0 0 0
0.77000000000000046 0 1 0.0 0.0 0 0 0 0 0 0
0.78000000000000047 0 1 0.0 0.0 0 0 0 0 0 0
0.79000000000000048 0 1 0.0 0.0 0 0 0 0 0 0
0.80000000000000049 0 1 0.0 0.0 0 0 0 0 0 0
0.8100000000000005 0 1 0.0 0.0 0 0 0 0 0 0
0.82000000000000051 0 1 0.0 0.0 0 0 0 0 0 0
0.83000000000000052 0 1 0.0 0.0 0 0 0 0 0 0
0.84000000000000052 0 1 0.0 0.0 0 0 0 0 0 0
0.85000000000000053 0 1 0.0 0.0 0 0 0 0 0 0
0.86000000000000054 0 1 0.0 0.0 0 0 0 0 0 0
0.87000000000000055 0 1 0.0 0.0 0 0 0 0 0 0
0.88000000000000056 0 1 0.0 0.0 0 0 0 0 0 0
0.89000000000000057 0 1 0.0 0.0 0 0 0 0 0 0
0.90000000000000058 0 1 0.0 0.0 0 0 0 0 0 0
0.91000000000000059 0 1 0.0 0.0 0 0 0 0 0 0
0.9200000000000006 0 1 0.0 0.0 0 0 0 0 0 0
0.9300000000000006 0 1 0.0 0.0 0 0 0 0 0 0
0.94000000000000061 0 1 0.0 0.0 0 0 0 0 0 0
0.95000000000000062 0 1 0.0 0.0 0 0 0 0 0 0
0.96000000000000063 0 1 0.0 0.0 0 0 0 0 0 0
0.97000000000000064 0 1 0.0 0.0 0 0 0 0 0 0
0.98000000000000065 0 1 0.0 0.0 0 0 0 0 0 0
0.99000000000000066 0 1 0.0 0.0 0 0 0 0 0 0
1.0000000000000007 0 1 0.0 0.0 0 0 0 0 0 0
1.0100000000000007 0 1 1.7415680020871334 0.04213760005038477 440 440 0 18000 18000 0
1.0200000000000007 0 1 6.1595105674919051 0.14907256418101852 1560 1560 0 63920 63920 0
1.0300000000000007 0 1 7.6762880079494984 0.18595840019226523 2520 2520 0 103280 103280 0
1.0400000000000007 0 1 3.0477440036524834 0.073740800088173339 3080 3080 0 126240 126240 0
1.0500000000000007 0 1 4.7893120057396166 0.11587840013855812 3960 3960 0 162320 162320 0
1.0600000000000007 0 1 3.0477440036524834 0.073740800088173339 4520 4520 0 185280 185280 0
1.0700000000000007 0 1 4.3539200052178337 0.10534400012596191 5320 5320 0 218080 218080 0
1.0800000000000007 0 1 5.2247040062614003 0.1264128001511543 6280 6280 0 257440 257440 0
1.0900000000000007 0 1 5.2247040062614003 0.1264128001511543 7240 7240 0 296800 296800 0
1.1000000000000008 0 1 5.2247040062614003 0.1264128001511543 8200 8200 0 336160 336160 0
1.1100000000000008 0 1 8.9824640095148496 0.2175616002300538 9400 9400 0 385360 385360 0
1.1200000000000008 0 1 7.6762880079494984 0.18595840019226523 10360 10360 0 424720 424720 0
1.1300000000000008 0 1 9.8532480105584153 0.23863040025524618 11720 11720 0 480480 480480 0
1.1400000000000008 0 1 4.7893120057396166 0.11587840013855812 12600 12600 0 516560 516560 0
1.1500000000000008 0 1 2.1769600026089169 0.052672000062980957 13000 13000 0 532960 532960 0
1.1600000000000008 0 1 4.7893120057396166 0.11587840013855812 13880 13880 0 569040 569040 0
1.1700000000000008 0 1 6.8055040069059318 0.16488960016707285 14680 14680 0 601840 601840 0
1.1800000000000008 0 1 2.6123520031307002 0.063206400075577152 15160 15160 0 621520 621520 0
1.1900000000000008 0 1 3.91852800469605 0.094809600113365727 15880 15880 0 651040 651040 0
1.2000000000000008 0 1 4.7893120057396166 0.11587840013855812 16760 16760 0 687120 687120 0
1.2100000000000009 0 1 4.3539200052178337 0.10534400012596191 17560 17560 0 719920 719920 0
1.2200000000000009 0 1 10.288640011080199 0.24916480026784238 19000 19000 0 778960 778960 0
1.2300000000000009 0 1 2.6123520031307002 0.063206400075577152 19480 19480 0 798640 798640 0
1.2400000000000009 0 1 3.91852800469605 0.094809600113365727 20200 20200 0 828160 828160 0
1.2500000000000009 0 1 3.0477440036524834 0.073740800088173339 20760 20760 0 851120 851120 0
1.2600000000000009 0 1 4.3539200052178337 0.10534400012596191 21560 21560 0 883920 883920 0
1.2700000000000009 0 1 4.3539200052178337 0.10534400012596191 22360 22360 0 916720 916720 0
1.2800000000000009 0 1 6.0954880073049669 0.14748160017634668 23480 23480 0 962640 962640 0
1.2900000000000009 0 1 2.6154215335389952 0.063282258335783881 23985 23984 0 983324 983284 0
1.3000000000000009 0 1 2.1738904722006218 0.052596141802774228 24360 24360 0 998720 998720 0
1.3100000000000009 0 1 5.6600960067831831 0.1369472001637505 25400 25400 0 1041360 1041360 0
1.320000000000001 0 1 4.7893120057396166 0.11587840013855812 26280 26280 0 1077440 1077440 0
1.330000000000001 0 1 2.6123520031307002 0.063206400075577152 26760 26760 0 1097120 1097120 0
1.340000000000001 0 1 3.4831360041742667 0.08427520010076954 27400 27400 0 1123360 1123360 0
1.350000000000001 0 1 4.3539200052178337 0.10534400012596191 28200 28200 0 1156160 1156160 0
1.360000000000001 0 1 3.0477440036524834 0.073740800088173339 28760 28760 0 1179120 1179120 0
1.370000000000001 0 1 4.7893120057396166 0.11587840013855812 29640 29640 0 1215200 1215200 0
1.380000000000001 0 1 3.4831360041742667 0.08427520010076954 30280 30280 0 1241440 1241440 0
1.390000000000001 0 1 3.91852800469605 0.094809600113365727 31000 31000 0 1270960 1270960 0
1.400000000000001 0 1 5.2189197771389262 0.12627508041014301 31958 31957 0 1310236 1310194 0
1.410000000000001 0 1 2.6181362322531743 0.06334411981658844 32440 32440 0 1330000 1330000 0
1.420000000000001 0 1 3.0477440036524834 0.073740800088173339 33000 33000 0 1352960 1352960 0
1.430000000000001 0 1 2.6183949844649201 0.063354960595929322 33507 33505 0 1373726 1373644 0
1.4400000000000011 0 1 7.6702450266152784 0.18580983967191306 34440 34440 0 1412000 1412000 0
1.4500000000000011 0 1 5.2247040062614003 0.1264128001511543 35400 35400 0 1451360 1451360 0
1.4600000000000011 0 1 3.4831360041742667 0.08427520010076954 36040 36040 0 1477600 1477600 0
1.4700000000000011 0 1 6.1301288075397533 0.14847760018230613 37000 37000 0 1516960 1516960 0
1.4800000000000011 0 1 5.6600960067831831 0.1369472001637505 38040 38040 0 1559600 1559600 0
1.4900000000000011 0 1 8.1116800084712821 0.19649280020486143 39080 39080 0 1602240 1602240 0
1.5000000000000011 0 1 6.9299270495037417 0.16768504403856785 40353 40349 0 1654426 1654258 0
1.5100000000000011 0 1 6.4220089656786552 0.1555773563282957 41160 41160 0 1687520 1687520 0
1.5200000000000011 0 1 2.6617811295781979 0.064416295377722699 41680 41675 0 1708820 1708614 0
1.5300000000000011 0 1 2.5629228766832024 0.061996504773431604 42120 42120 0 1726880 1726880 0
1.5400000000000011 0 1 8.1116800084712821 0.19649280020486143 43160 43160 0 1769520 1769520 0
1.5500000000000012 0 1 3.91852800469605 0.094809600113365727 43880 43880 0 1799040 1799040 0
1.5600000000000012 0 1 5.6600960067831831 0.1369472001637505 44920 44920 0 1841680 1841680 0
1.5700000000000012 0 1 3.91852800469605 0.094809600113365727 45640 45640 0 1871200 1871200 0
1.5800000000000012 0 1 3.91852800469605 0.094809600113365727 46360 46360 0 1900720 1900720 0
1.5900000000000012 0 1 4.7893120057396166 0.11587840013855812 47240 47240 0 1936800 1936800 0
1.6000000000000012 0 1 3.9396595247960651 0.095336288115865836 47960 47960 0 1966320 1966320 0
1.6100000000000012 0 1 8.5470720089930659 0.2070272002174576 49080 49080 0 2012240 2012240 0
1.6200000000000012 0 1 8.5470720089930659 0.2070272002174576 50200 50200 0 2058160 2058160 0
1.6300000000000012 0 1 5.2247040062614003 0.1264128001511543 51160 51160 0 2097520 2097520 0
1.6400000000000012 0 1 4.3539200052178337 0.10534400012596191 51960 51960 0 2130320 2130320 0
1.6500000000000012 0 1 3.0477440036524834 0.073740800088173339 52520 52520 0 2153280 2153280 0
1.6600000000000013 0 1 5.2247040062614003 0.1264128001511543 53480 53480 0 2192640 2192640 0
1.6700000000000013 0 1 5.6600960067831831 0.1369472001637505 54520 54520 0 2235280 2235280 0
1.6800000000000013 0 1 6.6916723283996165 0.16236992020375304 55160 55160 0 2261520 2261520 0
1.6900000000000013 0 1 1.7415680020871334 0.04213760005038477 55480 55480 0 2274640 2274640 0
1.7000000000000013 0 1 3.0477440036524834 0.073740800088173339 56040 56040 0 2297600 2297600 0
1.7100000000000013 0 1 3.4831360041742667 0.08427520010076954 56680 56680 0 2323840 2323840 0
1.7200000000000013 0 1 6.5308800078267497 0.15801600018894288 57880 57880 0 2373040 2373040 0
1.7300000000000013 0 1 8.9824640095148496 0.2175616002300538 59080 59080 0 2422240 2422240 0
1.7400000000000013 0 1 2.1769600026089169 0.052672000062980957 59480 59480 0 2438640 2438640 0
1.7500000000000013 0 1 3.0302476427438636 0.073324220066539533 60036 60033 0 2461432 2461306 0
1.7600000000000013 0 1 8.0355094089857566 0.19462482021688193 61080 61080 0 2504240 2504240 0
1.7700000000000014 0 1 3.91852800469605 0.094809600113365727 61800 61800 0 2533760 2533760 0
1.7800000000000014 0 1 4.7893120057396166 0.11587840013855812 62680 62680 0 2569840 2569840 0
1.7900000000000014 0 1 8.5470720089930659 0.2070272002174576 63800 63800 0 2615760 2615760 0
1.8000000000000014 0 1 5.6600960067831831 0.1369472001637505 64840 64840 0 2658400 2658400 0
1.8100000000000014 0 1 8.9824640095148496 0.2175616002300538 66040 66040 0 2707600 2707600 0
1.8200000000000014 0 1 8.3182240088148713 0.17400160016904903 66954 66954 0 2851360 2851360 0
1.8300000000000014 0 1 32.604517051694529 0.53207431036776898 68279 68279 0 3403910 3403910 0
1.8400000000000014 0 1 42.439451943941506 0.67937479860804506 69733 69733 0 4008250 4008250 0
1.8500000000000014 0 1 45.363608869201059 0.78010506888961317 71463 71463 0 4575500 4575500 0
1.8600000000000014 0 1 24.808145975423624 0.38093597188504325 72587 72587 0 5163470 5163470 0
1.8700000000000014 0 1 59.328698483647408 0.95592694816823887 74265 74265 0 5761810 5761810 0
1.8800000000000014 0 1 25.064904191159187 0.44007214881147633 75461 75461 0 6338490 6338490 0
1.8900000000000015 0 1 39.276480746077802 0.63290497394383693 76865 76865 0 6969250 6969250 0
1.9000000000000015 0 1 45.742467827978665 0.70872751395321054 78245 78225 0 7655016 7653228 0
1.9100000000000015 0 1 63.635059640282229 0.94571093900956882 79887 79887 0 8290790 8290790 0
1.9200000000000015 0 1 29.364640061370313 0.48655891589801614 81064 81030 0 8930268 8928860 0
1.9300000000000015 0 1 14.748403874452253 0.23659694015207822 81880 81880 0 9428740 9428740 0
1.9400000000000015 0 1 24.293779262799898 0.39620267044098123 83013 83013 0 10018970 10018970 0
1.9500000000000015 0 1 39.08901744226997 0.69042401292898004 84579 84579 0 10582350 10582350 0
1.9600000000000015 0 1 33.893358077817233 0.59800305255168718 85923 85923 0 11153710 11153710 0
1.9700000000000015 0 1 43.865413247853894 0.66878002562420436 87367 87367 0 11748150 11748150 0
1.9800000000000015 0 1 49.584598259811806 0.80796360829506964 89134 89134 0 12358680 12358680 0
1.9900000000000015 0 1 57.38789975431073 0.86909530598926399 90555 90555 0 12930350 12930350 0
2.0000000000000013 0 1 51.933844060108122 0.81681800072132627 92078 92078 0 13527080 13527080 0
2.0100000000000011 0 1 14.317740775080829 0.24276424250158596 92889 92889 0 13797880 13797880 0
2.0200000000000009 0 1 4.3566355769578502 0.10541188944311 93689 93689 0 13830680 13830680 0
2.0300000000000007 0 1 6.0955610478786912 0.14748342622379654 94809 94809 0 13876600 13876600 0
2.0400000000000005 0 1 2.1769599885424391 0.052671999723142862 95209 95209 0 13893000 13893000 0
2.0500000000000003 0 1 4.7893119747933666 0.11587839939091429 96089 96089 0 13929080 13929080 0
2.0600000000000001 0 1 4.7893119747933666 0.11587839939091429 96969 96969 0 13965160 13965160 0
2.0699999999999998 0 1 3.0477439839594149 0.073740799612400001 97529 97529 0 13988120 13988120 0
2.0799999999999996 0 1 2.1769599885424391 0.052671999723142862 97929 97929 0 14004520 14004520 0
2.0899999999999994 0 1 4.3539199770848782 0.10534399944628572 98729 98729 0 14037320 14037320 0
2.0999999999999992 0 1 3.4831359816679028 0.084275199557028571 99369 99369 0 14063560 14063560 0
2.109999999999999 0 1 5.916750130204333 0.1433389592790521 100249 100249 0 14099640 14099640 0
2.1199999999999988 0 1 3.4831359816679028 0.084275199557028571 100889 100889 0 14125880 14125880 0
2.1299999999999986 0 1 2.1769599885424391 0.052671999723142862 101289 101289 0 14142280 14142280 0
2.1399999999999983 0 1 5.224703972501854 0.12641279933554286 102249 102249 0 14181640 14181640 0
2.1499999999999981 0 1 3.0477439839594149 0.073740799612400001 102809 102809 0 14204600 14204600 0
2.1599999999999979 0 1 11.842239938953977 0.28685599852216803 104489 104489 0 14273480 14273480 0
2.1699999999999977 0 1 3.9185279793763907 0.094809599501657155 105209 105209 0 14303000 14303000 0
2.1799999999999975 0 1 6.0994380525089174 0.14778687933479123 106009 106009 0 14335800 14335800 0
2.1899999999999973 0 1 5.9347199746257058 0.14382079938544429 106649 106649 0 14362040 14362040 0
2.1999999999999971 0 1 7.88499715881147 0.19093959900376287 107929 107929 0 14414520 14414520 0
2.2099999999999969 0 1 7.2408959677511699 0.17542399921933002 108809 108809 0 14450600 14450600 0
2.2199999999999966 0 1 3.9185279793763907 0.094809599501657155 109529 109529 0 14480120 14480120 0
2.2299999999999964 0 1 3.9185279793763907 0.094809599501657155 110249 110249 0 14509640 14509640 0
2.2399999999999962 0 1 3.0477439839594149 0.073740799612400001 110809 110809 0 14532600 14532600 0
2.249999999999996 0 1 6.8055039700426816 0.16488959927470145 111609 111609 0 14565400 14565400 0
2.2599999999999958 0 1 4.3539199770848782 0.10534399944628572 112409 112409 0 14598200 14598200 0
2.2699999999999956 0 1 7.5954324434165894 0.18398447911507745 113529 113529 0 14644120 14644120 0
2.2799999999999954 0 1 3.0477439839594149 0.073740799612400001 114089 114089 0 14667080 14667080 0
2.2899999999999952 0 1 4.3539199770848782 0.10534399944628572 114889 114889 0 14699880 14699880 0
2.2999999999999949 0 1 6.0845753232437314 0.14722177435158337 116006 116004 0 14745674 14745590 0
2.3099999999999947 0 1 3.0586566286345138 0.074000624485616645 116569 116569 0 14768760 14768760 0
2.3199999999999945 0 1 2.612351986250927 0.063206399667771432 117049 117049 0 14788440 14788440 0
2.3299999999999943 0 1 3.4831359816679028 0.084275199557028571 117689 117689 0 14814680 14814680 0
2.3399999999999941 0 1 2.612351986250927 0.063206399667771432 118169 118169 0 14834360 14834360 0
2.3499999999999939 0 1 11.476799953943374 0.27858079888268311 119049 119049 0 14870440 14870440 0
2.3599999999999937 0 1 4.3539199770848782 0.10534399944628572 119849 119849 0 14903240 14903240 0
2.3699999999999934 0 1 5.6600959702103424 0.13694719928017143 120889 120889 0 14945880 14945880 0
2.3799999999999932 0 1 4.0340890183402118 0.097674625475765303 121609 121609 0 14975400 14975400 0
2.389999999999993 0 1 6.5308799656273182 0.15801599916942857 122809 122809 0 15024600 15024600 0
2.3999999999999928 0 1 7.6762879654596574 0.18595839916395859 123769 123769 0 15063960 15063960 0
2.4099999999999926 0 1 2.612351986250927 0.063206399667771432 124249 124249 0 15083640 15083640 0
2.4199999999999924 0 1 5.224703972501854 0.12641279933554286 125209 125209 0 15123000 15123000 0
2.4299999999999922 0 1 2.612351986250927 0.063206399667771432 125689 125689 0 15142680 15142680 0
2.439999999999992 0 1 3.4831359816679028 0.084275199557028571 126329 126329 0 15168920 15168920 0
2.4499999999999917 0 1 7.6762879654596574 0.18595839916395859 127289 127289 0 15208280 15208280 0
2.4599999999999915 0 1 2.612351986250927 0.063206399667771432 127769 127769 0 15227960 15227960 0
2.4699999999999913 0 1 1.3061759931254635 0.031603199833885716 128009 128009 0 15237800 15237800 0
2.4799999999999911 0 1 3.4831359816679028 0.084275199557028571 128649 128649 0 15264040 15264040 0
2.4899999999999909 0 1 7.8222880454747461 0.18967047916334373 129449 129449 0 15296840 15296840 0
2.4999999999999907 0 1 3.0524671837853332 0.073858879608047948 130009 130009 0 15319800 15319800 0
2.5099999999999905 0 1 4.3539199770848782 0.10534399944628572 130809 130809 0 15352600 15352600 0
2.5199999999999902 0 1 4.3130206148839036 0.10447343939210763 131529 131529 0 15382120 15382120 0
2.52999999999999 0 1 3.4831359816679028 0.084275199557028571 132169 132169 0 15408360 15408360 0
2.5399999999999898 0 1 3.4831359816679028 0.084275199557028571 132809 132809 0 15434600 15434600 0
2.5499999999999896 0 1 3.0477439839594149 0.073740799612400001 133369 133369 0 15457560 15457560 0
2.5599999999999894 0 1 4.7893119747933666 0.11587839939091429 134249 134249 0 15493640 15493640 0
2.5699999999999892 0 1 5.224703972501854 0.12641279933554286 135209 135209 0 15533000 15533000 0
2.579999999999989 0 1 5.224703972501854 0.12641279933554286 136169 136169 0 15572360 15572360 0
2.5899999999999888 0 1 6.8055039700426816 0.16488959927470145 136969 136969 0 15605160 15605160 0
2.5999999999999885 0 1 1.3061759931254635 0.031603199833885716 137209 137209 0 15615000 15615000 0
2.6099999999999883 0 1 4.3539199770848782 0.10534399944628572 138009 138009 0 15647800 15647800 0
2.6199999999999881 0 1 6.7243464434449161 0.16283447911571783 139129 139129 0 15693720 15693720 0
2.6299999999999879 0 1 4.7893119747933666 0.11587839939091429 140009 140009 0 15729800 15729800 0
2.6399999999999877 0 1 3.4831359816679028 0.084275199557028571 140649 140649 0 15756040 15756040 0
2.6499999999999875 0 1 6.7675210833756712 0.16388751911402893 141769 141769 0 15801960 15801960 0
2.6599999999999873 0 1 3.4831359816679028 0.084275199557028571 142409 142409 0 15828200 15828200 0
2.6699999999999871 0 1 1.3061759931254635 0.031603199833885716 142649 142649 0 15838040 15838040 0
2.6799999999999868 0 1 2.1972270051926057 0.053168690296480102 143082 143079 0 15855772 15855650 0
2.6899999999999866 0 1 4.333652960434712 0.10484730887294848 143849 143849 0 15887240 15887240 0
2.6999999999999864 0 1 8.5470719608766341 0.20702719905321573 144969 144969 0 15933160 15933160 0
2.7099999999999862 0 1 3.9185279793763907 0.094809599501657155 145706 145706 0 15963360 15963360 0
2.719999999999986 0 1 2.1769599885424391 0.052671999723142862 146089 146089 0 15979080 15979080 0
2.7299999999999858 0 1 5.6600959702103424 0.13694719928017143 147129 147129 0 16021720 16021720 0
2.7399999999999856 0 1 1.3061759931254635 0.031603199833885716 147369 147369 0 16031560 16031560 0
2.7499999999999853 0 1 5.6600959702103424 0.13694719928017143 148409 148409 0 16074200 16074200 0
2.7599999999999851 0 1 4.3539199770848782 0.10534399944628572 149209 149209 0 16107000 16107000 0
2.7699999999999849 0 1 4.3539199770848782 0.10534399944628572 150009 150009 0 16139800 16139800 0
2.7799999999999847 0 1 5.6600959702103424 0.13694719928017143 151049 151049 0 16182440 16182440 0
2.7899999999999845 0 1 4.7950884546211681 0.11602281138660933 151929 151929 0 16218520 16218520 0
2.7999999999999843 0 1 4.3539199770848782 0.10534399944628572 152745 152745 0 16251960 16251960 0
2.8099999999999841 0 1 4.4404415762714207 0.10749103942595768 153529 153529 0 16284120 16284120 0
2.8199999999999839 0 1 3.4831359816679028 0.084275199557028571 154169 154169 0 16310360 16310360 0
2.8299999999999836 0 1 2.1769599885424391 0.052671999723142862 154569 154569 0 16326760 16326760 0
2.8399999999999834 0 1 4.3539199770848782 0.10534399944628572 155369 155369 0 16359560 16359560 0
2.8499999999999832 0 1 5.224703972501854 0.12641279933554286 156329 156329 0 16398920 16398920 0
2.859999999999983 0 1 3.4831359816679028 0.084275199557028571 156969 156969 0 16425160 16425160 0
2.8699999999999828 0 1 8.1072909229453263 0.19640835910333251 158089 158089 0 16471080 16471080 0
2.8799999999999826 0 1 3.4831359816679028 0.084275199557028571 158729 158729 0 16497320 16497320 0
2.8899999999999824 0 1 3.0477439839594149 0.073740799612400001 159289 159289 0 16520280 16520280 0
2.8999999999999821 0 1 3.0477439839594149 0.073740799612400001 159849 159849 0 16543240 16543240 0
2.9099999999999819 0 1 4.3539199770848782 0.10534399944628572 160649 160649 0 16576040 16576040 0
2.9199999999999817 0 1 4.7893119747933666 0.11587839939091429 161529 161529 0 16612120 16612120 0
2.9299999999999815 0 1 3.6767172594949997 0.0890964795035495 162089 162089 0 16635080 16635080 0
2.9399999999999813 0 1 3.4831359816679028 0.084275199557028571 162729 162729 0 16661320 16661320 0
2.9499999999999811 0 1 3.4831359816679028 0.084275199557028571 163369 163369 0 16687560 16687560 0
2.9599999999999809 0 1 3.4831359816679028 0.084275199557028571 164012 164012 0 16713920 16713920 0
2.9699999999999807 0 1 3.4831359816679028 0.084275199557028571 164649 164649 0 16740040 16740040 0
2.9799999999999804 0 1 2.612351986250927 0.063206399667771432 165129 165129 0 16759720 16759720 0
2.9899999999999802 0 1 6.1233654079197093 0.14831263922383858 166089 166089 0 16799080 16799080 0
2.99999999999998 0 1 5.6600959702103424 0.13694719928017143 167129 167129 0 16841720 16841720 0
3.0099999999999798 0 1 5.224703972501854 0.12641279933554286 168089 168089 0 16881080 16881080 0
3.0199999999999796 0 1 2.612351986250927 0.063206399667771432 168569 168569 0 16900760 16900760 0
3.0299999999999794 0 1 7.6762879654596574 0.18595839916395859 169529 169529 0 16940120 16940120 0
3.0399999999999792 0 1 2.1769599885424391 0.052671999723142862 169929 169929 0 16956520 16956520 0
3.049999999999979 0 1 5.224703972501854 0.12641279933554286 170889 170889 0 16995880 16995880 0
3.0599999999999787 0 1 2.1769599885424391 0.052671999723142862 171289 171289 0 17012280 17012280 0
3.0699999999999785 0 1 10.563263956125949 0.25603839893700286 172329 172329 0 17054920 17054920 0
3.0799999999999783 0 1 2.612351986250927 0.063206399667771432 172809 172809 0 17074600 17074600 0
3.0899999999999781 0 1 6.0954879679188299 0.1474815992248 173929 173929 0 17120520 17120520 0
3.0999999999999779 0 1 5.6600959702103424 0.13694719928017143 174969 174969 0 17163160 17163160 0
3.1099999999999777 0 1 3.4831359816679028 0.084275199557028571 175609 175609 0 17189400 17189400 0
3.1199999999999775 0 1 1.7415679908339514 0.042137599778514286 175929 175929 0 17202520 17202520 0
3.1299999999999772 0 1 6.3701119723341941 0.15435519933007288 176649 176649 0 17232040 17232040 0
3.139999999999977 0 1 9.4178559562936091 0.22809599894247287 177929 177929 0 17284520 17284520 0
3.1499999999999768 0 1 3.0477439839594149 0.073740799612400001 178489 178489 0 17307480 17307480 0
3.1599999999999766 0 1 5.6600959702103424 0.13694719928017143 179529 179529 0 17350120 17350120 0
3.1699999999999764 0 1 11.434047951542924 0.27710719882626 180729 180729 0 17399320 17399320 0
3.1799999999999762 0 1 6.8055039700426816 0.16488959927470145 181529 181529 0 17432120 17432120 0
3.189999999999976 0 1 3.9185279793763907 0.094809599501657155 182249 182249 0 17461640 17461640 0
3.1999999999999758 0 1 4.3539199770848782 0.10534399944628572 183049 183049 0 17494440 17494440 0
3.2099999999999755 0 1 5.224703972501854 0.12641279933554286 184009 184009 0 17533800 17533800 0
3.2199999999999753 0 1 3.0477439839594149 0.073740799612400001 184569 184569 0 17556760 17556760 0
3.2299999999999751 0 1 6.5308799656273182 0.15801599916942857 185769 185769 0 17605960 17605960 0
3.2399999999999749 0 1 16.261216419043027 0.19625126478346885 186519 186519 0 17813220 17813220 0
3.2499999999999747 0 1 143.77442679461231 1.0880095390932052 188101 188101 0 18544280 18544280 0
3.2599999999999745 0 1 206.11696958469091 1.2976253898471068 189854 189854 0 19368710 19368710 0
3.2699999999999743 0 1 176.29986232481676 0.5131939649328231 190995 190995 0 20194620 20194620 0
3.279999999999974 0 1 210.67596088350604 0.83304068419420396 192414 192414 0 21067990 21067990 0
3.2899999999999738 0 1 221.72107167021048 0.89845256057176892 194016 194016 0 21970690 21970690 0
3.2999999999999736 0 1 222.2433334106735 1.2562592958588683 195887 195887 0 22911940 22911940 0
3.3099999999999734 0 1 205.85923564313399 1.0331873045165139 197582 197582 0 23830790 23830790 0
3.3199999999999732 0 1 200.30492534295962 1.0588359240189198 199374 199374 0 24769750 24769750 0
3.329999999999973 0 1 208.83374645362755 1.3096302173634391 201407 201407 0 25719540 25719540 0
3.3399999999999728 0 1 162.10779461057373 0.66806062326049442 202961 202961 0 26650640 26650640 0
3.3499999999999726 0 1 219.2663350711594 0.79819754347433858 204746 204746 0 27582670 27582670 0
3.3599999999999723 0 1 273.39656212445698 1.8070903189731642 206851 206851 0 28527820 28527820 0
3.3699999999999721 0 1 233.80274399594063 1.3613582507678703 209270 209270 0 29480150 29480150 0
3.3799999999999719 0 1 271.75597585929938 1.7816182964806184 211540 211540 0 30436810 30436810 0
3.3899999999999717 0 1 198.95625710166581 1.0905003248610667 213333 213333 0 31376760 31376760 0
3.3999999999999715 0 1 207.40998655967553 1.213000690228875 215120 215120 0 32310770 32310770 0
3.4099999999999713 0 1 223.62171620112883 0.93259281368635916 216743 216743 0 33234260 33234260 0
3.4199999999999711 0 1 171.63132124969994 0.91848159321854261 218384 218384 0 34175570 34175570 0
3.4299999999999708 0 1 200.90256448515024 1.0512308619859969 220157 220157 0 35095720 35095720 0
3.4399999999999706 0 1 240.14899514915382 1.3438662473991345 222026 222026 0 36034990 36034990 0
3.4499999999999704 0 1 170.75813332692462 0.75137405878470886 223581 223581 0 36967080 36967080 0
3.4599999999999702 0 1 153.91024749939515 0.41145556398026517 224901 224901 0 37894280 37894280 0
3.46999999999997 0 1 212.73379371425261 1.5864989660103639 226839 226839 0 38749370 38749370 0
3.4799999999999698 0 1 45.406753403462467 0.78253664846987259 228267 228267 0 39327320 39327320 0
3.4899999999999696 0 1 3.9185279793763907 0.094809599501657155 228987 228987 0 39356840 39356840 0
3.4999999999999694 0 1 3.0477439839594149 0.073740799612400001 229547 229547 0 39379800 39379800 0
3.5099999999999691 0 1 6.0954879679188299 0.1474815992248 230667 230667 0 39425720 39425720 0
3.5199999999999689 0 1 3.0477439839594149 0.073740799612400001 231227 231227 0 39448680 39448680 0
3.5299999999999687 0 1 6.5308799656273182 0.15801599916942857 232427 232427 0 39497880 39497880 0
3.5399999999999685 0 1 3.4831