0 0 1 0 0 0 0 0 0 0 0
0.01 0 1 0.0 0.0 0 0 0 0 0 0
0.02 0 1 0.0 0.0 0 0 0 0 0 0
0.029999999999999999 0 1 0.0 0.0 0 0 0 0 0 0
0.040000000000000001 0 1 0.0 0.0 0 0 0 0 0 0
0.050000000000000003 0 1 0.0 0.0 0 0 0 0 0 0
0.060000000000000005 0 1 0.0 0.0 0 0 0 0 0 0
0.070000000000000007 0 1 0.0 0.0 0 0 0 0 0 0
0.080000000000000002 0 1 0.0 0.0 0 0 0 0 0 0
0.089999999999999997 0 1 0.0 0.0 0 0 0 0 0 0
0.099999999999999992 0 1 0.0 0.0 0 0 0 0 0 0
0.10999999999999999 0 1 0.0 0.0 0 0 0 0 0 0
0.11999999999999998 0 1 0.0 0.0 0 0 0 0 0 0
0.12999999999999998 0 1 0.0 0.0 0 0 0 0 0 0
0.13999999999999999 0 1 0.0 0.0 0 0 0 0 0 0
0.14999999999999999 0 1 0.0 0.0 0 0 0 0 0 0
0.16 0 1 0.0 0.0 0 0 0 0 0 0
0.17000000000000001 0 1 0.0 0.0 0 0 0 0 0 0
0.18000000000000002 0 1 0.0 0.0 0 0 0 0 0 0
0.19000000000000003 0 1 0.0 0.0 0 0 0 0 0 0
0.20000000000000004 0 1 0.0 0.0 0 0 0 0 0 0
0.21000000000000005 0 1 0.0 0.0 0 0 0 0 0 0
0.22000000000000006 0 1 0.0 0.0 0 0 0 0 0 0
0.23000000000000007 0 1 0.0 0.0 0 0 0 0 0 0
0.24000000000000007 0 1 0.0 0.0 0 0 0 0 0 0
0.25000000000000006 0 1 0.0 0.0 0 0 0 0 0 0
0.26000000000000006 0 1 0.0 0.0 0 0 0 0 0 0
0.27000000000000007 0 1 0.0 0.0 0 0 0 0 0 0
0.28000000000000008 0 1 0.0 0.0 0 0 0 0 0 0
0.29000000000000009 0 1 0.0 0.0 0 0 0 0 0 0
0.3000000000000001 0 1 0.0 0.0 0 0 0 0 0 0
0.31000000000000011 0 1 0.0 0.0 0 0 0 0 0 0
0.32000000000000012 0 1 0.0 0.0 0 0 0 0 0 0
0.33000000000000013 0 1 0.0 0.0 0 0 0 0 0 0
0.34000000000000014 0 1 0.0 0.0 0 0 0 0 0 0
0.35000000000000014 0 1 0.0 0.0 0 0 0 0 0 0
0.36000000000000015 0 1 0.0 0.0 0 0 0 0 0 0
0.37000000000000016 0 1 0.0 0.0 0 0 0 0 0 0
0.38000000000000017 0 1 0.0 0.0 0 0 0 0 0 0
0.39000000000000018 0 1 0.0 0.0 0 0 0 0 0 0
0.40000000000000019 0 1 0.0 0.0 0 0 0 0 0 0
0.4100000000000002 0 1 0.0 0.0 0 0 0 0 0 0
0.42000000000000021 0 1 0.0 0.0 0 0 0 0 0 0
0.43000000000000022 0 1 0.0 0.0 0 0 0 0 0 0
0.44000000000000022 0 1 0.0 0.0 0 0 0 0 0 0
0.45000000000000023 0 1 0.0 0.0 0 0 0 0 0 0
0.46000000000000024 0 1 0.0 0.0 0 0 0 0 0 0
0.47000000000000025 0 1 0.0 0.0 0 0 0 0 0 0
0.48000000000000026 0 1 0.0 0.0 0 0 0 0 0 0
0.49000000000000027 0 1 0.0 0.0 0 0 0 0 0 0
0.50000000000000022 0 1 0.0 0.0 0 0 0 0 0 0
0.51000000000000023 0 1 0.0 0.0 0 0 0 0 0 0
0.52000000000000024 0 1 0.0 0.0 0 0 0 0 0 0
0.53000000000000025 0 1 0.0 0.0 0 0 0 0 0 0
0.54000000000000026 0 1 0.0 0.0 0 0 0 0 0 0
0.55000000000000027 0 1 0.0 0.0 0 0 0 0 0 0
0.56000000000000028 0 1 0.0 0.0 0 0 0 0 0 0
0.57000000000000028 0 1 0.0 0.0 0 0 0 0 0 0
0.58000000000000029 0 1 0.0 0.0 0 0 0 0 0 0
0.5900000000000003 0 1 0.0 0.0 0 0 0 0 0 0
0.60000000000000031 0 1 0.0 0.0 0 0 0 0 0 0
0.61000000000000032 0 1 0.0 0.0 0 0 0 0 0 0
0.62000000000000033 0 1 0.0 0.0 0 0 0 0 0 0
0.63000000000000034 0 1 0.0 0.0 0 0 0 0 0 0
0.64000000000000035 0 1 0.0 0.0 0 0 0 0 0 0
0.65000000000000036 0 1 0.0 0.0 0 0 0 0 0 0
0.66000000000000036 0 1 0.0 0.0 0 0 0 0 0 0
0.67000000000000037 0 1 0.0 0.0 0 0 0 0 0 0
0.68000000000000038 0 1 0.0 0.0 0 0 0 0 0 0
0.69000000000000039 0 1 0.0 0.0 0 0 0 0 0 0
0.7000000000000004 0 1 0.0 0.0 0 0 0 0 0 0
0.71000000000000041 0 1 0.0 0.0 0 0 0 0 0 0
0.72000000000000042 0 1 0.0 0.0 0 0 0 0 0 0
0.73000000000000043 0 1 0.0 0.0 0 0 0 0 0 0
0.74000000000000044 0 1 0.0 0.0 0 0 0 0 0 0
0.75000000000000044 0 1 0.0 0.0 0 0 0 0 0 0
0.76000000000000045 0 1 0.0 0.0 0 0 0 0 0 0
0.77000000000000046 0 1 0.0 0.0 0 0 0 0 0 0
0.78000000000000047 0 1 0.0 0.0 0 0 0 0 0 0
0.79000000000000048 0 1 0.0 0.0 0 0 0 0 0 0
0.80000000000000049 0 1 0.0 0.0 0 0 0 0 0 0
0.8100000000000005 0 1 0.0 0.0 0 0 0 0 0 0
0.82000000000000051 0 1 0.0 0.0 0 0 0 0 0 0
0.83000000000000052 0 1 0.0 0.0 0 0 0 0 0 0
0.84000000000000052 0 1 0.0 0.0 0 0 0 0 0 0
0.85000000000000053 0 1 0.0 0.0 0 0 0 0 0 0
0.86000000000000054 0 1 0.0 0.0 0 0 0 0 0 0
0.87000000000000055 0 1 0.0 0.0 0 0 0 0 0 0
0.88000000000000056 0 1 0.0 0.0 0 0 0 0 0 0
0.89000000000000057 0 1 0.0 0.0 0 0 0 0 0 0
0.90000000000000058 0 1 0.0 0.0 0 0 0 0 0 0
0.91000000000000059 0 1 0.0 0.0 0 0 0 0 0 0
0.9200000000000006 0 1 0.0 0.0 0 0 0 0 0 0
0.9300000000000006 0 1 0.0 0.0 0 0 0 0 0 0
0.94000000000000061 0 1 0.0 0.0 0 0 0 0 0 0
0.95000000000000062 0 1 0.0 0.0 0 0 0 0 0 0
0.96000000000000063 0 1 0.0 0.0 0 0 0 0 0 0
0.97000000000000064 0 1 0.0 0.0 0 0 0 0 0 0
0.98000000000000065 0 1 0.0 0.0 0 0 0 0 0 0
0.99000000000000066 0 1 0.0 0.0 0 0 0 0 0 0
1.0000000000000007 0 1 0.0 0.0 0 0 0 0 0 0
1.0100000000000007 0 1 2.4501288184062253 0.029366064811098241 1000 1000 0 88000 88000 0
1.0200000000000007 0 1 67.854377106757397 0.53419780440844233 2924 2924 0 626260 626260 0
1.0300000000000007 0 1 35.927577242150754 0.31318435341221001 4321 4321 0 1213890 1213890 0
1.0400000000000007 0 1 54.066629680735673 0.44051681535939263 5994 5994 0 1862160 1862160 0
1.0500000000000007 0 1 72.590485769974563 0.6036446039249016 7817 7817 0 2514930 2514930 0
1.0600000000000007 0 1 215.98157260122912 0.87184832675535262 9954 9953 0 3347960 3347820 0
1.0700000000000007 0 1 289.28414247219945 1.0318247010992589 12392 12391 0 4322430 4322290 0
1.0800000000000007 0 1 333.12935756472774 1.2365245969933703 14769 14769 0 5296610 5296610 0
1.0900000000000007 0 1 389.00683656710385 1.6020208080878882 17585 17583 0 6300600 6299470 0
1.1000000000000008 0 1 207.29549580516942 0.47065728723352196 19145 19145 0 7247750 7247750 0
1.1100000000000008 0 1 323.22715320459423 1.155854747498285 21338 21337 0 8194820 8193830 0
1.1200000000000008 0 1 244.63643453513262 0.66039329251052992 22995 22995 0 9115250 9115250 0
1.1300000000000008 0 1 492.6512840862971 1.4250502051426737 25071 25060 0 10103890 10100650 0
1.1400000000000008 0 1 1488.5654458261563 3.3657947027425386 27414 27414 0 11328160 11328160 0
1.1500000000000008 0 1 1274.1867507332761 4.3126973469574912 30019 30018 0 12467110 12466120 0
1.1600000000000008 0 1 939.74116102987239 2.4244245508047357 32092 32092 0 13585930 13585930 0
1.1700000000000008 0 1 1166.9381443176903 2.842469414226831 34279 34273 0 14764310 14761770 0
1.1800000000000008 0 1 1267.8271935847915 2.8516228364178859 36462 36461 0 15965680 15964690 0
1.1900000000000008 0 1 1316.9381028055875 3.8133489532095464 38851 38839 0 17153640 17151910 0
1.2000000000000008 0 1 986.26444531532172 1.8425831415843181 40688 40687 0 18349420 18348430 0
1.2100000000000009 0 1 1670.736896033945 4.2749926341399256 43390 43389 0 19584400 19583410 0
1.2200000000000009 0 1 1296.9104159514986 2.5683665324821559 45359 45358 0 20813710 20812720 0
1.2300000000000009 0 1 1211.1188983555808 2.447729853387457 47322 47320 0 22037080 22035100 0
1.2400000000000009 0 1 1442.9377524664576 3.1981407020652304 49651 49650 0 23262790 23261800 0
1.2500000000000009 0 1 1470.9666018516316 3.1097083641824037 51986 51983 0 24495290 24493170 0
1.2600000000000009 0 1 1412.5814548428848 2.9200430523079053 54170 54169 0 25720600 25719610 0
1.2700000000000009 0 1 916.71523776522247 2.255632556343421 56416 56416 0 26791490 26791490 0
1.2800000000000009 0 1 215.62306824088841 0.55542520914966209 57974 57974 0 27690160 27690160 0
1.2900000000000009 0 1 345.72926476136979 1.2180591678442976 60015 60015 0 28626500 28626500 0
1.3000000000000009 0 1 306.00717018304795 1.164912771476877 62021 62021 0 29565340 29565340 0
1.3100000000000009 0 1 810.98770276076255 1.9947739852287576 64274 64274 0 30681010 30681010 0
1.320000000000001 0 1 1302.4773398624609 3.2398378508251087 66800 66799 0 31892550 31891560 0
1.330000000000001 0 1 668.43946923609997 2.2575881260558073 69292 69276 0 32875530 32874390 0
1.340000000000001 0 1 304.11090636106314 1.2656990349436892 71526 71514 0 33768590 33766910 0
1.350000000000001 0 1 253.58055137183388 0.60478334694620217 73203 73203 0 34696070 34696070 0
1.360000000000001 0 1 281.08117165099196 0.96762314735285759 75208 75206 0 35657420 35657240 0
1.370000000000001 0 1 322.91058721163483 1.1323354144392883 77397 77397 0 36622080 36622080 0
1.380000000000001 0 1 263.36407587441664 0.83640828175814896 79408 79405 0 37571870 37571650 0
1.390000000000001 0 1 246.42833571513179 0.8111632782281657 81442 81442 0 38534380 38534380 0
1.400000000000001 0 1 197.68629424732126 0.75374566316641567 83330 83329 0 39338250 39338110 0
1.410000000000001 0 1 77.175442558856815 0.67288630694681772