0 0 1 0 0 0 0 0 0 0 0
0.01 0 1 0.0 0.0 0 0 0 0 0 0
0.02 0 1 0.0 0.0 0 0 0 0 0 0
0.029999999999999999 0 1 0.0 0.0 0 0 0 0 0 0
0.040000000000000001 0 1 0.0 0.0 0 0 0 0 0 0
0.050000000000000003 0 1 0.0 0.0 0 0 0 0 0 0
0.060000000000000005 0 1 0.0 0.0 0 0 0 0 0 0
0.070000000000000007 0 1 0.0 0.0 0 0 0 0 0 0
0.080000000000000002 0 1 0.0 0.0 0 0 0 0 0 0
0.089999999999999997 0 1 0.0 0.0 0 0 0 0 0 0
0.099999999999999992 0 1 0.0 0.0 0 0 0 0 0 0
0.10999999999999999 0 1 0.0 0.0 0 0 0 0 0 0
0.11999999999999998 0 1 0.0 0.0 0 0 0 0 0 0
0.12999999999999998 0 1 0.0 0.0 0 0 0 0 0 0
0.13999999999999999 0 1 0.0 0.0 0 0 0 0 0 0
0.14999999999999999 0 1 0.0 0.0 0 0 0 0 0 0
0.16 0 1 0.0 0.0 0 0 0 0 0 0
0.17000000000000001 0 1 0.0 0.0 0 0 0 0 0 0
0.18000000000000002 0 1 0.0 0.0 0 0 0 0 0 0
0.19000000000000003 0 1 0.0 0.0 0 0 0 0 0 0
0.20000000000000004 0 1 0.0 0.0 0 0 0 0 0 0
0.21000000000000005 0 1 0.0 0.0 0 0 0 0 0 0
0.22000000000000006 0 1 0.0 0.0 0 0 0 0 0 0
0.23000000000000007 0 1 0.0 0.0 0 0 0 0 0 0
0.24000000000000007 0 1 0.0 0.0 0 0 0 0 0 0
0.25000000000000006 0 1 0.0 0.0 0 0 0 0 0 0
0.26000000000000006 0 1 0.0 0.0 0 0 0 0 0 0
0.27000000000000007 0 1 0.0 0.0 0 0 0 0 0 0
0.28000000000000008 0 1 0.0 0.0 0 0 0 0 0 0
0.29000000000000009 0 1 0.0 0.0 0 0 0 0 0 0
0.3000000000000001 0 1 0.0 0.0 0 0 0 0 0 0
0.31000000000000011 0 1 0.0 0.0 0 0 0 0 0 0
0.32000000000000012 0 1 0.0 0.0 0 0 0 0 0 0
0.33000000000000013 0 1 0.0 0.0 0 0 0 0 0 0
0.34000000000000014 0 1 0.0 0.0 0 0 0 0 0 0
0.35000000000000014 0 1 0.0 0.0 0 0 0 0 0 0
0.36000000000000015 0 1 0.0 0.0 0 0 0 0 0 0
0.37000000000000016 0 1 0.0 0.0 0 0 0 0 0 0
0.38000000000000017 0 1 0.0 0.0 0 0 0 0 0 0
0.39000000000000018 0 1 0.0 0.0 0 0 0 0 0 0
0.40000000000000019 0 1 0.0 0.0 0 0 0 0 0 0
0.4100000000000002 0 1 0.0 0.0 0 0 0 0 0 0
0.42000000000000021 0 1 0.0 0.0 0 0 0 0 0 0
0.43000000000000022 0 1 0.0 0.0 0 0 0 0 0 0
0.44000000000000022 0 1 0.0 0.0 0 0 0 0 0 0
0.45000000000000023 0 1 0.0 0.0 0 0 0 0 0 0
0.46000000000000024 0 1 0.0 0.0 0 0 0 0 0 0
0.47000000000000025 0 1 0.0 0.0 0 0 0 0 0 0
0.48000000000000026 0 1 0.0 0.0 0 0 0 0 0 0
0.49000000000000027 0 1 0.0 0.0 0 0 0 0 0 0
0.50000000000000022 0 1 0.0 0.0 0 0 0 0 0 0
0.51000000000000023 0 1 0.0 0.0 0 0 0 0 0 0
0.52000000000000024 0 1 0.0 0.0 0 0 0 0 0 0
0.53000000000000025 0 1 0.0 0.0 0 0 0 0 0 0
0.54000000000000026 0 1 0.0 0.0 0 0 0 0 0 0
0.55000000000000027 0 1 0.0 0.0 0 0 0 0 0 0
0.56000000000000028 0 1 0.0 0.0 0 0 0 0 0 0
0.57000000000000028 0 1 0.0 0.0 0 0 0 0 0 0
0.58000000000000029 0 1 0.0 0.0 0 0 0 0 0 0
0.5900000000000003 0 1 0.0 0.0 0 0 0 0 0 0
0.60000000000000031 0 1 0.0 0.0 0 0 0 0 0 0
0.61000000000000032 0 1 0.0 0.0 0 0 0 0 0 0
0.62000000000000033 0 1 0.0 0.0 0 0 0 0 0 0
0.63000000000000034 0 1 0.0 0.0 0 0 0 0 0 0
0.64000000000000035 0 1 0.0 0.0 0 0 0 0 0 0
0.65000000000000036 0 1 0.0 0.0 0 0 0 0 0 0
0.66000000000000036 0 1 0.0 0.0 0 0 0 0 0 0
0.67000000000000037 0 1 0.0 0.0 0 0 0 0 0 0
0.68000000000000038 0 1 0.0 0.0 0 0 0 0 0 0
0.69000000000000039 0 1 0.0 0.0 0 0 0 0 0 0
0.7000000000000004 0 1 0.0 0.0 0 0 0 0 0 0
0.71000000000000041 0 1 0.0 0.0 0 0 0 0 0 0
0.72000000000000042 0 1 0.0 0.0 0 0 0 0 0 0
0.73000000000000043 0 1 0.0 0.0 0 0 0 0 0 0
0.74000000000000044 0 1 0.0 0.0 0 0 0 0 0 0
0.75000000000000044 0 1 0.0 0.0 0 0 0 0 0 0
0.76000000000000045 0 1 0.0 0.0 0 0 0 0 0 0
0.77000000000000046 0 1 0.0 0.0 0 0 0 0 0 0
0.78000000000000047 0 1 0.0 0.0 0 0 0 0 0 0
0.79000000000000048 0 1 0.0 0.0 0 0 0 0 0 0
0.80000000000000049 0 1 0.0 0.0 0 0 0 0 0 0
0.8100000000000005 0 1 0.0 0.0 0 0 0 0 0 0
0.82000000000000051 0 1 0.0 0.0 0 0 0 0 0 0
0.83000000000000052 0 1 0.0 0.0 0 0 0 0 0 0
0.84000000000000052 0 1 0.0 0.0 0 0 0 0 0 0
0.85000000000000053 0 1 0.0 0.0 0 0 0 0 0 0
0.86000000000000054 0 1 0.0 0.0 0 0 0 0 0 0
0.87000000000000055 0 1 0.0 0.0 0 0 0 0 0 0
0.88000000000000056 0 1 0.0 0.0 0 0 0 0 0 0
0.89000000000000057 0 1 0.0 0.0 0 0 0 0 0 0
0.90000000000000058 0 1 0.0 0.0 0 0 0 0 0 0
0.91000000000000059 0 1 0.0 0.0 0 0 0 0 0 0
0.9200000000000006 0 1 0.0 0.0 0 0 0 0 0 0
0.9300000000000006 0 1 0.0 0.0 0 0 0 0 0 0
0.94000000000000061 0 1 0.0 0.0 0 0 0 0 0 0
0.95000000000000062 0 1 0.0 0.0 0 0 0 0 0 0
0.96000000000000063 0 1 0.0 0.0 0 0 0 0 0 0
0.97000000000000064 0 1 0.0 0.0 0 0 0 0 0 0
0.98000000000000065 0 1 0.0 0.0 0 0 0 0 0 0
0.99000000000000066 0 1 0.0 0.0 0 0 0 0 0 0
1.0000000000000007 0 1 0.0 0.0 0 0 0 0 0 0
1.0100000000000007 0 1 1.894620937501033 0.023394403435394985 1000 1000 0 88000 88000 0
1.0200000000000007 0 1 3.3430588165801436 0.040952767663293664 2518 2518 0 224520 224520 0
1.0300000000000007 0 1 30.451855855599923 0.21369526456116431 3715 3715 0 613950 613950 0
1.0400000000000007 0 1 48.173267083890536 0.39212411250346657 5375 5375 0 1249350 1249350 0
1.0500000000000007 0 1 81.03974858203371 0.61156415434513389 7202 7202 0 1906930 1906930 0
1.0600000000000007 0 1 78.169872287493661 0.6564097550973752 9171 9171 0 2573840 2573840 0
1.0700000000000007 0 1 79.938906128117651 0.63170337560134404 11337 11337 0 3280730 3280730 0
1.0800000000000007 0 1 88.377823474337461 0.71291788633227537 13418 13418 0 3960170 3960170 0
1.0900000000000007 0 1 101.29415549605616 0.80754832055345216 15964 15962 0 4692610 4691480 0
1.1000000000000008 0 1 49.303387783302632 0.33315426851643321 17270 17270 0 5393400 5393400 0
1.1100000000000008 0 1 159.28734318455724 0.78238767837603906 19300 19300 0 6177200 6177200 0
1.1200000000000008 0 1 254.71805156294678 0.78129627541740843 20978 20978 0 7118420 7118420 0
1.1300000000000008 0 1 305.90670301050534 0.9726131881850888 23026 23021 0 8076140 8075440 0
1.1400000000000008 0 1 290.96913014094781 0.93346129662594735 25093 25093 0 9032270 9032270 0
1.1500000000000008 0 1 398.73640085570958 1.6556343817691206 27490 27490 0 9965300 9965300 0
1.1600000000000008 0 1 281.02729981554626 0.87815152016152898 29382 29382 0 10902380 10902380 0
1.1700000000000008 0 1 269.60567527365527 0.93744773402502013 31360 31355 0 11873850 11872300 0
1.1800000000000008 0 1 239.67093828676877 0.75691492060481136 33282 33282 0 12819380 12819380 0
1.1900000000000008 0 1 306.4526124260442 1.2009694663982706 35436 35423 0 13776390 13775670 0
1.2000000000000008 0 1 219.95368595391642 0.62565966435710274 37017 37017 0 14717030 14717030 0
1.2100000000000009 0 1 303.63820441080367 1.1430021864385231 39469 39468 0 15705360 15704370 0
1.2200000000000009 0 1 288.46243044658746 0.92958181364410841 41151 41150 0 16649690 16648700 0
1.2300000000000009 0 1 255.89487867711867 0.67429771275770933 42831 42830 0 17592890 17591900 0
1.2400000000000009 0 1 265.3024606645273 0.84222760372172278 44892 44892 0 18553280 18553280 0
1.2500000000000009 0 1 157.50055439912933 0.6803078017490799 46764 46764 0 19331010 19331010 0
1.2600000000000009 0 1 108.48536586205272 0.59294892474563932 48433 48433 0 20040320 20040320 0
1.2700000000000009 0 1 279.81253412464667 0.92723974405675069 50533 50532 0 20967320 20966330 0
1.2800000000000009 0 1 239.05715697112575 0.58746203881481163 52134 52134 0 21906860 21906860 0
1.2900000000000009 0 1 329.50907948944166 1.1837623853434331 54195 54195 0 22864700 22864700 0
1.3000000000000009 0 1 292.27245394448386 1.0179631761973109 56173 56172 0 23773270 23773230 0
1.3100000000000009 0 1 276.76481511707181 0.80333671467447343 58273 58273 0 24741920 24741920 0
1.320000000000001 0 1 321.52521976478795 1.0983545070064151 60563 60562 0 25719820 25718830 0
1.330000000000001 0 1 383.10837421827114 1.4850681351930226 63044 63044 0 26692560 26692560 0
1.340000000000001 0 1 319.86861612674403 1.0574615092336472 65325 65318 0 27643200 27642220 0
1.350000000000001 0 1 198.87088683764725 0.54162425412409521 66950 66950 0 28507500 28507500 0
1.360000000000001 0 1 60.917119871370218 0.4726873250776138 68630 68630 0 29144550 29144550 0
1.370000000000001 0 1 97.608861963351643 0.81105101177627525 70531 70531 0 29826640 29826640 0
1.380000000000001 0 1 52.386719181292293 0.36205798773090125 72249 72248 0 30486460 30486420 0
1.390000000000001 0 1 62.787001279786367 0.51763651953102796 73978 73978 0 31146070 31146070 0
1.400000000000001 0 1 60.101337468737974 0.47666735125924076 75717 75717 0 31805530 31805530 0
1.410000000000001 0 1 91.102028257716768 0.72855