0 0 1 0 0 0 0 0 0 0 0
0.01 0 1 0.0 0.0 0 0 0 0 0 0
0.02 0 1 0.0 0.0 0 0 0 0 0 0
0.029999999999999999 0 1 0.0 0.0 0 0 0 0 0 0
0.040000000000000001 0 1 0.0 0.0 0 0 0 0 0 0
0.050000000000000003 0 1 0.0 0.0 0 0 0 0 0 0
0.060000000000000005 0 1 0.0 0.0 0 0 0 0 0 0
0.070000000000000007 0 1 0.0 0.0 0 0 0 0 0 0
0.080000000000000002 0 1 0.0 0.0 0 0 0 0 0 0
0.089999999999999997 0 1 0.0 0.0 0 0 0 0 0 0
0.099999999999999992 0 1 0.0 0.0 0 0 0 0 0 0
0.10999999999999999 0 1 0.0 0.0 0 0 0 0 0 0
0.11999999999999998 0 1 0.0 0.0 0 0 0 0 0 0
0.12999999999999998 0 1 0.0 0.0 0 0 0 0 0 0
0.13999999999999999 0 1 0.0 0.0 0 0 0 0 0 0
0.14999999999999999 0 1 0.0 0.0 0 0 0 0 0 0
0.16 0 1 0.0 0.0 0 0 0 0 0 0
0.17000000000000001 0 1 0.0 0.0 0 0 0 0 0 0
0.18000000000000002 0 1 0.0 0.0 0 0 0 0 0 0
0.19000000000000003 0 1 0.0 0.0 0 0 0 0 0 0
0.20000000000000004 0 1 0.0 0.0 0 0 0 0 0 0
0.21000000000000005 0 1 0.0 0.0 0 0 0 0 0 0
0.22000000000000006 0 1 0.0 0.0 0 0 0 0 0 0
0.23000000000000007 0 1 0.0 0.0 0 0 0 0 0 0
0.24000000000000007 0 1 0.0 0.0 0 0 0 0 0 0
0.25000000000000006 0 1 0.0 0.0 0 0 0 0 0 0
0.26000000000000006 0 1 0.0 0.0 0 0 0 0 0 0
0.27000000000000007 0 1 0.0 0.0 0 0 0 0 0 0
0.28000000000000008 0 1 0.0 0.0 0 0 0 0 0 0
0.29000000000000009 0 1 0.0 0.0 0 0 0 0 0 0
0.3000000000000001 0 1 0.0 0.0 0 0 0 0 0 0
0.31000000000000011 0 1 0.0 0.0 0 0 0 0 0 0
0.32000000000000012 0 1 0.0 0.0 0 0 0 0 0 0
0.33000000000000013 0 1 0.0 0.0 0 0 0 0 0 0
0.34000000000000014 0 1 0.0 0.0 0 0 0 0 0 0
0.35000000000000014 0 1 0.0 0.0 0 0 0 0 0 0
0.36000000000000015 0 1 0.0 0.0 0 0 0 0 0 0
0.37000000000000016 0 1 0.0 0.0 0 0 0 0 0 0
0.38000000000000017 0 1 0.0 0.0 0 0 0 0 0 0
0.39000000000000018 0 1 0.0 0.0 0 0 0 0 0 0
0.40000000000000019 0 1 0.0 0.0 0 0 0 0 0 0
0.4100000000000002 0 1 0.0 0.0 0 0 0 0 0 0
0.42000000000000021 0 1 0.0 0.0 0 0 0 0 0 0
0.43000000000000022 0 1 0.0 0.0 0 0 0 0 0 0
0.44000000000000022 0 1 0.0 0.0 0 0 0 0 0 0
0.45000000000000023 0 1 0.0 0.0 0 0 0 0 0 0
0.46000000000000024 0 1 0.0 0.0 0 0 0 0 0 0
0.47000000000000025 0 1 0.0 0.0 0 0 0 0 0 0
0.48000000000000026 0 1 0.0 0.0 0 0 0 0 0 0
0.49000000000000027 0 1 0.0 0.0 0 0 0 0 0 0
0.50000000000000022 0 1 0.0 0.0 0 0 0 0 0 0
0.51000000000000023 0 1 0.0 0.0 0 0 0 0 0 0
0.52000000000000024 0 1 0.0 0.0 0 0 0 0 0 0
0.53000000000000025 0 1 0.0 0.0 0 0 0 0 0 0
0.54000000000000026 0 1 0.0 0.0 0 0 0 0 0 0
0.55000000000000027 0 1 0.0 0.0 0 0 0 0 0 0
0.56000000000000028 0 1 0.0 0.0 0 0 0 0 0 0
0.57000000000000028 0 1 0.0 0.0 0 0 0 0 0 0
0.58000000000000029 0 1 0.0 0.0 0 0 0 0 0 0
0.5900000000000003 0 1 0.0 0.0 0 0 0 0 0 0
0.60000000000000031 0 1 0.0 0.0 0 0 0 0 0 0
0.61000000000000032 0 1 0.0 0.0 0 0 0 0 0 0
0.62000000000000033 0 1 0.0 0.0 0 0 0 0 0 0
0.63000000000000034 0 1 0.0 0.0 0 0 0 0 0 0
0.64000000000000035 0 1 0.0 0.0 0 0 0 0 0 0
0.65000000000000036 0 1 0.0 0.0 0 0 0 0 0 0
0.66000000000000036 0 1 0.0 0.0 0 0 0 0 0 0
0.67000000000000037 0 1 0.0 0.0 0 0 0 0 0 0
0.68000000000000038 0 1 0.0 0.0 0 0 0 0 0 0
0.69000000000000039 0 1 0.0 0.0 0 0 0 0 0 0
0.7000000000000004 0 1 0.0 0.0 0 0 0 0 0 0
0.71000000000000041 0 1 0.0 0.0 0 0 0 0 0 0
0.72000000000000042 0 1 0.0 0.0 0 0 0 0 0 0
0.73000000000000043 0 1 0.0 0.0 0 0 0 0 0 0
0.74000000000000044 0 1 0.0 0.0 0 0 0 0 0 0
0.75000000000000044 0 1 0.0 0.0 0 0 0 0 0 0
0.76000000000000045 0 1 0.0 0.0 0 0 0 0 0 0
0.77000000000000046 0 1 0.0 0.0 0 0 0 0 0 0
0.78000000000000047 0 1 0.0 0.0 0 0 0 0 0 0
0.79000000000000048 0 1 0.0 0.0 0 0 0 0 0 0
0.80000000000000049 0 1 0.0 0.0 0 0 0 0 0 0
0.8100000000000005 0 1 0.0 0.0 0 0 0 0 0 0
0.82000000000000051 0 1 0.0 0.0 0 0 0 0 0 0
0.83000000000000052 0 1 0.0 0.0 0 0 0 0 0 0
0.84000000000000052 0 1 0.0 0.0 0 0 0 0 0 0
0.85000000000000053 0 1 0.0 0.0 0 0 0 0 0 0
0.86000000000000054 0 1 0.0 0.0 0 0 0 0 0 0
0.87000000000000055 0 1 0.0 0.0 0 0 0 0 0 0
0.88000000000000056 0 1 0.0 0.0 0 0 0 0 0 0
0.89000000000000057 0 1 0.0 0.0 0 0 0 0 0 0
0.90000000000000058 0 1 0.0 0.0 0 0 0 0 0 0
0.91000000000000059 0 1 0.0 0.0 0 0 0 0 0 0
0.9200000000000006 0 1 0.0 0.0 0 0 0 0 0 0
0.9300000000000006 0 1 0.0 0.0 0 0 0 0 0 0
0.94000000000000061 0 1 0.0 0.0 0 0 0 0 0 0
0.95000000000000062 0 1 0.0 0.0 0 0 0 0 0 0
0.96000000000000063 0 1 0.0 0.0 0 0 0 0 0 0
0.97000000000000064 0 1 0.0 0.0 0 0 0 0 0 0
0.98000000000000065 0 1 0.0 0.0 0 0 0 0 0 0
0.99000000000000066 0 1 0.0 0.0 0 0 0 0 0 0
1.0000000000000007 0 1 0.0 0.0 0 0 0 0 0 0
1.0100000000000007 0 1 0.0 0.0 0 0 0 0 0 0
1.0200000000000007 0 1 0.0 0.0 0 0 0 0 0 0
1.0300000000000007 0 1 0.0 0.0 0 0 0 0 0 0
1.0400000000000007 0 1 0.0 0.0 0 0 0 0 0 0
1.0500000000000007 0 1 0.0 0.0 0 0 0 0 0 0
1.0600000000000007 0 1 0.0 0.0 0 0 0 0 0 0
1.0700000000000007 0 1 0.0 0.0 0 0 0 0 0 0
1.0800000000000007 0 1 0.0 0.0 0 0 0 0 0 0
1.0900000000000007 0 1 0.0 0.0 0 0 0 0 0 0
1.1000000000000008 0 1 0.0 0.0 0 0 0 0 0 0
1.1100000000000008 0 1 0.0 0.0 0 0 0 0 0 0
1.1200000000000008 0 1 0.0 0.0 0 0 0 0 0 0
1.1300000000000008 0 1 0.0 0.0 0 0 0 0 0 0
1.1400000000000008 0 1 0.0 0.0 0 0 0 0 0 0
1.1500000000000008 0 1 0.0 0.0 0 0 0 0 0 0
1.1600000000000008 0 1 0.0 0.0 0 0 0 0 0 0
1.1700000000000008 0 1 0.0 0.0 0 0 0 0 0 0
1.1800000000000008 0 1 0.0 0.0 0 0 0 0 0 0
1.1900000000000008 0 1 0.0 0.0 0 0 0 0 0 0
1.2000000000000008 0 1 0.0 0.0 0 0 0 0 0 0
1.2100000000000009 0 1 0.0 0.0 0 0 0 0 0 0
1.2200000000000009 0 1 0.0 0.0 0 0 0 0 0 0
1.2300000000000009 0 1 0.0 0.0 0 0 0 0 0 0
1.2400000000000009 0 1 0.0 0.0 0 0 0 0 0 0
1.2500000000000009 0 1 0.0 0.0 0 0 0 0 0 0
1.2600000000000009 0 1 0.0 0.0 0 0 0 0 0 0
1.2700000000000009 0 1 0.0 0.0 0 0 0 0 0 0
1.2800000000000009 0 1 0.0 0.0 0 0 0 0 0 0
1.2900000000000009 0 1 0.0 0.0 0 0 0 0 0 0
1.3000000000000009 0 1 0.0 0.0 0 0 0 0 0 0
1.3100000000000009 0 1 0.0 0.0 0 0 0 0 0 0
1.320000000000001 0 1 0.0 0.0 0 0 0 0 0 0
1.330000000000001 0 1 0.0 0.0 0 0 0 0 0 0
1.340000000000001 0 1 0.0 0.0 0 0 0 0 0 0
1.350000000000001 0 1 0.0 0.0 0 0 0 0 0 0
1.360000000000001 0 1 0.0 0.0 0 0 0 0 0 0
1.370000000000001 0 1 0.0 0.0 0 0 0 0 0 0
1.380000000000001 0 1 0.0 0.0 0 0 0 0 0 0
1.390000000000001 0 1 0.0 0.0 0 0 0 0 0 0
1.400000000000001 0 1 0.0 0.0 0 0 0 0 0 0
1.410000000000001 0 1 0.0 0.0 0 0 0 0 0 0
1.420000000000001 0 1 0.0 0.0 0 0 0 0 0 0
1.430000000000001 0 1 0.0 0.0 0 0 0 0 0 0
1.4400000000000011 0 1 0.0 0.0 0 0 0 0 0 0
1.4500000000000011 0 1 0.0 0.0 0 0 0 0 0 0
1.4600000000000011 0 1 0.0 0.0 0 0 0 0 0 0
1.4700000000000011 0 1 0.0 0.0 0 0 0 0 0 0
1.4800000000000011 0 1 0.0 0.0 0 0 0 0 0 0
1.4900000000000011 0 1 0.0 0.0 0 0 0 0 0 0
1.5000000000000011 0 1 0.0 0.0 0 0 0 0 0 0
1.5100000000000011 0 1 0.0 0.0 0 0 0 0 0 0
1.5200000000000011 0 1 0.0 0.0 0 0 0 0 0 0
1.5300000000000011 0 1 0.0 0.0 0 0 0 0 0 0
1.5400000000000011 0 1 0.0 0.0 0 0 0 0 0 0
1.5500000000000012 0 1 0.0 0.0 0 0 0 0 0 0
1.5600000000000012 0 1 0.0 0.0 0 0 0 0 0 0
1.5700000000000012 0 1 0.0 0.0 0 0 0 0 0 0
1.5800000000000012 0 1 0.0 0.0 0 0 0 0 0 0
1.5900000000000012 0 1 0.0 0.0 0 0 0 0 0 0
1.6000000000000012 0 1 0.0 0.0 0 0 0 0 0 0
1.6100000000000012 0 1 0.0 0.0 0 0 0 0 0 0
1.6200000000000012 0 1 0.0 0.0 0 0 0 0 0 0
1.6300000000000012 0 1 0.0 0.0 0 0 0 0 0 0
1.6400000000000012 0 1 0.0 0.0 0 0 0 0 0 0
1.6500000000000012 0 1 0.0 0.0 0 0 0 0 0 0
1.6600000000000013 0 1 0.0 0.0 0 0 0 0 0 0
1.6700000000000013 0 1 0.0 0.0 0 0 0 0 0 0
1.6800000000000013 0 1 0.0 0.0 0 0 0 0 0 0
1.6900000000000013 0 1 0.0 0.0 0 0 0 0 0 0
1.7000000000000013 0 1 0.0 0.0 0 0 0 0 0 0
1.7100000000000013 0 1 0.0 0.0 0 0 0 0 0 0
1.7200000000000013 0 1 0.0 0.0 0 0 0 0 0 0
1.7300000000000013 0 1 0.0 0.0 0 0 0 0 0 0
1.7400000000000013 0 1 0.0 0.0 0 0 0 0 0 0
1.7500000000000013 0 1 0.0 0.0 0 0 0 0 0 0
1.7600000000000013 0 1 0.0 0.0 0 0 0 0 0 0
1.7700000000000014 0 1 0.0 0.0 0 0 0 0 0 0
1.7800000000000014 0 1 0.0 0.0 0 0 0 0 0 0
1.7900000000000014 0 1 0.0 0.0 0 0 0 0 0 0
1.8000000000000014 0 1 0.0 0.0 0 0 0 0 0 0
1.8100000000000014 0 1 0.0 0.0 0 0 0 0 0 0
1.8200000000000014 0 1 0.0 0.0 0 0 0 0 0 0
1.8300000000000014 0 1 0.0 0.0 0 0 0 0 0 0
1.8400000000000014 0 1 0.0 0.0 0 0 0 0 0 0
1.8500000000000014 0 1 0.0 0.0 0 0 0 0 0 0
1.8600000000000014 0 1 0.0 0.0 0 0 0 0 0 0
1.8700000000000014 0 1 0.0 0.0 0 0 0 0 0 0
1.8800000000000014 0 1 0.0 0.0 0 0 0 0 0 0
1.8900000000000015 0 1 0.0 0.0 0 0 0 0 0 0
1.9000000000000015 0 1 0.0 0.0 0 0 0 0 0 0
1.9100000000000015 0 1 0.0 0.0 0 0 0 0 0 0
1.9200000000000015 0 1 0.0 0.0 0 0 0 0 0 0
1.9300000000000015 0 1 0.0 0.0 0 0 0 0 0 0
1.9400000000000015 0 1 0.0 0.0 0 0 0 0 0 0
1.9500000000000015 0 1 0.0 0.0 0 0 0 0 0 0
1.9600000000000015 0 1 0.0 0.0 0 0 0 0 0 0
1.9700000000000015 0 1 0.0 0.0 0 0 0 0 0 0
1.9800000000000015 0 1 0.0 0.0 0 0 0 0 0 0
1.9900000000000015 0 1 0.0 0.0 0 0 0 0 0 0
2.0000000000000013 0 1 0.0 0.0 0 0 0 0 0 0
2.0100000000000011 0 1 0.0 0.0 0 0 0 0 0 0
2.0200000000000009 0 1 0.0 0.0 0 0 0 0 0 0
2.0300000000000007 0 1 0.0 0.0 0 0 0 0 0 0
2.0400000000000005 0 1 0.0 0.0 0 0 0 0 0 0
2.0500000000000003 0 1 0.0 0.0 0 0 0 0 0 0
2.0600000000000001 0 1 0.0 0.0 0 0 0 0 0 0
2.0699999999999998 0 1 0.0 0.0 0 0 0 0 0 0
2.0799999999999996 0 1 0.0 0.0 0 0 0 0 0 0
2.0899999999999994 0 1 0.0 0.0 0 0 0 0 0 0
2.0999999999999992 0 1 0.0 0.0 0 0 0 0 0 0
2.109999999999999 0 1 0.0 0.0 0 0 0 0 0 0
2.1199999999999988 0 1 0.0 0.0 0 0 0 0 0 0
2.1299999999999986 0 1 0.0 0.0 0 0 0 0 0 0
2.1399999999999983 0 1 0.0 0.0 0 0 0 0 0 0
2.1499999999999981 0 1 0.0 0.0 0 0 0 0 0 0
2.1599999999999979 0 1 0.0 0.0 0 0 0 0 0 0
2.1699999999999977 0 1 0.0 0.0 0 0 0 0 0 0
2.1799999999999975 0 1 0.0 0.0 0 0 0 0 0 0
2.1899999999999973 0 1 0.0 0.0 0 0 0 0 0 0
2.1999999999999971 0 1 0.0 0.0 0 0 0 0 0 0
2.2099999999999969 0 1 0.0 0.0 0 0 0 0 0 0
2.2199999999999966 0 1 0.0 0.0 0 0 0 0 0 0
2.2299999999999964 0 1 0.0 0.0 0 0 0 0 0 0
2.2399999999999962 0 1 0.0 0.0 0 0 0 0 0 0
2.249999999999996 0 1 0.0 0.0 0 0 0 0 0 0
2.2599999999999958 0 1 0.0 0.0 0 0 0 0 0 0
2.2699999999999956 0 1 0.0 0.0 0 0 0 0 0 0
2.2799999999999954 0 1 0.0 0.0 0 0 0 0 0 0
2.2899999999999952 0 1 0.0 0.0 0 0 0 0 0 0
2.2999999999999949 0 1 0.0 0.0 0 0 0 0 0 0
2.3099999999999947 0 1 0.0 0.0 0 0 0 0 0 0
2.3199999999999945 0 1 0.0 0.0 0 0 0 0 0 0
2.3299999999999943 0 1 0.0 0.0 0 0 0 0 0 0
2.3399999999999941 0 1 0.0 0.0 0 0 0 0 0 0
2.3499999999999939 0 1 0.0 0.0 0 0 0 0 0 0
2.3599999999999937 0 1 0.0 0.0 0 0 0 0 0 0
2.3699999999999934 0 1 0.0 0.0 0 0 0 0 0 0
2.3799999999999932 0 1 0.0 0.0 0 0 0 0 0 0
2.389999999999993 0 1 0.0 0.0 0 0 0 0 0 0
2.3999999999999928 0 1 0.0 0.0 0 0 0 0 0 0
2.4099999999999926 0 1 0.0 0.0 0 0 0 0 0 0
2.4199999999999924 0 1 0.0 0.0 0 0 0 0 0 0
2.4299999999999922 0 1 0.0 0.0 0 0 0 0 0 0
2.439999999999992 0 1 0.0 0.0 0 0 0 0 0 0
2.4499999999999917 0 1 0.0 0.0 0 0 0 0 0 0
2.4599999999999915 0 1 0.0 0.0 0 0 0 0 0 0
2.4699999999999913 0 1 0.0 0.0 0 0 0 0 0 0
2.4799999999999911 0 1 0.0 0.0 0 0 0 0 0 0
2.4899999999999909 0 1 0.0 0.0 0 0 0 0 0 0
2.4999999999999907 0 1 0.0 0.0 0 0 0 0 0 0
2.5099999999999905 0 1 0.0 0.0 0 0 0 0 0 0
2.5199999999999902 0 1 0.0 0.0 0 0 0 0 0 0
2.52999999999999 0 1 0.0 0.0 0 0 0 0 0 0
2.5399999999999898 0 1 0.0 0.0 0 0 0 0 0 0
2.5499999999999896 0 1 0.0 0.0 0 0 0 0 0 0
2.5599999999999894 0 1 0.0 0.0 0 0 0 0 0 0
2.5699999999999892 0 1 0.0 0.0 0 0 0 0 0 0
2.579999999999989 0 1 0.0 0.0 0 0 0 0 0 0
2.5899999999999888 0 1 0.0 0.0 0 0 0 0 0 0
2.5999999999999885 0 1 0.0 0.0 0 0 0 0 0 0
2.6099999999999883 0 1 0.0 0.0 0 0 0 0 0 0
2.6199999999999881 0 1 0.0 0.0 0 0 0 0 0 0
2.6299999999999879 0 1 0.0 0.0 0 0 0 0 0 0
2.6399999999999877 0 1 0.0 0.0 0 0 0 0 0 0
2.6499999999999875 0 1 0.0 0.0 0 0 0 0 0 0
2.6599999999999873 0 1 0.0 0.0 0 0 0 0 0 0
2.6699999999999871 0 1 0.0 0.0 0 0 0 0 0 0
2.6799999999999868 0 1 0.0 0.0 0 0 0 0 0 0
2.6899999999999866 0 1 0.0 0.0 0 0 0 0 0 0
2.6999999999999864 0 1 0.0 0.0 0 0 0 0 0 0
2.7099999999999862 0 1 0.0 0.0 0 0 0 0 0 0
2.719999999999986 0 1 0.0 0.0 0 0 0 0 0 0
2.7299999999999858 0 1 0.0 0.0 0 0 0 0 0 0
2.7399999999999856 0 1 0.0 0.0 0 0 0 0 0 0
2.7499999999999853 0 1 0.0 0.0 0 0 0 0 0 0
2.7599999999999851 0 1 0.0 0.0 0 0 0 0 0 0
2.7699999999999849 0 1 0.0 0.0 0 0 0 0 0 0
2.7799999999999847 0 1 0.0 0.0 0 0 0 0 0 0
2.7899999999999845 0 1 0.0 0.0 0 0 0 0 0 0
2.7999999999999843 0 1 0.0 0.0 0 0 0 0 0 0
2.8099999999999841 0 1 0.0 0.0 0 0 0 0 0 0
2.8199999999999839 0 1 0.0 0.0 0 0 0 0 0 0
2.8299999999999836 0 1 0.0 0.0 0 0 0 0 0 0
2.8399999999999834 0 1 0.0 0.0 0 0 0 0 0 0
2.8499999999999832 0 1 0.0 0.0 0 0 0 0 0 0
2.859999999999983 0 1 0.0 0.0 0 0 0 0 0 0
2.8699999999999828 0 1 0.0 0.0 0 0 0 0 0 0
2.8799999999999826 0 1 0.0 0.0 0 0 0 0 0 0
2.8899999999999824 0 1 0.0 0.0 0 0 0 0 0 0
2.8999999999999821 0 1 0.0 0.0 0 0 0 0 0 0
2.9099999999999819 0 1 0.0 0.0 0 0 0 0 0 0
2.9199999999999817 0 1 0.0 0.0 0 0 0 0 0 0
2.9299999999999815 0 1 0.0 0.0 0 0 0 0 0 0
2.9399999999999813 0 1 0.0 0.0 0 0 0 0 0 0
2.9499999999999811 0 1 0.0 0.0 0 0 0 0 0 0
2.9599999999999809 0 1 0.0 0.0 0 0 0 0 0 0
2.9699999999999807 0 1 0.0 0.0 0 0 0 0 0 0
2.9799999999999804 0 1 0.0 0.0 0 0 0 0 0 0
2.9899999999999802 0 1 0.0 0.0 0 0 0 0 0 0
2.99999999999998 0 1 0.0 0.0 0 0 0 0 0 0
3.0099999999999798 0 1 0.0 0.0 0 0 0 0 0 0
3.0199999999999796 0 1 0.0 0.0 0 0 0 0 0 0
3.0299999999999794 0 1 0.0 0.0 0 0 0 0 0 0
3.0399999999999792 0 1 0.0 0.0 0 0 0 0 0 0
3.049999999999979 0 1 0.0 0.0 0 0 0 0 0 0
3.0599999999999787 0 1 0.0 0.0 0 0 0 0 0 0
3.0699999999999785 0 1 0.0 0.0 0 0 0 0 0 0
3.0799999999999783 0 1 0.0 0.0 0 0 0 0 0 0
3.0899999999999781 0 1 0.0 0.0 0 0 0 0 0 0
3.0999999999999779 0 1 0.0 0.0 0 0 0 0 0 0
3.1099999999999777 0 1 0.0 0.0 0 0 0 0 0 0
3.1199999999999775 0 1 0.0 0.0 0 0 0 0 0 0
3.1299999999999772 0 1 0.0 0.0 0 0 0 0 0 0
3.139999999999977 0 1 0.0 0.0 0 0 0 0 0 0
3.1499999999999768 0 1 0.0 0.0 0 0 0 0 0 0
3.1599999999999766 0 1 0.0 0.0 0 0 0 0 0 0
3.1699999999999764 0 1 0.0 0.0 0 0 0 0 0 0
3.1799999999999762 0 1 0.0 0.0 0 0 0 0 0 0
3.189999999999976 0 1 0.0 0.0 0 0 0 0 0 0
3.1999999999999758 0 1 0.0 0.0 0 0 0 0 0 0
3.2099999999999755 0 1 0.0 0.0 0 0 0 0 0 0
3.2199999999999753 0 1 0.0 0.0 0 0 0 0 0 0
3.2299999999999751 0 1 0.0 0.0 0 0 0 0 0 0
3.2399999999999749 0 1 0.0 0.0 0 0 0 0 0 0
3.2499999999999747 0 1 0.0 0.0 0 0 0 0 0 0
3.2599999999999745 0 1 0.0 0.0 0 0 0 0 0 0
3.2699999999999743 0 1 0.0 0.0 0 0 0 0 0 0
3.279999999999974 0 1 0.0 0.0 0 0 0 0 0 0
3.2899999999999738 0 1 0.0 0.0 0 0 0 0 0 0
3.2999999999999736 0 1 0.0 0.0 0 0 0 0 0 0
3.3099999999999734 0 1 0.0 0.0 0 0 0 0 0 0
3.3199999999999732 0 1 0.0 0.0 0 0 0 0 0 0
3.329999999999973 0 1 0.0 0.0 0 0 0 0 0 0
3.3399999999999728 0 1 0.0 0.0 0 0 0 0 0 0
3.3499999999999726 0 1 0.0 0.0 0 0 0 0 0 0
3.3599999999999723 0 1 0.0 0.0 0 0 0 0 0 0
3.3699999999999721 0 1 0.0 0.0 0 0 0 0 0 0
3.3799999999999719 0 1 0.0 0.0 0 0 0 0 0 0
3.3899999999999717 0 1 0.0 0.0 0 0 0 0 0 0
3.3999999999999715 0 1 0.0 0.0 0 0 0 0 0 0
3.4099999999999713 0 1 0.0 0.0 0 0 0 0 0 0
3.4199999999999711 0 1 0.0 0.0 0 0 0 0 0 0
3.4299999999999708 0 1 0.0 0.0 0 0 0 0 0 0
3.4399999999999706 0 1 0.0 0.0 0 0 0 0 0 0
3.4499999999999704 0 1 0.0 0.0 0 0 0 0 0 0
3.4599999999999702 0 1 0.0 0.0 0 0 0 0 0 0
3.46999999999997 0 1 0.0 0.0 0 0 0 0 0 0
3.4799999999999698 0 1 0.0 0.0 0 0 0 0 0 0
3.4899999999999696 0 1 0.0 0.0 0 0 0 0 0 0
3.4999999999999694 0 1 0.0 0.0 0 0 0 0 0 0
3.5099999999999691 0 1 0.0 0.0 0 0 0 0 0 0
3.5199999999999689 0 1 0.0 0.0 0 0 0 0 0 0
3.5299999999999687 0 1 0.0 0.0 0 0 0 0 0 0
3.5399999999999685 0 1 0.0 0.0 0 0 0 0 0 0
3.5499999999999683 0 1 0.0 0.0 0 0 0 0 0 0
3.5599999999999681 0 1 0.0 0.0 0 0 0 0 0 0
3.5699999999999679 0 1 0.0 0.0 0 0 0 0 0 0
3.5799999999999677 0 1 0.0 0.0 0 0 0 0 0 0
3.5899999999999674 0 1 0.0 0.0 0 0 0 0 0 0
3.5999999999999672 0 1 0.0 0.0 0 0 0 0 0 0
3.609999999999967 0 1 0.0 0.0 0 0 0 0 0 0
3.6199999999999668 0 1 0.0 0.0 0 0 0 0 0 0
3.6299999999999666 0 1 0.0 0.0 0 0 0 0 0 0
3.6399999999999664 0 1 0.0 0.0 0 0 0 0 0 0
3.6499999999999662 0 1 0.0 0.0 0 0 0 0 0 0
3.6599999999999659 0 1 0.0 0.0 0 0 0 0 0 0
3.6699999999999657 0 1 0.0 0.0 0 0 0 0 0 0
3.6799999999999655 0 1 0.0 0.0 0 0 0 0 0 0
3.6899999999999653 0 1 0.0 0.0 0 0 0 0 0 0
3.6999999999999651 0 1 0.0 0.0 0 0 0 0 0 0
3.7099999999999649 0 1 0.0 0.0 0 0 0 0 0 0
3.7199999999999647 0 1 0.0 0.0 0 0 0 0 0 0
3.7299999999999645 0 1 0.0 0.0 0 0 0 0 0 0
3.7399999999999642 0 1 0.0 0.0 0 0 0 0 0 0
3.749999999999964 0 1 0.0 0.0 0 0 0 0 0 0
3.7599999999999638 0 1 0.0 0.0 0 0 0 0 0 0
3.7699999999999636 0 1 0.0 0.0 0 0 0 0 0 0
3.7799999999999634 0 1 0.0 0.0 0 0 0 0 0 0
3.7899999999999632 0 1 0.0 0.0 0 0 0 0 0 0
3.799999999999963 0 1 0.0 0.0 0 0 0 0 0 0
3.8099999999999627 0 1 0.0 0.0 0 0 0 0 0 0
3.8199999999999625 0 1 0.0 0.0 0 0 0 0 0 0
3.8299999999999623 0 1 0.0 0.0 0 0 0 0 0 0
3.8399999999999621 0 1 0.0 0.0 0 0 0 0 0 0
3.8499999999999619 0 1 0.0 0.0 0 0 0 0 0 0
3.8599999999999617 0 1 0.0 0.0 0 0 0 0 0 0
3.8699999999999615 0 1 0.0 0.0 0 0 0 0 0 0
3.8799999999999613 0 1 0.0 0.0 0 0 0 0 0 0
3.889999999999961 0 1 0.0 0.0 0 0 0 0 0 0
3.8999999999999608 0 1 0.0 0.0 0 0 0 0 0 0
3.9099999999999606 0 1 0.0 0.0 0 0 0 0 0 0
3.9199999999999604 0 1 0.0 0.0 0 0 0 0 0 0
3.9299999999999602 0 1 0.0 0.0 0 0 0 0 0 0
3.93999999999996 0 1 0.0 0.0 0 0 0 0 0 0
3.9499999999999598 0 1 0.0 0.0 0 0 0 0 0 0
3.9599999999999596 0 1 0.0 0.0 0 0 0 0 0 0
3.9699999999999593 0 1 0.0 0.0 0 0 0 0 0 0
3.9799999999999591 0 1 0.0 0.0 0 0 0 0 0 0
3.9899999999999589 0 1 0.0 0.0 0 0 0 0 0 0
3.9999999999999587 0 1 0.0 0.0 0 0 0 0 0 0
4.0099999999999589 0 1 0.0 0.0 0 0 0 0 0 0
4.0199999999999587 0 1 0.0 0.0 0 0 0 0 0 0
4.0299999999999585 0 1 0.0 0.0 0 0 0 0 0 0
4.0399999999999583 0 1 0.0 0.0 0 0 0 0 0 0
4.0499999999999581 0 1 0.0 0.0 0 0 0 0 0 0
4.0599999999999579 0 1 0.0 0.0 0 0 0 0 0 0
4.0699999999999577 0 1 0.0 0.0 0 0 0 0 0 0
4.0799999999999574 0 1 0.0 0.0 0 0 0 0 0 0
4.0899999999999572 0 1 0.0 0.0 0 0 0 0 0 0
4.099999999999957 0 1 0.0 0.0 0 0 0 0 0 0
4.1099999999999568 0 1 0.0 0.0 0 0 0 0 0 0
4.1199999999999566 0 1 0.0 0.0 0 0 0 0 0 0
4.1299999999999564 0 1 0.0 0.0 0 0 0 0 0 0
4.1399999999999562 0 1 0.0 0.0 0 0 0 0 0 0
4.1499999999999559 0 1 0.0 0.0 0 0 0 0 0 0
4.1599999999999557 0 1 0.0 0.0 0 0 0 0 0 0
4.1699999999999555 0 1 0.0 0.0 0 0 0 0 0 0
4.1799999999999553 0 1 0.0 0.0 0 0 0 0 0 0
4.1899999999999551 0 1 0.0 0.0 0 0 0 0 0 0
4.1999999999999549 0 1 0.0 0.0 0 0 0 0 0 0
4.2099999999999547 0 1 0.0 0.0 0 0 0 0 0 0
4.2199999999999545 0 1 0.0 0.0 0 0 0 0 0 0
4.2299999999999542 0 1 0.0 0.0 0 0 0 0 0 0
4.239999999999954 0 1 0.0 0.0 0 0 0 0 0 0
4.2499999999999538 0 1 0.0 0.0 0 0 0 0 0 0
4.2599999999999536 0 1 0.0 0.0 0 0 0 0 0 0
4.2699999999999534 0 1 0.0 0.0 0 0 0 0 0 0
4.2799999999999532 0 1 0.0 0.0 0 0 0 0 0 0
4.289999999999953 0 1 0.0 0.0 0 0 0 0 0 0
4.2999999999999527 0 1 0.0 0.0 0 0 0 0 0 0
4.3099999999999525 0 1 0.0 0.0 0 0 0 0 0 0
4.3199999999999523 0 1 0.0 0.0 0 0 0 0 0 0
4.3299999999999521 0 1 0.0 0.0 0 0 0 0 0 0
4.3399999999999519 0 1 0.0 0.0 0 0 0 0 0 0
4.3499999999999517 0 1 0.0 0.0 0 0 0 0 0 0
4.3599999999999515 0 1 0.0 0.0 0 0 0 0 0 0
4.3699999999999513 0 1 0.0 0.0 0 0 0 0 0 0
4.379999999999951 0 1 0.0 0.0 0 0 0 0 0 0
4.3899999999999508 0 1 0.0 0.0 0 0 0 0 0 0
4.3999999999999506 0 1 0.0 0.0 0 0 0 0 0 0
4.4099999999999504 0 1 0.0 0.0 0 0 0 0 0 0
4.4199999999999502 0 1 0.0 0.0 0 0 0 0 0 0
4.42999999999995 0 1 0.0 0.0 0 0 0 0 0 0
4.4399999999999498 0 1 0.0 0.0 0 0 0 0 0 0
4.4499999999999496 0 1 0.0 0.0 0 0 0 0 0 0
4.4599999999999493 0 1 0.0 0.0 0 0 0 0 0 0
4.4699999999999491 0 1 0.0 0.0 0 0 0 0 0 0
4.4799999999999489 0 1 0.0 0.0 0 0 0 0 0 0
4.4899999999999487 0 1 0.0 0.0 0 0 0 0 0 0
4.4999999999999485 0 1 0.0 0.0 0 0 0 0 0 0
4.5099999999999483 0 1 0.0 0.0 0 0 0 0 0 0
4.5199999999999481 0 1 0.0 0.0 0 0 0 0 0 0
4.5299999999999478 0 1 0.0 0.0 0 0 0 0 0 0
4.5399999999999476 0 1 0.0 0.0 0 0 0 0 0 0
4.5499999999999474 0 1 0.0 0.0 0 0 0 0 0 0
4.5599999999999472 0 1 0.0 0.0 0 0 0 0 0 0
4.569999999999947 0 1 0.0 0.0 0 0 0 0 0 0
4.5799999999999468 0 1 0.0 0.0 0 0 0 0 0 0
4.5899999999999466 0 1 0.0 0.0 0 0 0 0 0 0
4.5999999999999464 0 1 0.0 0.0 0 0 0 0 0 0
4.6099999999999461 0 1 0.0 0.0 0 0 0 0 0 0
4.6199999999999459 0 1 0.0 0.0 0 0 0 0 0 0
4.6299999999999457 0 1 0.0 0.0 0 0 0 0 0 0
4.6399999999999455 0 1 0.0 0.0 0 0 0 0 0 0
4.6499999999999453 0 1 0.0 0.0 0 0 0 0 0 0
4.6599999999999451 0 1 0.0 0.0 0 0 0 0 0 0
4.6699999999999449 0 1 0.0 0.0 0 0 0 0 0 0
4.6799999999999446 0 1 0.0 0.0 0 0 0 0 0 0
4.6899999999999444 0 1 0.0 0.0 0 0 0 0 0 0
4.6999999999999442 0 1 0.0 0.0 0 0 0 0 0 0
4.709999999999944 0 1 0.0 0.0 0 0 0 0 0 0
4.7199999999999438 0 1 0.0 0.0 0 0 0 0 0 0
4.7299999999999436 0 1 0.0 0.0 0 0 0 0 0 0
4.7399999999999434 0 1 0.0 0.0 0 0 0 0 0 0
4.7499999999999432 0 1 0.0 0.0 0 0 0 0 0 0
4.7599999999999429 0 1 0.0 0.0 0 0 0 0 0 0
4.7699999999999427 0 1 0.0 0.0 0 0 0 0 0 0
4.7799999999999425 0 1 0.0 0.0 0 0 0 0 0 0
4.7899999999999423 0 1 0.0 0.0 0 0 0 0 0 0
4.7999999999999421 0 1 0.0 0.0 0 0 0 0 0 0
4.8099999999999419 0 1 0.0 0.0 0 0 0 0 0 0
4.8199999999999417 0 1 0.0 0.0 0 0 0 0 0 0
4.8299999999999415 0 1 0.0 0.0 0 0 0 0 0 0
4.8399999999999412 0 1 0.0 0.0 0 0 0 0 0 0
4.849999999999941 0 1 0.0 0.0 0 0 0 0 0 0
4.8599999999999408 0 1 0.0 0.0 0 0 0 0 0 0
4.8699999999999406 0 1 0.0 0.0 0 0 0 0 0 0
4.8799999999999404 0 1 0.0 0.0 0 0 0 0 0 0
4.8899999999999402 0 1 0.0 0.0 0 0 0 0 0 0
4.89999999999994 0 1 0.0 0.0 0 0 0 0 0 0
4.9099999999999397 0 1 0.0 0.0 0 0 0 0 0 0
4.9199999999999395 0 1 0.0 0.0 0 0 0 0 0 0
4.9299999999999393 0 1 0.0 0.0 0 0 0 0 0 0
4.9399999999999391 0 1 0.0 0.0 0 0 0 0 0 0
4.9499999999999389 0 1 0.0 0.0 0 0 0 0 0 0
4.9599999999999387 0 1 0.0 0.0 0 0 0 0 0 0
4.9699999999999385 0 1 0.0 0.0 0 0 0 0 0 0
4.9799999999999383 0 1 0.0 0.0 0 0 0 0 0 0
4.989999999999938 0 1 0.0 0.0 0 0 0 0 0 0
4.9999999999999378 0 1 0.0 0.0 0 0 0 0 0 0
5.0099999999999376 0 1 0.0 0.0 0 0 0 0 0 0
5.0199999999999374 0 1 0.0 0.0 0 0 0 0 0 0
5.0299999999999372 0 1 0.0 0.0 0 0 0 0 0 0
5.039999999999937 0 1 0.0 0.0 0 0 0 0 0 0
5.0499999999999368 0 1 0.0 0.0 0 0 0 0 0 0
5.0599999999999365 0 1 0.0 0.0 0 0 0 0 0 0
5.0699999999999363 0 1 0.0 0.0 0 0 0 0 0 0
5.0799999999999361 0 1 0.0 0.0 0 0 0 0 0 0
5.0899999999999359 0 1 0.0 0.0 0 0 0 0 0 0
5.0999999999999357 0 1 0.0 0.0 0 0 0 0 0 0
5.1099999999999355 0 1 0.0 0.0 0 0 0 0 0 0
5.1199999999999353 0 1 0.0 0.0 0 0 0 0 0 0
5.1299999999999351 0 1 0.0 0.0 0 0 0 0 0 0
5.1399999999999348 0 1 0.0 0.0 0 0 0 0 0 0
5.1499999999999346 0 1 0.0 0.0 0 0 0 0 0 0
5.1599999999999344 0 1 0.0 0.0 0 0 0 0 0 0
5.1699999999999342 0 1 0.0 0.0 0 0 0 0 0 0
5.179999999999934 0 1 0.0 0.0 0 0 0 0 0 0
5.1899999999999338 0 1 0.0 0.0 0 0 0 0 0 0
5.1999999999999336 0 1 0.0 0.0 0 0 0 0 0 0
5.2099999999999334 0 1 0.0 0.0 0 0 0 0 0 0
5.2199999999999331 0 1 0.0 0.0 0 0 0 0 0 0
5.2299999999999329 0 1 0.0 0.0 0 0 0 0 0 0
5.2399999999999327 0 1 0.0 0.0 0 0 0 0 0 0
5.2499999999999325 0 1 0.0 0.0 0 0 0 0 0 0
5.2599999999999323 0 1 0.0 0.0 0 0 0 0 0 0
5.2699999999999321 0 1 0.0 0.0 0 0 0 0 0 0
5.2799999999999319 0 1 0.0 0.0 0 0 0 0 0 0
5.2899999999999316 0 1 0.0 0.0 0 0 0 0 0 0
5.2999999999999314 0 1 0.0 0.0 0 0 0 0 0 0
5.3099999999999312 0 1 0.0 0.0 0 0 0 0 0 0
5.319999999999931 0 1 0.0 0.0 0 0 0 0 0 0
5.3299999999999308 0 1 0.0 0.0 0 0 0 0 0 0
5.3399999999999306 0 1 0.0 0.0 0 0 0 0 0 0
5.3499999999999304 0 1 0.0 0.0 0 0 0 0 0 0
5.3599999999999302 0 1 0.0 0.0 0 0 0 0 0 0
5.3699999999999299 0 1 0.0 0.0 0 0 0 0 0 0
5.3799999999999297 0 1 0.0 0.0 0 0 0 0 0 0
5.3899999999999295 0 1 0.0 0.0 0 0 0 0 0 0
5.3999999999999293 0 1 0.0 0.0 0 0 0 0 0 0
5.4099999999999291 0 1 0.0 0.0 0 0 0 0 0 0
5.4199999999999289 0 1 0.0 0.0 0 0 0 0 0 0
5.4299999999999287 0 1 0.0 0.0 0 0 0 0 0 0
5.4399999999999284 0 1 0.0 0.0 0 0 0 0 0 0
5.4499999999999282 0 1 0.0 0.0 0 0 0 0 0 0
5.459999999999928 0 1 0.0 0.0 0 0 0 0 0 0
5.4699999999999278 0 1 0.0 0.0 0 0 0 0 0 0
5.4799999999999276 0 1 0.0 0.0 0 0 0 0 0 0
5.4899999999999274 0 1 0.0 0.0 0 0 0 0 0 0
5.4999999999999272 0 1 0.0 0.0 0 0 0 0 0 0
5.509999999999927 0 1 0.0 0.0 0 0 0 0 0 0
5.5199999999999267 0 1 0.0 0.0 0 0 0 0 0 0
5.5299999999999265 0 1 0.0 0.0 0 0 0 0 0 0
5.5399999999999263 0 1 0.0 0.0 0 0 0 0 0 0
5.5499999999999261 0 1 0.0 0.0 0 0 0 0 0 0
5.5599999999999259 0 1 0.0 0.0 0 0 0 0 0 0
5.5699999999999257 0 1 0.0 0.0 0 0 0 0 0 0
5.5799999999999255 0 1 0.0 0.0 0 0 0 0 0 0
5.5899999999999253 0 1 0.0 0.0 0 0 0 0 0 0
5.599999999999925 0 1 0.0 0.0 0 0 0 0 0 0
5.6099999999999248 0 1 0.0 0.0 0 0 0 0 0 0
5.6199999999999246 0 1 0.0 0.0 0 0 0 0 0 0
5.6299999999999244 0 1 0.0 0.0 0 0 0 0 0 0
5.6399999999999242 0 1 0.0 0.0 0 0 0 0 0 0
5.649999999999924 0 1 0.0 0.0 0 0 0 0 0 0
5.6599999999999238 0 1 0.0 0.0 0 0 0 0 0 0
5.6699999999999235 0 1 0.0 0.0 0 0 0 0 0 0
5.6799999999999233 0 1 0.0 0.0 0 0 0 0 0 0
5.6899999999999231 0 1 0.0 0.0 0 0 0 0 0 0
5.6999999999999229 0 1 0.0 0.0 0 0 0 0 0 0
5.7099999999999227 0 1 0.0 0.0 0 0 0 0 0 0
5.7199999999999225 0 1 0.0 0.0 0 0 0 0 0 0
5.7299999999999223 0 1 0.0 0.0 0 0 0 0 0 0
5.7399999999999221 0 1 0.0 0.0 0 0 0 0 0 0
5.7499999999999218 0 1 0.0 0.0 0 0 0 0 0 0
5.7599999999999216 0 1 0.0 0.0 0 0 0 0 0 0
5.7699999999999214 0 1 0.0 0.0 0 0 0 0 0 0
5.7799999999999212 0 1 0.0 0.0 0 0 0 0 0 0
5.789999999999921 0 1 0.0 0.0 0 0 0 0 0 0
5.7999999999999208 0 1 0.0 0.0 0 0 0 0 0 0
5.8099999999999206 0 1 0.0 0.0 0 0 0 0 0 0
5.8199999999999203 0 1 0.0 0.0 0 0 0 0 0 0
5.8299999999999201 0 1 0.0 0.0 0 0 0 0 0 0
5.8399999999999199 0 1 0.0 0.0 0 0 0 0 0 0
5.8499999999999197 0 1 0.0 0.0 0 0 0 0 0 0
5.8599999999999195 0 1 0.0 0.0 0 0 0 0 0 0
5.8699999999999193 0 1 0.0 0.0 0 0 0 0 0 0
5.8799999999999191 0 1 0.0 0.0 0 0 0 0 0 0
5.8899999999999189 0 1 0.0 0.0 0 0 0 0 0 0
5.8999999999999186 0 1 0.0 0.0 0 0 0 0 0 0
5.9099999999999184 0 1 0.0 0.0 0 0 0 0 0 0
5.9199999999999182 0 1 0.0 0.0 0 0 0 0 0 0
5.929999999999918 0 1 0.0 0.0 0 0 0 0 0 0
5.9399999999999178 0 1 0.0 0.0 0 0 0 0 0 0
5.9499999999999176 0 1 0.0 0.0 0 0 0 0 0 0
5.9599999999999174 0 1 0.0 0.0 0 0 0 0 0 0
5.9699999999999172 0 1 0.0 0.0 0 0 0 0 0 0
5.9799999999999169 0 1 0.0 0.0 0 0 0 0 0 0
5.9899999999999167 0 1 0.0 0.0 0 0 0 0 0 0
5.9999999999999165 0 1 0.0 0.0 0 0 0 0 0 0
6.0099999999999163 0 1 0.0 0.0 0 0 0 0 0 0
6.0199999999999161 0 1 0.0 0.0 0 0 0 0 0 0
6.0299999999999159 0 1 0.0 0.0 0 0 0 0 0 0
6.0399999999999157 0 1 0.0 0.0 0 0 0 0 0 0
6.0499999999999154 0 1 0.0 0.0 0 0 0 0 0 0
6.0599999999999152 0 1 0.0 0.0 0 0 0 0 0 0
6.069999999999915 0 1 0.0 0.0 0 0 0 0 0 0
6.0799999999999148 0 1 0.0 0.0 0 0 0 0 0 0
6.0899999999999146 0 1 0.0 0.0 0 0 0 0 0 0
6.0999999999999144 0 1 0.0 0.0 0 0 0 0 0 0
6.1099999999999142 0 1 0.0 0.0 0 0 0 0 0 0
6.119999999999914 0 1 0.0 0.0 0 0 0 0 0 0
6.1299999999999137 0 1 0.0 0.0 0 0 0 0 0 0
6.1399999999999135 0 1 0.0 0.0 0 0 0 0 0 0
6.1499999999999133 0 1 0.0 0.0 0 0 0 0 0 0
6.1599999999999131 0 1 0.0 0.0 0 0 0 0 0 0
6.1699999999999129 0 1 0.0 0.0 0 0 0 0 0 0
6.1799999999999127 0 1 0.0 0.0 0 0 0 0 0 0
6.1899999999999125 0 1 0.0 0.0 0 0 0 0 0 0
6.1999999999999122 0 1 0.0 0.0 0 0 0 0 0 0
6.209999999999912 0 1 0.0 0.0 0 0 0 0 0 0
6.2199999999999118 0 1 0.0 0.0 0 0 0 0 0 0
6.2299999999999116 0 1 0.0 0.0 0 0 0 0 0 0
6.2399999999999114 0 1 0.0 0.0 0 0 0 0 0 0
6.2499999999999112 0 1 0.0 0.0 0 0 0 0 0 0
6.259999999999911 0 1 0.0 0.0 0 0 0 0 0 0
6.2699999999999108 0 1 0.0 0.0 0 0 0 0 0 0
6.2799999999999105 0 1 0.0 0.0 0 0 0 0 0 0
6.2899999999999103 0 1 0.0 0.0 0 0 0 0 0 0
6.2999999999999101 0 1 0.0 0.0 0 0 0 0 0 0
6.3099999999999099 0 1 0.0 0.0 0 0 0 0 0 0
6.3199999999999097 0 1 0.0 0.0 0 0 0 0 0 0
6.3299999999999095 0 1 0.0 0.0 0 0 0 0 0 0
6.3399999999999093 0 1 0.0 0.0 0 0 0 0 0 0
6.3499999999999091 0 1 0.0 0.0 0 0 0 0 0 0
6.3599999999999088 0 1 0.0 0.0 0 0 0 0 0 0
6.3699999999999086 0 1 0.0 0.0 0 0 0 0 0 0
6.3799999999999084 0 1 0.0 0.0 0 0 0 0 0 0
6.3899999999999082 0 1 0.0 0.0 0 0 0 0 0 0
6.399999999999908 0 1 0.0 0.0 0 0 0 0 0 0
6.4099999999999078 0 1 0.0 0.0 0 0 0 0 0 0
6.4199999999999076 0 1 0.0 0.0 0 0 0 0 0 0
6.4299999999999073 0 1 0.0 0.0 0 0 0 0 0 0
6.4399999999999071 0 1 0.0 0.0 0 0 0 0 0 0
6.4499999999999069 0 1 0.0 0.0 0 0 0 0 0 0
6.4599999999999067 0 1 0.0 0.0 0 0 0 0 0 0
6.4699999999999065 0 1 0.0 0.0 0 0 0 0 0 0
6.4799999999999063 0 1 0.0 0.0 0 0 0 0 0 0
6.4899999999999061 0 1 0.0 0.0 0 0 0 0 0 0
6.4999999999999059 0 1 0.0 0.0 0 0 0 0 0 0
6.5099999999999056 0 1 0.0 0.0 0 0 0 0 0 0
6.5199999999999054 0 1 0.0 0.0 0 0 0 0 0 0
6.5299999999999052 0 1 0.0 0.0 0 0 0 0 0 0
6.539999999999905 0 1 0.0 0.0 0 0 0 0 0 0
6.5499999999999048 0 1 0.0 0.0 0 0 0 0 0 0
6.5599999999999046 0 1 0.0 0.0 0 0 0 0 0 0
6.5699999999999044 0 1 0.0 0.0 0 0 0 0 0 0
6.5799999999999041 0 1 0.0 0.0 0 0 0 0 0 0
6.5899999999999039 0 1 0.0 0.0 0 0 0 0 0 0
6.5999999999999037 0 1 0.0 0.0 0 0 0 0 0 0
6.6099999999999035 0 1 0.0 0.0 0 0 0 0 0 0
6.6199999999999033 0 1 0.0 0.0 0 0 0 0 0 0
6.6299999999999031 0 1 0.0 0.0 0 0 0 0 0 0
6.6399999999999029 0 1 0.0 0.0 0 0 0 0 0 0
6.6499999999999027 0 1 0.0 0.0 0 0 0 0 0 0
6.6599999999999024 0 1 0.0 0.0 0 0 0 0 0 0
6.6699999999999022 0 1 0.0 0.0 0 0 0 0 0 0
6.679999999999902 0 1 0.0 0.0 0 0 0 0 0 0
6.6899999999999018 0 1 0.0 0.0 0 0 0 0 0 0
6.6999999999999016 0 1 0.0 0.0 0 0 0 0 0 0
6.7099999999999014 0 1 0.0 0.0 0 0 0 0 0 0
6.7199999999999012 0 1 0.0 0.0 0 0 0 0 0 0
6.729999999999901 0 1 0.0 0.0 0 0 0 0 0 0
6.7399999999999007 0 1 0.0 0.0 0 0 0 0 0 0
6.7499999999999005 0 1 0.0 0.0 0 0 0 0 0 0
6.7599999999999003 0 1 0.0 0.0 0 0 0 0 0 0
6.7699999999999001 0 1 0.0 0.0 0 0 0 0 0 0
6.7799999999998999 0 1 0.0 0.0 0 0 0 0 0 0
6.7899999999998997 0 1 0.0 0.0 0 0 0 0 0 0
6.7999999999998995 0 1 0.0 0.0 0 0 0 0 0 0
6.8099999999998992 0 1 0.0 0.0 0 0 0 0 0 0
6.819999999999899 0 1 0.0 0.0 0 0 0 0 0 0
6.8299999999998988 0 1 0.0 0.0 0 0 0 0 0 0
6.8399999999998986 0 1 0.0 0.0 0 0 0 0 0 0
6.8499999999998984 0 1 0.0 0.0 0 0 0 0 0 0
6.8599999999998982 0 1 0.0 0.0 0 0 0 0 0 0
6.869999999999898 0 1 0.0 0.0 0 0 0 0 0 0
6.8799999999998978 0 1 0.0 0.0 0 0 0 0 0 0
6.8899999999998975 0 1 0.0 0.0 0 0 0 0 0 0
6.8999999999998973 0 1 0.0 0.0 0 0 0 0 0 0
6.9099999999998971 0 1 0.0 0.0 0 0 0 0 0 0
6.9199999999998969 0 1 0.0 0.0 0 0 0 0 0 0
6.9299999999998967 0 1 0.0 0.0 0 0 0 0 0 0
6.9399999999998965 0 1 0.0 0.0 0 0 0 0 0 0
6.9499999999998963 0 1 0.0 0.0 0 0 0 0 0 0
6.959999999999896 0 1 0.0 0.0 0 0 0 0 0 0
6.9699999999998958 0 1 0.0 0.0 0 0 0 0 0 0
6.9799999999998956 0 1 0.0 0.0 0 0 0 0 0 0
6.9899999999998954 0 1 0.0 0.0 0 0 0 0 0 0
6.9999999999998952 0 1 0.0 0.0 0 0 0 0 0 0
7.009999999999895 0 1 0.0 0.0 0 0 0 0 0 0
7.0199999999998948 0 1 0.0 0.0 0 0 0 0 0 0
7.0299999999998946 0 1 0.0 0.0 0 0 0 0 0 0
7.0399999999998943 0 1 0.0 0.0 0 0 0 0 0 0
7.0499999999998941 0 1 0.0 0.0 0 0 0 0 0 0
7.0599999999998939 0 1 0.0 0.0 0 0 0 0 0 0
7.0699999999998937 0 1 0.0 0.0 0 0 0 0 0 0
7.0799999999998935 0 1 0.0 0.0 0 0 0 0 0 0
7.0899999999998933 0 1 0.0 0.0 0 0 0 0 0 0
7.0999999999998931 0 1 0.0 0.0 0 0 0 0 0 0
7.1099999999998929 0 1 0.0 0.0 0 0 0 0 0 0
7.1199999999998926 0 1 0.0 0.0 0 0 0 0 0 0
7.1299999999998924 0 1 0.0 0.0 0 0 0 0 0 0
7.1399999999998922 0 1 0.0 0.0 0 0 0 0 0 0
7.149999999999892 0 1 0.0 0.0 0 0 0 0 0 0
7.1599999999998918 0 1 0.0 0.0 0 0 0 0 0 0
7.1699999999998916 0 1 0.0 0.0 0 0 0 0 0 0
7.1799999999998914 0 1 0.0 0.0 0 0 0 0 0 0
7.1899999999998911 0 1 0.0 0.0 0 0 0 0 0 0
7.1999999999998909 0 1 0.0 0.0 0 0 0 0 0 0
7.2099999999998907 0 1 0.0 0.0 0 0 0 0 0 0
7.2199999999998905 0 1 0.0 0.0 0 0 0 0 0 0
7.2299999999998903 0 1 0.0 0.0 0 0 0 0 0 0
7.2399999999998901 0 1 0.0 0.0 0 0 0 0 0 0
7.2499999999998899 0 1 0.0 0.0 0 0 0 0 0 0
7.2599999999998897 0 1 0.0 0.0 0 0 0 0 0 0
7.2699999999998894 0 1 0.0 0.0 0 0 0 0 0 0
7.2799999999998892 0 1 0.0 0.0 0 0 0 0 0 0
7.289999999999889 0 1 0.0 0.0 0 0 0 0 0 0
7.2999999999998888 0 1 0.0 0.0 0 0 0 0 0 0
7.3099999999998886 0 1 0.0 0.0 0 0 0 0 0 0
7.3199999999998884 0 1 0.0 0.0 0 0 0 0 0 0
7.3299999999998882 0 1 0.0 0.0 0 0 0 0 0 0
7.3399999999998879 0 1 0.0 0.0 0 0 0 0 0 0
7.3499999999998877 0 1 0.0 0.0 0 0 0 0 0 0
7.3599999999998875 0 1 0.0 0.0 0 0 0 0 0 0
7.3699999999998873 0 1 0.0 0.0 0 0 0 0 0 0
7.3799999999998871 0 1 0.0 0.0 0 0 0 0 0 0
7.3899999999998869 0 1 0.0 0.0 0 0 0 0 0 0
7.3999999999998867 0 1 0.0 0.0 0 0 0 0 0 0
7.4099999999998865 0 1 0.0 0.0 0 0 0 0 0 0
7.4199999999998862 0 1 0.0 0.0 0 0 0 0 0 0
7.429999999999886 0 1 0.0 0.0 0 0 0 0 0 0
7.4399999999998858 0 1 0.0 0.0 0 0 0 0 0 0
7.4499999999998856 0 1 0.0 0.0 0 0 0 0 0 0
7.4599999999998854 0 1 0.0 0.0 0 0 0 0 0 0
7.4699999999998852 0 1 0.0 0.0 0 0 0 0 0 0
7.479999999999885 0 1 0.0 0.0 0 0 0 0 0 0
7.4899999999998847 0 1 0.0 0.0 0 0 0 0 0 0
7.4999999999998845 0 1 0.0 0.0 0 0 0 0 0 0
7.5099999999998843 0 1 0.0 0.0 0 0 0 0 0 0
7.5199999999998841 0 1 0.0 0.0 0 0 0 0 0 0
7.5299999999998839 0 1 0.0 0.0 0 0 0 0 0 0
7.5399999999998837 0 1 0.0 0.0 0 0 0 0 0 0
7.5499999999998835 0 1 0.0 0.0 0 0 0 0 0 0
7.5599999999998833 0 1 0.0 0.0 0 0 0 0 0 0
7.569999999999883 0 1 0.0 0.0 0 0 0 0 0 0
7.5799999999998828 0 1 0.0 0.0 0 0 0 0 0 0
7.5899999999998826 0 1 0.0 0.0 0 0 0 0 0 0
7.5999999999998824 0 1 0.0 0.0 0 0 0 0 0 0
7.6099999999998822 0 1 0.0 0.0 0 0 0 0 0 0
7.619999999999882 0 1 0.0 0.0 0 0 0 0 0 0
7.6299999999998818 0 1 0.0 0.0 0 0 0 0 0 0
7.6399999999998816 0 1 0.0 0.0 0 0 0 0 0 0
7.6499999999998813 0 1 0.0 0.0 0 0 0 0 0 0
7.6599999999998811 0 1 0.0 0.0 0 0 0 0 0 0
7.6699999999998809 0 1 0.0 0.0 0 0 0 0 0 0
7.6799999999998807 0 1 0.0 0.0 0 0 0 0 0 0
7.6899999999998805 0 1 0.0 0.0 0 0 0 0 0 0
7.6999999999998803 0 1 0.0 0.0 0 0 0 0 0 0
7.7099999999998801 0 1 0.0 0.0 0 0 0 0 0 0
7.7199999999998798 0 1 0.0 0.0 0 0 0 0 0 0
7.7299999999998796 0 1 0.0 0.0 0 0 0 0 0 0
7.7399999999998794 0 1 0.0 0.0 0 0 0 0 0 0
7.7499999999998792 0 1 0.0 0.0 0 0 0 0 0 0
7.759999999999879 0 1 0.0 0.0 0 0 0 0 0 0
7.7699999999998788 0 1 0.0 0.0 0 0 0 0 0 0
7.7799999999998786 0 1 0.0 0.0 0 0 0 0 0 0
7.7899999999998784 0 1 0.0 0.0 0 0 0 0 0 0
7.7999999999998781 0 1 0.0 0.0 0 0 0 0 0 0
7.8099999999998779 0 1 0.0 0.0 0 0 0 0 0 0
7.8199999999998777 0 1 0.0 0.0 0 0 0 0 0 0
7.8299999999998775 0 1 0.0 0.0 0 0 0 0 0 0
7.8399999999998773 0 1 0.0 0.0 0 0 0 0 0 0
7.8499999999998771 0 1 0.0 0.0 0 0 0 0 0 0
7.8599999999998769 0 1 0.0 0.0 0 0 0 0 0 0
7.8699999999998766 0 1 0.0 0.0 0 0 0 0 0 0
7.8799999999998764 0 1 0.0 0.0 0 0 0 0 0 0
7.8899999999998762 0 1 0.0 0.0 0 0 0 0 0 0
7.899999999999876 0 1 0.0 0.0 0 0 0 0 0 0
7.9099999999998758 0 1 0.0 0.0 0 0 0 0 0 0
7.9199999999998756 0 1 0.0 0.0 0 0 0 0 0 0
7.9299999999998754 0 1 0.0 0.0 0 0 0 0 0 0
7.9399999999998752 0 1 0.0 0.0 0 0 0 0 0 0
7.9499999999998749 0 1 0.0 0.0 0 0 0 0 0 0
7.9599999999998747 0 1 0.0 0.0 0 0 0 0 0 0
7.9699999999998745 0 1 0.0 0.0 0 0 0 0 0 0
7.9799999999998743 0 1 0.0 0.0 0 0 0 0 0 0
7.9899999999998741 0 1 0.0 0.0 0 0 0 0 0 0
7.9999999999998739 0 1 0.0 0.0 0 0 0 0 0 0
8.0099999999998737 0 1 0.0 0.0 0 0 0 0 0 0
8.0199999999998735 0 1 0.0 0.0 0 0 0 0 0 0
8.0299999999998732 0 1 0.0 0.0 0 0 0 0 0 0
8.039999999999873 0 1 0.0 0.0 0 0 0 0 0 0
8.0499999999998728 0 1 0.0 0.0 0 0 0 0 0 0
8.0599999999998726 0 1 0.0 0.0 0 0 0 0 0 0
8.0699999999998724 0 1 0.0 0.0 0 0 0 0 0 0
8.0799999999998722 0 1 0.0 0.0 0 0 0 0 0 0
8.089999999999872 0 1 0.0 0.0 0 0 0 0 0 0
8.0999999999998717 0 1 0.0 0.0 0 0 0 0 0 0
8.1099999999998715 0 1 0.0 0.0 0 0 0 0 0 0
8.1199999999998713 0 1 0.0 0.0 0 0 0 0 0 0
8.1299999999998711 0 1 0.0 0.0 0 0 0 0 0 0
8.1399999999998709 0 1 0.0 0.0 0 0 0 0 0 0
8.1499999999998707 0 1 0.0 0.0 0 0 0 0 0 0
8.1599999999998705 0 1 0.0 0.0 0 0 0 0 0 0
8.1699999999998703 0 1 0.0 0.0 0 0 0 0 0 0
8.17999999999987 0 1 0.0 0.0 0 0 0 0 0 0
8.1899999999998698 0 1 0.0 0.0 0 0 0 0 0 0
8.1999999999998696 0 1 0.0 0.0 0 0 0 0 0 0
8.2099999999998694 0 1 0.0 0.0 0 0 0 0 0 0
8.2199999999998692 0 1 0.0 0.0 0 0 0 0 0 0
8.229999999999869 0 1 0.0 0.0 0 0 0 0 0 0
8.2399999999998688 0 1 0.0 0.0 0 0 0 0 0 0
8.2499999999998685 0 1 0.0 0.0 0 0 0 0 0 0
8.2599999999998683 0 1 0.0 0.0 0 0 0 0 0 0
8.2699999999998681 0 1 0.0 0.0 0 0 0 0 0 0
8.2799999999998679 0 1 0.0 0.0 0 0 0 0 0 0
8.2899999999998677 0 1 0.0 0.0 0 0 0 0 0 0
8.2999999999998675 0 1 0.0 0.0 0 0 0 0 0 0
8.3099999999998673 0 1 0.0 0.0 0 0 0 0 0 0
8.3199999999998671 0 1 0.0 0.0 0 0 0 0 0 0
8.3299999999998668 0 1 0.0 0.0 0 0 0 0 0 0
8.3399999999998666 0 1 0.0 0.0 0 0 0 0 0 0
8.3499999999998664 0 1 0.0 0.0 0 0 0 0 0 0
8.3599999999998662 0 1 0.0 0.0 0 0 0 0 0 0
8.369999999999866 0 1 0.0 0.0 0 0 0 0 0 0
8.3799999999998658 0 1 0.0 0.0 0 0 0 0 0 0
8.3899999999998656 0 1 0.0 0.0 0 0 0 0 0 0
8.3999999999998654 0 1 0.0 0.0 0 0 0 0 0 0
8.4099999999998651 0 1 0.0 0.0 0 0 0 0 0 0
8.4199999999998649 0 1 0.0 0.0 0 0 0 0 0 0
8.4299999999998647 0 1 0.0 0.0 0 0 0 0 0 0
8.4399999999998645 0 1 0.0 0.0 0 0 0 0 0 0
8.4499999999998643 0 1 0.0 0.0 0 0 0 0 0 0
8.4599999999998641 0 1 0.0 0.0 0 0 0 0 0 0
8.4699999999998639 0 1 0.0 0.0 0 0 0 0 0 0
8.4799999999998636 0 1 0.0 0.0 0 0 0 0 0 0
8.4899999999998634 0 1 0.0 0.0 0 0 0 0 0 0
8.4999999999998632 0 1 0.0 0.0 0 0 0 0 0 0
8.509999999999863 0 1 0.0 0.0 0 0 0 0 0 0
8.5199999999998628 0 1 0.0 0.0 0 0 0 0 0 0
8.5299999999998626 0 1 0.0 0.0 0 0 0 0 0 0
8.5399999999998624 0 1 0.0 0.0 0 0 0 0 0 0
8.5499999999998622 0 1 0.0 0.0 0 0 0 0 0 0
8.5599999999998619 0 1 0.0 0.0 0 0 0 0 0 0
8.5699999999998617 0 1 0.0 0.0 0 0 0 0 0 0
8.5799999999998615 0 1 0.0 0.0 0 0 0 0 0 0
8.5899999999998613 0 1 0.0 0.0 0 0 0 0 0 0
8.5999999999998611 0 1 0.0 0.0 0 0 0 0 0 0
8.6099999999998609 0 1 0.0 0.0 0 0 0 0 0 0
8.6199999999998607 0 1 0.0 0.0 0 0 0 0 0 0
8.6299999999998604 0 1 0.0 0.0 0 0 0 0 0 0
8.6399999999998602 0 1 0.0 0.0 0 0 0 0 0 0
8.64999999999986 0 1 0.0 0.0 0 0 0 0 0 0
8.6599999999998598 0 1 0.0 0.0 0 0 0 0 0 0
8.6699999999998596 0 1 0.0 0.0 0 0 0 0 0 0
8.6799999999998594 0 1 0.0 0.0 0 0 0 0 0 0
8.6899999999998592 0 1 0.0 0.0 0 0 0 0 0 0
8.699999999999859 0 1 0.0 0.0 0 0 0 0 0 0
8.7099999999998587 0 1 0.0 0.0 0 0 0 0 0 0
8.7199999999998585 0 1 0.0 0.0 0 0 0 0 0 0
8.7299999999998583 0 1 0.0 0.0 0 0 0 0 0 0
8.7399999999998581 0 1 0.0 0.0 0 0 0 0 0 0
8.7499999999998579 0 1 0.0 0.0 0 0 0 0 0 0
8.7599999999998577 0 1 0.0 0.0 0 0 0 0 0 0
8.7699999999998575 0 1 0.0 0.0 0 0 0 0 0 0
8.7799999999998573 0 1 0.0 0.0 0 0 0 0 0 0
8.789999999999857 0 1 0.0 0.0 0 0 0 0 0 0
8.7999999999998568 0 1 0.0 0.0 0 0 0 0 0 0
8.8099999999998566 0 1 0.0 0.0 0 0 0 0 0 0
8.8199999999998564 0 1 0.0 0.0 0 0 0 0 0 0
8.8299999999998562 0 1 0.0 0.0 0 0 0 0 0 0
8.839999999999856 0 1 0.0 0.0 0 0 0 0 0 0
8.8499999999998558 0 1 0.0 0.0 0 0 0 0 0 0
8.8599999999998555 0 1 0.0 0.0 0 0 0 0 0 0
8.8699999999998553 0 1 0.0 0.0 0 0 0 0 0 0
8.8799999999998551 0 1 0.0 0.0 0 0 0 0 0 0
8.8899999999998549 0 1 0.0 0.0 0 0 0 0 0 0
8.8999999999998547 0 1 0.0 0.0 0 0 0 0 0 0
8.9099999999998545 0 1 0.0 0.0 0 0 0 0 0 0
8.9199999999998543 0 1 0.0 0.0 0 0 0 0 0 0
8.9299999999998541 0 1 0.0 0.0 0 0 0 0 0 0
8.9399999999998538 0 1 0.0 0.0 0 0 0 0 0 0
8.9499999999998536 0 1 0.0 0.0 0 0 0 0 0 0
8.9599999999998534 0 1 0.0 0.0 0 0 0 0 0 0
8.9699999999998532 0 1 0.0 0.0 0 0 0 0 0 0
8.979999999999853 0 1 0.0 0.0 0 0 0 0 0 0
8.9899999999998528 0 1 0.0 0.0 0 0 0 0 0 0
8.9999999999998526 0 1 0.0 0.0 0 0 0 0 0 0
9.0099999999998523 0 1 0.0 0.0 0 0 0 0 0 0
9.0199999999998521 0 1 0.0 0.0 0 0 0 0 0 0
9.0299999999998519 0 1 0.0 0.0 0 0 0 0 0 0
9.0399999999998517 0 1 0.0 0.0 0 0 0 0 0 0
9.0499999999998515 0 1 0.0 0.0 0 0 0 0 0 0
9.0599999999998513 0 1 0.0 0.0 0 0 0 0 0 0
9.0699999999998511 0 1 0.0 0.0 0 0 0 0 0 0
9.0799999999998509 0 1 0.0 0.0 0 0 0 0 0 0
9.0899999999998506 0 1 0.0 0.0 0 0 0 0 0 0
9.0999999999998504 0 1 0.0 0.0 0 0 0 0 0 0
9.1099999999998502 0 1 0.0 0.0 0 0 0 0 0 0
9.11999999999985 0 1 0.0 0.0 0 0 0 0 0 0
9.1299999999998498 0 1 0.0 0.0 0 0 0 0 0 0
9.1399999999998496 0 1 0.0 0.0 0 0 0 0 0 0
9.1499999999998494 0 1 0.0 0.0 0 0 0 0 0 0
9.1599999999998492 0 1 0.0 0.0 0 0 0 0 0 0
9.1699999999998489 0 1 0.0 0.0 0 0 0 0 0 0
9.1799999999998487 0 1 0.0 0.0 0 0 0 0 0 0
9.1899999999998485 0 1 0.0 0.0 0 0 0 0 0 0
9.1999999999998483 0 1 0.0 0.0 0 0 0 0 0 0
9.2099999999998481 0 1 0.0 0.0 0 0 0 0 0 0
9.2199999999998479 0 1 0.0 0.0 0 0 0 0 0 0
9.2299999999998477 0 1 0.0 0.0 0 0 0 0 0 0
9.2399999999998474 0 1 0.0 0.0 0 0 0 0 0 0
9.2499999999998472 0 1 0.0 0.0 0 0 0 0 0 0
9.259999999999847 0 1 0.0 0.0 0 0 0 0 0 0
9.2699999999998468 0 1 0.0 0.0 0 0 0 0 0 0
9.2799999999998466 0 1 0.0 0.0 0 0 0 0 0 0
9.2899999999998464 0 1 0.0 0.0 0 0 0 0 0 0
9.2999999999998462 0 1 0.0 0.0 0 0 0 0 0 0
9.309999999999846 0 1 0.0 0.0 0 0 0 0 0 0
9.3199999999998457 0 1 0.0 0.0 0 0 0 0 0 0
9.3299999999998455 0 1 0.0 0.0 0 0 0 0 0 0
9.3399999999998453 0 1 0.0 0.0 0 0 0 0 0 0
9.3499999999998451 0 1 0.0 0.0 0 0 0 0 0 0
9.3599999999998449 0 1 0.0 0.0 0 0 0 0 0 0
9.3699999999998447 0 1 0.0 0.0 0 0 0 0 0 0
9.3799999999998445 0 1 0.0 0.0 0 0 0 0 0 0
9.3899999999998442 0 1 0.0 0.0 0 0 0 0 0 0
9.399999999999844 0 1 0.0 0.0 0 0 0 0 0 0
9.4099999999998438 0 1 0.0 0.0 0 0 0 0 0 0
9.4199999999998436 0 1 0.0 0.0 0 0 0 0 0 0
9.4299999999998434 0 1 0.0 0.0 0 0 0 0 0 0
9.4399999999998432 0 1 0.0 0.0 0 0 0 0 0 0
9.449999999999843 0 1 0.0 0.0 0 0 0 0 0 0
9.4599999999998428 0 1 0.0 0.0 0 0 0 0 0 0
9.4699999999998425 0 1 0.0 0.0 0 0 0 0 0 0
9.4799999999998423 0 1 0.0 0.0 0 0 0 0 0 0
9.4899999999998421 0 1 0.0 0.0 0 0 0 0 0 0
9.4999999999998419 0 1 0.0 0.0 0 0 0 0 0 0
9.5099999999998417 0 1 0.0 0.0 0 0 0 0 0 0
9.5199999999998415 0 1 0.0 0.0 0 0 0 0 0 0
9.5299999999998413 0 1 0.0 0.0 0 0 0 0 0 0
9.5399999999998411 0 1 0.0 0.0 0 0 0 0 0 0
9.5499999999998408 0 1 0.0 0.0 0 0 0 0 0 0
9.5599999999998406 0 1 0.0 0.0 0 0 0 0 0 0
9.5699999999998404 0 1 0.0 0.0 0 0 0 0 0 0
9.5799999999998402 0 1 0.0 0.0 0 0 0 0 0 0
9.58999999999984 0 1 0.0 0.0 0 0 0 0 0 0
9.5999999999998398 0 1 0.0 0.0 0 0 0 0 0 0
9.6099999999998396 0 1 0.0 0.0 0 0 0 0 0 0
9.6199999999998393 0 1 0.0 0.0 0 0 0 0 0 0
9.6299999999998391 0 1 0.0 0.0 0 0 0 0 0 0
9.6399999999998389 0 1 0.0 0.0 0 0 0 0 0 0
9.6499999999998387 0 1 0.0 0.0 0 0 0 0 0 0
9.6599999999998385 0 1 0.0 0.0 0 0 0 0 0 0
9.6699999999998383 0 1 0.0 0.0 0 0 0 0 0 0
9.6799999999998381 0 1 0.0 0.0 0 0 0 0 0 0
9.6899999999998379 0 1 0.0 0.0 0 0 0 0 0 0
9.6999999999998376 0 1 0.0 0.0 0 0 0 0 0 0
9.7099999999998374 0 1 0.0 0.0 0 0 0 0 0 0
9.7199999999998372 0 1 0.0 0.0 0 0 0 0 0 0
9.729999999999837 0 1 0.0 0.0 0 0 0 0 0 0
9.7399999999998368 0 1 0.0 0.0 0 0 0 0 0 0
9.7499999999998366 0 1 0.0 0.0 0 0 0 0 0 0
9.7599999999998364 0 1 0.0 0.0 0 0 0 0 0 0
9.7699999999998361 0 1 0.0 0.0 0 0 0 0 0 0
9.7799999999998359 0 1 0.0 0.0 0 0 0 0 0 0
9.7899999999998357 0 1 0.0 0.0 0 0 0 0 0 0
9.7999999999998355 0 1 0.0 0.0 0 0 0 0 0 0
9.8099999999998353 0 1 0.0 0.0 0 0 0 0 0 0
9.8199999999998351 0 1 0.0 0.0 0 0 0 0 0 0
9.8299999999998349 0 1 0.0 0.0 0 0 0 0 0 0
9.8399999999998347 0 1 0.0 0.0 0 0 0 0 0 0
9.8499999999998344 0 1 0.0 0.0 0 0 0 0 0 0
9.8599999999998342 0 1 0.0 0.0 0 0 0 0 0 0
9.869999999999834 0 1 0.0 0.0 0 0 0 0 0 0
9.8799999999998338 0 1 0.0 0.0 0 0 0 0 0 0
9.8899999999998336 0 1 0.0 0.0 0 0 0 0 0 0
9.8999999999998334 0 1 0.0 0.0 0 0 0 0 0 0
9.9099999999998332 0 1 0.0 0.0 0 0 0 0 0 0
9.919999999999833 0 1 0.0 0.0 0 0 0 0 0 0
9.9299999999998327 0 1 0.0 0.0 0 0 0 0 0 0
9.9399999999998325 0 1 0.0 0.0 0 0 0 0 0 0
9.9499999999998323 0 1 0.0 0.0 0 0 0 0 0 0
9.9599999999998321 0 1 0.0 0.0 0 0 0 0 0 0
9.9699999999998319 0 1 0.0 0.0 0 0 0 0 0 0
9.9799999999998317 0 1 0.0 0.0 0 0 0 0 0 0
9.9899999999998315 0 1 0.0 0.0 0 0 0 0 0 0
9.9999999999998312 0 1 0.0 0.0 0 0 0 0 0 0
10.009999999999831 0 1 0.0 0.0 0 0 0 0 0 0
10.019999999999831 0 1 0.0 0.0 0 0 0 0 0 0
10.029999999999831 0 1 0.0 0.0 0 0 0 0 0 0
10.03999999999983 0 1 0.0 0.0 0 0 0 0 0 0
10.04999999999983 0 1 0.0 0.0 0 0 0 0 0 0
10.05999999999983 0 1 0.0 0.0 0 0 0 0 0 0
10.06999999999983 0 1 0.0 0.0 0 0 0 0 0 0
10.07999999999983 0 1 0.0 0.0 0 0 0 0 0 0
10.089999999999829 0 1 0.0 0.0 0 0 0 0 0 0
10.099999999999829 0 1 0.0 0.0 0 0 0 0 0 0
10.109999999999829 0 1 0.0 0.0 0 0 0 0 0 0
10.119999999999829 0 1 0.0 0.0 0 0 0 0 0 0
10.129999999999828 0 1 0.0 0.0 0 0 0 0 0 0
10.139999999999828 0 1 0.0 0.0 0 0 0 0 0 0
10.149999999999828 0 1 0.0 0.0 0 0 0 0 0 0
10.159999999999828 0 1 0.0 0.0 0 0 0 0 0 0
10.169999999999828 0 1 0.0 0.0 0 0 0 0 0 0
10.179999999999827 0 1 0.0 0.0 0 0 0 0 0 0
10.189999999999827 0 1 0.0 0.0 0 0 0 0 0 0
10.199999999999827 0 1 0.0 0.0 0 0 0 0 0 0
10.209999999999827 0 1 0.0 0.0 0 0 0 0 0 0
10.219999999999827 0 1 0.0 0.0 0 0 0 0 0 0
10.229999999999826 0 1 0.0 0.0 0 0 0 0 0 0
10.239999999999826 0 1 0.0 0.0 0 0 0 0 0 0
10.249999999999826 0 1 0.0 0.0 0 0 0 0 0 0
10.259999999999826 0 1 0.0 0.0 0 0 0 0 0 0
10.269999999999825 0 1 0.0 0.0 0 0 0 0 0 0
10.279999999999825 0 1 0.0 0.0 0 0 0 0 0 0
10.289999999999825 0 1 0.0 0.0 0 0 0 0 0 0
10.299999999999825 0 1 0.0 0.0 0 0 0 0 0 0
10.309999999999825 0 1 0.0 0.0 0 0 0 0 0 0
10.319999999999824 0 1 0.0 0.0 0 0 0 0 0 0
10.329999999999824 0 1 0.0 0.0 0 0 0 0 0 0
10.339999999999824 0 1 0.0 0.0 0 0 0 0 0 0
10.349999999999824 0 1 0.0 0.0 0 0 0 0 0 0
10.359999999999824 0 1 0.0 0.0 0 0 0 0 0 0
10.369999999999823 0 1 0.0 0.0 0 0 0 0 0 0
10.379999999999823 0 1 0.0 0.0 0 0 0 0 0 0
10.389999999999823 0 1 0.0 0.0 0 0 0 0 0 0
10.399999999999823 0 1 0.0 0.0 0 0 0 0 0 0
10.409999999999823 0 1 0.0 0.0 0 0 0 0 0 0
10.419999999999822 0 1 0.0 0.0 0 0 0 0 0 0
10.429999999999822 0 1 0.0 0.0 0 0 0 0 0 0
10.439999999999822 0 1 0.0 0.0 0 0 0 0 0 0
10.449999999999822 0 1 0.0 0.0 0 0 0 0 0 0
10.459999999999821 0 1 0.0 0.0 0 0 0 0 0 0
10.469999999999821 0 1 0.0 0.0 0 0 0 0 0 0
10.479999999999821 0 1 0.0 0.0 0 0 0 0 0 0
10.489999999999821 0 1 0.0 0.0 0 0 0 0 0 0
10.499999999999821 0 1 0.0 0.0 0 0 0 0 0 0
10.50999999999982 0 1 0.0 0.0 0 0 0 0 0 0
10.51999999999982 0 1 0.0 0.0 0 0 0 0 0 0
10.52999999999982 0 1 0.0 0.0 0 0 0 0 0 0
10.53999999999982 0 1 0.0 0.0 0 0 0 0 0 0
10.54999999999982 0 1 0.0 0.0 0 0 0 0 0 0
10.559999999999819 0 1 0.0 0.0 0 0 0 0 0 0
10.569999999999819 0 1 0.0 0.0 0 0 0 0 0 0
10.579999999999819 0 1 0.0 0.0 0 0 0 0 0 0
10.589999999999819 0 1 0.0 0.0 0 0 0 0 0 0
10.599999999999818 0 1 0.0 0.0 0 0 0 0 0 0
10.609999999999818 0 1 0.0 0.0 0 0 0 0 0 0
10.619999999999818 0 1 0.0 0.0 0 0 0 0 0 0
10.629999999999818 0 1 0.0 0.0 0 0 0 0 0 0
10.639999999999818 0 1 0.0 0.0 0 0 0 0 0 0
10.649999999999817 0 1 0.0 0.0 0 0 0 0 0 0
10.659999999999817 0 1 0.0 0.0 0 0 0 0 0 0
10.669999999999817 0 1 0.0 0.0 0 0 0 0 0 0
10.679999999999817 0 1 0.0 0.0 0 0 0 0 0 0
10.689999999999817 0 1 0.0 0.0 0 0 0 0 0 0
10.699999999999816 0 1 0.0 0.0 0 0 0 0 0 0
10.709999999999816 0 1 0.0 0.0 0 0 0 0 0 0
10.719999999999816 0 1 0.0 0.0 0 0 0 0 0 0
10.729999999999816 0 1 0.0 0.0 0 0 0 0 0 0
10.739999999999815 0 1 0.0 0.0 0 0 0 0 0 0
10.749999999999815 0 1 0.0 0.0 0 0 0 0 0 0
10.759999999999815 0 1 0.0 0.0 0 0 0 0 0 0
10.769999999999815 0 1 0.0 0.0 0 0 0 0 0 0
10.779999999999815 0 1 0.0 0.0 0 0 0 0 0 0
10.789999999999814 0 1 0.0 0.0 0 0 0 0 0 0
10.799999999999814 0 1 0.0 0.0 0 0 0 0 0 0
10.809999999999814 0 1 0.0 0.0 0 0 0 0 0 0
10.819999999999814 0 1 0.0 0.0 0 0 0 0 0 0
10.829999999999814 0 1 0.0 0.0 0 0 0 0 0 0
10.839999999999813 0 1 0.0 0.0 0 0 0 0 0 0
10.849999999999813 0 1 0.0 0.0 0 0 0 0 0 0
10.859999999999813 0 1 0.0 0.0 0 0 0 0 0 0
10.869999999999813 0 1 0.0 0.0 0 0 0 0 0 0
10.879999999999812 0 1 0.0 0.0 0 0 0 0 0 0
10.889999999999812 0 1 0.0 0.0 0 0 0 0 0 0
10.899999999999812 0 1 0.0 0.0 0 0 0 0 0 0
10.909999999999812 0 1 0.0 0.0 0 0 0 0 0 0
10.919999999999812 0 1 0.0 0.0 0 0 0 0 0 0
10.929999999999811 0 1 0.0 0.0 0 0 0 0 0 0
10.939999999999811 0 1 0.0 0.0 0 0 0 0 0 0
10.949999999999811 0 1 0.0 0.0 0 0 0 0 0 0
10.959999999999811 0 1 0.0 0.0 0 0 0 0 0 0
10.969999999999811 0 1 0.0 0.0 0 0 0 0 0 0
10.97999999999981 0 1 0.0 0.0 0 0 0 0 0 0
10.98999999999981 0 1 0.0 0.0 0 0 0 0 0 0
10.99999999999981 0 1 0.0 0.0 0 0 0 0 0 0
11.00999999999981 0 1 0.0 0.0 0 0 0 0 0 0
11.01999999999981 0 1 0.0 0.0 0 0 0 0 0 0
11.029999999999809 0 1 0.0 0.0 0 0 0 0 0 0
11.039999999999809 0 1 0.0 0.0 0 0 0 0 0 0
11.049999999999809 0 1 0.0 0.0 0 0 0 0 0 0
11.059999999999809 0 1 0.0 0.0 0 0 0 0 0 0
11.069999999999808 0 1 0.0 0.0 0 0 0 0 0 0
11.079999999999808 0 1 0.0 0.0 0 0 0 0 0 0
11.089999999999808 0 1 0.0 0.0 0 0 0 0 0 0
11.099999999999808 0 1 0.0 0.0 0 0 0 0 0 0
11.109999999999808 0 1 0.0 0.0 0 0 0 0 0 0
11.119999999999807 0 1 0.0 0.0 0 0 0 0 0 0
11.129999999999807 0 1 0.0 0.0 0 0 0 0 0 0
11.139999999999807 0 1 0.0 0.0 0 0 0 0 0 0
11.149999999999807 0 1 0.0 0.0 0 0 0 0 0 0
11.159999999999807 0 1 0.0 0.0 0 0 0 0 0 0
11.169999999999806 0 1 0.0 0.0 0 0 0 0 0 0
11.179999999999806 0 1 0.0 0.0 0 0 0 0 0 0
11.189999999999806 0 1 0.0 0.0 0 0 0 0 0 0
11.199999999999806 0 1 0.0 0.0 0 0 0 0 0 0
11.209999999999805 0 1 0.0 0.0 0 0 0 0 0 0
11.219999999999805 0 1 0.0 0.0 0 0 0 0 0 0
11.229999999999805 0 1 0.0 0.0 0 0 0 0 0 0
11.239999999999805 0 1 0.0 0.0 0 0 0 0 0 0
11.249999999999805 0 1 0.0 0.0 0 0 0 0 0 0
11.259999999999804 0 1 0.0 0.0 0 0 0 0 0 0
11.269999999999804 0 1 0.0 0.0 0 0 0 0 0 0
11.279999999999804 0 1 0.0 0.0 0 0 0 0 0 0
11.289999999999804 0 1 0.0 0.0 0 0 0 0 0 0
11.299999999999804 0 1 0.0 0.0 0 0 0 0 0 0
11.309999999999803 0 1 0.0 0.0 0 0 0 0 0 0
11.319999999999803 0 1 0.0 0.0 0 0 0 0 0 0
11.329999999999803 0 1 0.0 0.0 0 0 0 0 0 0
11.339999999999803 0 1 0.0 0.0 0 0 0 0 0 0
11.349999999999802 0 1 0.0 0.0 0 0 0 0 0 0
11.359999999999802 0 1 0.0 0.0 0 0 0 0 0 0
11.369999999999802 0 1 0.0 0.0 0 0 0 0 0 0
11.379999999999802 0 1 0.0 0.0 0 0 0 0 0 0
11.389999999999802 0 1 0.0 0.0 0 0 0 0 0 0
11.399999999999801 0 1 0.0 0.0 0 0 0 0 0 0
11.409999999999801 0 1 0.0 0.0 0 0 0 0 0 0
11.419999999999801 0 1 0.0 0.0 0 0 0 0 0 0
11.429999999999801 0 1 0.0 0.0 0 0 0 0 0 0
11.439999999999801 0 1 0.0 0.0 0 0 0 0 0 0
11.4499999999998 0 1 0.0 0.0 0 0 0 0 0 0
11.4599999999998 0 1 0.0 0.0 0 0 0 0 0 0
11.4699999999998 0 1 0.0 0.0 0 0 0 0 0 0
11.4799999999998 0 1 0.0 0.0 0 0 0 0 0 0
11.489999999999799 0 1 0.0 0.0 0 0 0 0 0 0
11.499999999999799 0 1 0.0 0.0 0 0 0 0 0 0
11.509999999999799 0 1 0.0 0.0 0 0 0 0 0 0
11.519999999999799 0 1 0.0 0.0 0 0 0 0 0 0
11.529999999999799 0 1 0.0 0.0 0 0 0 0 0 0
11.539999999999798 0 1 0.0 0.0 0 0 0 0 0 0
11.549999999999798 0 1 0.0 0.0 0 0 0 0 0 0
11.559999999999798 0 1 0.0 0.0 0 0 0 0 0 0
11.569999999999798 0 1 0.0 0.0 0 0 0 0 0 0
11.579999999999798 0 1 0.0 0.0 0 0 0 0 0 0
11.589999999999797 0 1 0.0 0.0 0 0 0 0 0 0
11.599999999999797 0 1 0.0 0.0 0 0 0 0 0 0
11.609999999999797 0 1 0.0 0.0 0 0 0 0 0 0
11.619999999999797 0 1 0.0 0.0 0 0 0 0 0 0
11.629999999999797 0 1 0.0 0.0 0 0 0 0 0 0
11.639999999999796 0 1 0.0 0.0 0 0 0 0 0 0
11.649999999999796 0 1 0.0 0.0 0 0 0 0 0 0
11.659999999999796 0 1 0.0 0.0 0 0 0 0 0 0
11.669999999999796 0 1 0.0 0.0 0 0 0 0 0 0
11.679999999999795 0 1 0.0 0.0 0 0 0 0 0 0
11.689999999999795 0 1 0.0 0.0 0 0 0 0 0 0
11.699999999999795 0 1 0.0 0.0 0 0 0 0 0 0
11.709999999999795 0 1 0.0 0.0 0 0 0 0 0 0
11.719999999999795 0 1 0.0 0.0 0 0 0 0 0 0
11.729999999999794 0 1 0.0 0.0 0 0 0 0 0 0
11.739999999999794 0 1 0.0 0.0 0 0 0 0 0 0
11.749999999999794 0 1 0.0 0.0 0 0 0 0 0 0
11.759999999999794 0 1 0.0 0.0 0 0 0 0 0 0
11.769999999999794 0 1 0.0 0.0 0 0 0 0 0 0
11.779999999999793 0 1 0.0 0.0 0 0 0 0 0 0
11.789999999999793 0 1 0.0 0.0 0 0 0 0 0 0
11.799999999999793 0 1 0.0 0.0 0 0 0 0 0 0
11.809999999999793 0 1 0.0 0.0 0 0 0 0 0 0
11.819999999999792 0 1 0.0 0.0 0 0 0 0 0 0
11.829999999999792 0 1 0.0 0.0 0 0 0 0 0 0
11.839999999999792 0 1 0.0 0.0 0 0 0 0 0 0
11.849999999999792 0 1 0.0 0.0 0 0 0 0 0 0
11.859999999999792 0 1 0.0 0.0 0 0 0 0 0 0
11.869999999999791 0 1 0.0 0.0 0 0 0 0 0 0
11.879999999999791 0 1 0.0 0.0 0 0 0 0 0 0
11.889999999999791 0 1 0.0 0.0 0 0 0 0 0 0
11.899999999999791 0 1 0.0 0.0 0 0 0 0 0 0
11.909999999999791 0 1 0.0 0.0 0 0 0 0 0 0
11.91999999999979 0 1 0.0 0.0 0 0 0 0 0 0
11.92999999999979 0 1 0.0 0.0 0 0 0 0 0 0
11.93999999999979 0 1 0.0 0.0 0 0 0 0 0 0
11.94999999999979 0 1 0.0 0.0 0 0 0 0 0 0
11.959999999999789 0 1 0.0 0.0 0 0 0 0 0 0
11.969999999999789 0 1 0.0 0.0 0 0 0 0 0 0
11.979999999999789 0 1 0.0 0.0 0 0 0 0 0 0
11.989999999999789 0 1 0.0 0.0 0 0 0 0 0 0
11.999999999999789 0 1 0.0 0.0 0 0 0 0 0 0
12.009999999999788 0 1 0.0 0.0 0 0 0 0 0 0
12.019999999999788 0 1 0.0 0.0 0 0 0 0 0 0
12.029999999999788 0 1 0.0 0.0 0 0 0 0 0 0
12.039999999999788 0 1 0.0 0.0 0 0 0 0 0 0
12.049999999999788 0 1 0.0 0.0 0 0 0 0 0 0
12.059999999999787 0 1 0.0 0.0 0 0 0 0 0 0
12.069999999999787 0 1 0.0 0.0 0 0 0 0 0 0
12.079999999999787 0 1 0.0 0.0 0 0 0 0 0 0
12.089999999999787 0 1 0.0 0.0 0 0 0 0 0 0
12.099999999999786 0 1 0.0 0.0 0 0 0 0 0 0
12.109999999999786 0 1 0.0 0.0 0 0 0 0 0 0
12.119999999999786 0 1 0.0 0.0 0 0 0 0 0 0
12.129999999999786 0 1 0.0 0.0 0 0 0 0 0 0
12.139999999999786 0 1 0.0 0.0 0 0 0 0 0 0
12.149999999999785 0 1 0.0 0.0 0 0 0 0 0 0
12.159999999999785 0 1 0.0 0.0 0 0 0 0 0 0
12.169999999999785 0 1 0.0 0.0 0 0 0 0 0 0
12.179999999999785 0 1 0.0 0.0 0 0 0 0 0 0
12.189999999999785 0 1 0.0 0.0 0 0 0 0 0 0
12.199999999999784 0 1 0.0 0.0 0 0 0 0 0 0
12.209999999999784 0 1 0.0 0.0 0 0 0 0 0 0
12.219999999999784 0 1 0.0 0.0 0 0 0 0 0 0
12.229999999999784 0 1 0.0 0.0 0 0 0 0 0 0
12.239999999999783 0 1 0.0 0.0 0 0 0 0 0 0
12.249999999999783 0 1 0.0 0.0 0 0 0 0 0 0
12.259999999999783 0 1 0.0 0.0 0 0 0 0 0 0
12.269999999999783 0 1 0.0 0.0 0 0 0 0 0 0
12.279999999999783 0 1 0.0 0.0 0 0 0 0 0 0
12.289999999999782 0 1 0.0 0.0 0 0 0 0 0 0
12.299999999999782 0 1 0.0 0.0 0 0 0 0 0 0
12.309999999999782 0 1 0.0 0.0 0 0 0 0 0 0
12.319999999999782 0 1 0.0 0.0 0 0 0 0 0 0
12.329999999999782 0 1 0.0 0.0 0 0 0 0 0 0
12.339999999999781 0 1 0.0 0.0 0 0 0 0 0 0
12.349999999999781 0 1 0.0 0.0 0 0 0 0 0 0
12.359999999999781 0 1 0.0 0.0 0 0 0 0 0 0
12.369999999999781 0 1 0.0 0.0 0 0 0 0 0 0
12.379999999999781 0 1 0.0 0.0 0 0 0 0 0 0
12.38999999999978 0 1 0.0 0.0 0 0 0 0 0 0
12.39999999999978 0 1 0.0 0.0 0 0 0 0 0 0
12.40999999999978 0 1 0.0 0.0 0 0 0 0 0 0
12.41999999999978 0 1 0.0 0.0 0 0 0 0 0 0
12.429999999999779 0 1 0.0 0.0 0 0 0 0 0 0
12.439999999999779 0 1 0.0 0.0 0 0 0 0 0 0
12.449999999999779 0 1 0.0 0.0 0 0 0 0 0 0
12.459999999999779 0 1 0.0 0.0 0 0 0 0 0 0
12.469999999999779 0 1 0.0 0.0 0 0 0 0 0 0
12.479999999999778 0 1 0.0 0.0 0 0 0 0 0 0
12.489999999999778 0 1 0.0 0.0 0 0 0 0 0 0
12.499999999999778 0 1 0.0 0.0 0 0 0 0 0 0
12.509999999999778 0 1 0.0 0.0 0 0 0 0 0 0
12.519999999999778 0 1 0.0 0.0 0 0 0 0 0 0
12.529999999999777 0 1 0.0 0.0 0 0 0 0 0 0
12.539999999999777 0 1 0.0 0.0 0 0 0 0 0 0
12.549999999999777 0 1 0.0 0.0 0 0 0 0 0 0
12.559999999999777 0 1 0.0 0.0 0 0 0 0 0 0
12.569999999999776 0 1 0.0 0.0 0 0 0 0 0 0
12.579999999999776 0 1 0.0 0.0 0 0 0 0 0 0
12.589999999999776 0 1 0.0 0.0 0 0 0 0 0 0
12.599999999999776 0 1 0.0 0.0 0 0 0 0 0 0
12.609999999999776 0 1 0.0 0.0 0 0 0 0 0 0
12.619999999999775 0 1 0.0 0.0 0 0 0 0 0 0
12.629999999999775 0 1 0.0 0.0 0 0 0 0 0 0
12.639999999999775 0 1 0.0 0.0 0 0 0 0 0 0
12.649999999999775 0 1 0.0 0.0 0 0 0 0 0 0
12.659999999999775 0 1 0.0 0.0 0 0 0 0 0 0
12.669999999999774 0 1 0.0 0.0 0 0 0 0 0 0
12.679999999999774 0 1 0.0 0.0 0 0 0 0 0 0
12.689999999999774 0 1 0.0 0.0 0 0 0 0 0 0
12.699999999999774 0 1 0.0 0.0 0 0 0 0 0 0
12.709999999999773 0 1 0.0 0.0 0 0 0 0 0 0
12.719999999999773 0 1 0.0 0.0 0 0 0 0 0 0
12.729999999999773 0 1 0.0 0.0 0 0 0 0 0 0
12.739999999999773 0 1 0.0 0.0 0 0 0 0 0 0
12.749999999999773 0 1 0.0 0.0 0 0 0 0 0 0
12.759999999999772 0 1 0.0 0.0 0 0 0 0 0 0
12.769999999999772 0 1 0.0 0.0 0 0 0 0 0 0
12.779999999999772 0 1 0.0 0.0 0 0 0 0 0 0
12.789999999999772 0 1 0.0 0.0 0 0 0 0 0 0
12.799999999999772 0 1 0.0 0.0 0 0 0 0 0 0
12.809999999999771 0 1 0.0 0.0 0 0 0 0 0 0
12.819999999999771 0 1 0.0 0.0 0 0 0 0 0 0
12.829999999999771 0 1 0.0 0.0 0 0 0 0 0 0
12.839999999999771 0 1 0.0 0.0 0 0 0 0 0 0
12.84999999999977 0 1 0.0 0.0 0 0 0 0 0 0
12.85999999999977 0 1 0.0 0.0 0 0 0 0 0 0
12.86999999999977 0 1 0.0 0.0 0 0 0 0 0 0
12.87999999999977 0 1 0.0 0.0 0 0 0 0 0 0
12.88999999999977 0 1 0.0 0.0 0 0 0 0 0 0
12.899999999999769 0 1 0.0 0.0 0 0 0 0 0 0
12.909999999999769 0 1 0.0 0.0 0 0 0 0 0 0
12.919999999999769 0 1 0.0 0.0 0 0 0 0 0 0
12.929999999999769 0 1 0.0 0.0 0 0 0 0 0 0
12.939999999999769 0 1 0.0 0.0 0 0 0 0 0 0
12.949999999999768 0 1 0.0 0.0 0 0 0 0 0 0
12.959999999999768 0 1 0.0 0.0 0 0 0 0 0 0
12.969999999999768 0 1 0.0 0.0 0 0 0 0 0 0
12.979999999999768 0 1 0.0 0.0 0 0 0 0 0 0
12.989999999999768 0 1 0.0 0.0 0 0 0 0 0 0
12.999999999999767 0 1 0.0 0.0 0 0 0 0 0 0
13.009999999999767 0 1 0.0 0.0 0 0 0 0 0 0
13.019999999999767 0 1 0.0 0.0 0 0 0 0 0 0
13.029999999999767 0 1 0.0 0.0 0 0 0 0 0 0
13.039999999999766 0 1 0.0 0.0 0 0 0 0 0 0
13.049999999999766 0 1 0.0 0.0 0 0 0 0 0 0
13.059999999999766 0 1 0.0 0.0 0 0 0 0 0 0
13.069999999999766 0 1 0.0 0.0 0 0 0 0 0 0
13.079999999999766 0 1 0.0 0.0 0 0 0 0 0 0
13.089999999999765 0 1 0.0 0.0 0 0 0 0 0 0
13.099999999999765 0 1 0.0 0.0 0 0 0 0 0 0
13.109999999999765 0 1 0.0 0.0 0 0 0 0 0 0
13.119999999999765 0 1 0.0 0.0 0 0 0 0 0 0
13.129999999999765 0 1 0.0 0.0 0 0 0 0 0 0
13.139999999999764 0 1 0.0 0.0 0 0 0 0 0 0
13.149999999999764 0 1 0.0 0.0 0 0 0 0 0 0
13.159999999999764 0 1 0.0 0.0 0 0 0 0 0 0
13.169999999999764 0 1 0.0 0.0 0 0 0 0 0 0
13.179999999999763 0 1 0.0 0.0 0 0 0 0 0 0
13.189999999999763 0 1 0.0 0.0 0 0 0 0 0 0
13.199999999999763 0 1 0.0 0.0 0 0 0 0 0 0
13.209999999999763 0 1 0.0 0.0 0 0 0 0 0 0
13.219999999999763 0 1 0.0 0.0 0 0 0 0 0 0
13.229999999999762 0 1 0.0 0.0 0 0 0 0 0 0
13.239999999999762 0 1 0.0 0.0 0 0 0 0 0 0
13.249999999999762 0 1 0.0 0.0 0 0 0 0 0 0
13.259999999999762 0 1 0.0 0.0 0 0 0 0 0 0
13.269999999999762 0 1 0.0 0.0 0 0 0 0 0 0
13.279999999999761 0 1 0.0 0.0 0 0 0 0 0 0
13.289999999999761 0 1 0.0 0.0 0 0 0 0 0 0
13.299999999999761 0 1 0.0 0.0 0 0 0 0 0 0
13.309999999999761 0 1 0.0 0.0 0 0 0 0 0 0
13.31999999999976 0 1 0.0 0.0 0 0 0 0 0 0
13.32999999999976 0 1 0.0 0.0 0 0 0 0 0 0
13.33999999999976 0 1 0.0 0.0 0 0 0 0 0 0
13.34999999999976 0 1 0.0 0.0 0 0 0 0 0 0
13.35999999999976 0 1 0.0 0.0 0 0 0 0 0 0
13.369999999999759 0 1 0.0 0.0 0 0 0 0 0 0
13.379999999999759 0 1 0.0 0.0 0 0 0 0 0 0
13.389999999999759 0 1 0.0 0.0 0 0 0 0 0 0
13.399999999999759 0 1 0.0 0.0 0 0 0 0 0 0
13.409999999999759 0 1 0.0 0.0 0 0 0 0 0 0
13.419999999999758 0 1 0.0 0.0 0 0 0 0 0 0
13.429999999999758 0 1 0.0 0.0 0 0 0 0 0 0
13.439999999999758 0 1 0.0 0.0 0 0 0 0 0 0
13.449999999999758 0 1 0.0 0.0 0 0 0 0 0 0
13.459999999999757 0 1 0.0 0.0 0 0 0 0 0 0
13.469999999999757 0 1 0.0 0.0 0 0 0 0 0 0
13.479999999999757 0 1 0.0 0.0 0 0 0 0 0 0
13.489999999999757 0 1 0.0 0.0 0 0 0 0 0 0
13.499999999999757 0 1 0.0 0.0 0 0 0 0 0 0
13.509999999999756 0 1 0.0 0.0 0 0 0 0 0 0
13.519999999999756 0 1 0.0 0.0 0 0 0 0 0 0
13.529999999999756 0 1 0.0 0.0 0 0 0 0 0 0
13.539999999999756 0 1 0.0 0.0 0 0 0 0 0 0
13.549999999999756 0 1 0.0 0.0 0 0 0 0 0 0
13.559999999999755 0 1 0.0 0.0 0 0 0 0 0 0
13.569999999999755 0 1 0.0 0.0 0 0 0 0 0 0
13.579999999999755 0 1 0.0 0.0 0 0 0 0 0 0
13.589999999999755 0 1 0.0 0.0 0 0 0 0 0 0
13.599999999999755 0 1 0.0 0.0 0 0 0 0 0 0
13.609999999999754 0 1 0.0 0.0 0 0 0 0 0 0
13.619999999999754 0 1 0.0 0.0 0 0 0 0 0 0
13.629999999999754 0 1 0.0 0.0 0 0 0 0 0 0
13.639999999999754 0 1 0.0 0.0 0 0 0 0 0 0
13.649999999999753 0 1 0.0 0.0 0 0 0 0 0 0
13.659999999999753 0 1 0.0 0.0 0 0 0 0 0 0
13.669999999999753 0 1 0.0 0.0 0 0 0 0 0 0
13.679999999999753 0 1 0.0 0.0 0 0 0 0 0 0
13.689999999999753 0 1 0.0 0.0 0 0 0 0 0 0
13.699999999999752 0 1 0.0 0.0 0 0 0 0 0 0
13.709999999999752 0 1 0.0 0.0 0 0 0 0 0 0
13.719999999999752 0 1 0.0 0.0 0 0 0 0 0 0
13.729999999999752 0 1 0.0 0.0 0 0 0 0 0 0
13.739999999999752 0 1 0.0 0.0 0 0 0 0 0 0
13.749999999999751 0 1 0.0 0.0 0 0 0 0 0 0
13.759999999999751 0 1 0.0 0.0 0 0 0 0 0 0
13.769999999999751 0 1 0.0 0.0 0 0 0 0 0 0
13.779999999999751 0 1 0.0 0.0 0 0 0 0 0 0
13.78999999999975 0 1 0.0 0.0 0 0 0 0 0 0
13.79999999999975 0 1 0.0 0.0 0 0 0 0 0 0
13.80999999999975 0 1 0.0 0.0 0 0 0 0 0 0
13.81999999999975 0 1 0.0 0.0 0 0 0 0 0 0
13.82999999999975 0 1 0.0 0.0 0 0 0 0 0 0
13.839999999999749 0 1 0.0 0.0 0 0 0 0 0 0
13.849999999999749 0 1 0.0 0.0 0 0 0 0 0 0
13.859999999999749 0 1 0.0 0.0 0 0 0 0 0 0
13.869999999999749 0 1 0.0 0.0 0 0 0 0 0 0
13.879999999999749 0 1 0.0 0.0 0 0 0 0 0 0
13.889999999999748 0 1 0.0 0.0 0 0 0 0 0 0
13.899999999999748 0 1 0.0 0.0 0 0 0 0 0 0
13.909999999999748 0 1 0.0 0.0 0 0 0 0 0 0
13.919999999999748 0 1 0.0 0.0 0 0 0 0 0 0
13.929999999999747 0 1 0.0 0.0 0 0 0 0 0 0
13.939999999999747 0 1 0.0 0.0 0 0 0 0 0 0
13.949999999999747 0 1 0.0 0.0 0 0 0 0 0 0
13.959999999999747 0 1 0.0 0.0 0 0 0 0 0 0
13.969999999999747 0 1 0.0 0.0 0 0 0 0 0 0
13.979999999999746 0 1 0.0 0.0 0 0 0 0 0 0
13.989999999999746 0 1 0.0 0.0 0 0 0 0 0 0
13.999999999999746 0 1 0.0 0.0 0 0 0 0 0 0
14.009999999999746 0 1 0.0 0.0 0 0 0 0 0 0
14.019999999999746 0 1 0.0 0.0 0 0 0 0 0 0
14.029999999999745 0 1 0.0 0.0 0 0 0 0 0 0
14.039999999999745 0 1 0.0 0.0 0 0 0 0 0 0
14.049999999999745 0 1 0.0 0.0 0 0 0 0 0 0
14.059999999999745 0 1 0.0 0.0 0 0 0 0 0 0
14.069999999999744 0 1 0.0 0.0 0 0 0 0 0 0
14.079999999999744 0 1 0.0 0.0 0 0 0 0 0 0
14.089999999999744 0 1 0.0 0.0 0 0 0 0 0 0
14.099999999999744 0 1 0.0 0.0 0 0 0 0 0 0
14.109999999999744 0 1 0.0 0.0 0 0 0 0 0 0
14.119999999999743 0 1 0.0 0.0 0 0 0 0 0 0
14.129999999999743 0 1 0.0 0.0 0 0 0 0 0 0
14.139999999999743 0 1 0.0 0.0 0 0 0 0 0 0
14.149999999999743 0 1 0.0 0.0 0 0 0 0 0 0
14.159999999999743 0 1 0.0 0.0 0 0 0 0 0 0
14.169999999999742 0 1 0.0 0.0 0 0 0 0 0 0
14.179999999999742 0 1 0.0 0.0 0 0 0 0 0 0
14.189999999999742 0 1 0.0 0.0 0 0 0 0 0 0
14.199999999999742 0 1 0.0 0.0 0 0 0 0 0 0
14.209999999999742 0 1 0.0 0.0 0 0 0 0 0 0
14.219999999999741 0 1 0.0 0.0 0 0 0 0 0 0
14.229999999999741 0 1 0.0 0.0 0 0 0 0 0 0
14.239999999999741 0 1 0.0 0.0 0 0 0 0 0 0
14.249999999999741 0 1 0.0 0.0 0 0 0 0 0 0
14.25999999999974 0 1 0.0 0.0 0 0 0 0 0 0
14.26999999999974 0 1 0.0 0.0 0 0 0 0 0 0
14.27999999999974 0 1 0.0 0.0 0 0 0 0 0 0
14.28999999999974 0 1 0.0 0.0 0 0 0 0 0 0
14.29999999999974 0 1 0.0 0.0 0 0 0 0 0 0
14.309999999999739 0 1 0.0 0.0 0 0 0 0 0 0
14.319999999999739 0 1 0.0 0.0 0 0 0 0 0 0
14.329999999999739 0 1 0.0 0.0 0 0 0 0 0 0
14.339999999999739 0 1 0.0 0.0 0 0 0 0 0 0
14.349999999999739 0 1 0.0 0.0 0 0 0 0 0 0
14.359999999999738 0 1 0.0 0.0 0 0 0 0 0 0
14.369999999999738 0 1 0.0 0.0 0 0 0 0 0 0
14.379999999999738 0 1 0.0 0.0 0 0 0 0 0 0
14.389999999999738 0 1 0.0 0.0 0 0 0 0 0 0
14.399999999999737 0 1 0.0 0.0 0 0 0 0 0 0
14.409999999999737 0 1 0.0 0.0 0 0 0 0 0 0
14.419999999999737 0 1 0.0 0.0 0 0 0 0 0 0
14.429999999999737 0 1 0.0 0.0 0 0 0 0 0 0
14.439999999999737 0 1 0.0 0.0 0 0 0 0 0 0
14.449999999999736 0 1 0.0 0.0 0 0 0 0 0 0
14.459999999999736 0 1 0.0 0.0 0 0 0 0 0 0
14.469999999999736 0 1 0.0 0.0 0 0 0 0 0 0
14.479999999999736 0 1 0.0 0.0 0 0 0 0 0 0
14.489999999999736 0 1 0.0 0.0 0 0 0 0 0 0
14.499999999999735 0 1 0.0 0.0 0 0 0 0 0 0
14.509999999999735 0 1 0.0 0.0 0 0 0 0 0 0
14.519999999999735 0 1 0.0 0.0 0 0 0 0 0 0
14.529999999999735 0 1 0.0 0.0 0 0 0 0 0 0
14.539999999999734 0 1 0.0 0.0 0 0 0 0 0 0
14.549999999999734 0 1 0.0 0.0 0 0 0 0 0 0
14.559999999999734 0 1 0.0 0.0 0 0 0 0 0 0
14.569999999999734 0 1 0.0 0.0 0 0 0 0 0 0
14.579999999999734 0 1 0.0 0.0 0 0 0 0 0 0
14.589999999999733 0 1 0.0 0.0 0 0 0 0 0 0
14.599999999999733 0 1 0.0 0.0 0 0 0 0 0 0
14.609999999999733 0 1 0.0 0.0 0 0 0 0 0 0
14.619999999999733 0 1 0.0 0.0 0 0 0 0 0 0
14.629999999999733 0 1 0.0 0.0 0 0 0 0 0 0
14.639999999999732 0 1 0.0 0.0 0 0 0 0 0 0
14.649999999999732 0 1 0.0 0.0 0 0 0 0 0 0
14.659999999999732 0 1 0.0 0.0 0 0 0 0 0 0
14.669999999999732 0 1 0.0 0.0 0 0 0 0 0 0
14.679999999999731 0 1 0.0 0.0 0 0 0 0 0 0
14.689999999999731 0 1 0.0 0.0 0 0 0 0 0 0
14.699999999999731 0 1 0.0 0.0 0 0 0 0 0 0
14.709999999999731 0 1 0.0 0.0 0 0 0 0 0 0
14.719999999999731 0 1 0.0 0.0 0 0 0 0 0 0
14.72999999999973 0 1 0.0 0.0 0 0 0 0 0 0
14.73999999999973 0 1 0.0 0.0 0 0 0 0 0 0
14.74999999999973 0 1 0.0 0.0 0 0 0 0 0 0
14.75999999999973 0 1 0.0 0.0 0 0 0 0 0 0
14.76999999999973 0 1 0.0 0.0 0 0 0 0 0 0
14.779999999999729 0 1 0.0 0.0 0 0 0 0 0 0
14.789999999999729 0 1 0.0 0.0 0 0 0 0 0 0
14.799999999999729 0 1 0.0 0.0 0 0 0 0 0 0
14.809999999999729 0 1 0.0 0.0 0 0 0 0 0 0
14.819999999999729 0 1 0.0 0.0 0 0 0 0 0 0
14.829999999999728 0 1 0.0 0.0 0 0 0 0 0 0
14.839999999999728 0 1 0.0 0.0 0 0 0 0 0 0
14.849999999999728 0 1 0.0 0.0 0 0 0 0 0 0
14.859999999999728 0 1 0.0 0.0 0 0 0 0 0 0
14.869999999999727 0 1 0.0 0.0 0 0 0 0 0 0
14.879999999999727 0 1 0.0 0.0 0 0 0 0 0 0
14.889999999999727 0 1 0.0 0.0 0 0 0 0 0 0
14.899999999999727 0 1 0.0 0.0 0 0 0 0 0 0
14.909999999999727 0 1 0.0 0.0 0 0 0 0 0 0
14.919999999999726 0 1 0.0 0.0 0 0 0 0 0 0
14.929999999999726 0 1 0.0 0.0 0 0 0 0 0 0
14.939999999999726 0 1 0.0 0.0 0 0 0 0 0 0
14.949999999999726 0 1 0.0 0.0 0 0 0 0 0 0
14.959999999999726 0 1 0.0 0.0 0 0 0 0 0 0
14.969999999999725 0 1 0.0 0.0 0 0 0 0 0 0
14.979999999999725 0 1 0.0 0.0 0 0 0 0 0 0
14.989999999999725 0 1 0.0 0.0 0 0 0 0 0 0
14.999999999999725 0 1 0.0 0.0 0 0 0 0 0 0
15.009999999999724 0 1 0.0 0.0 0 0 0 0 0 0
15.019999999999724 0 1 0.0 0.0 0 0 0 0 0 0
15.029999999999724 0 1 0.0 0.0 0 0 0 0 0 0
15.039999999999724 0 1 0.0 0.0 0 0 0 0 0 0
15.049999999999724 0 1 0.0 0.0 0 0 0 0 0 0
15.059999999999723 0 1 0.0 0.0 0 0 0 0 0 0
15.069999999999723 0 1 0.0 0.0 0 0 0 0 0 0
15.079999999999723 0 1 0.0 0.0 0 0 0 0 0 0
15.089999999999723 0 1 0.0 0.0 0 0 0 0 0 0
15.099999999999723 0 1 0.0 0.0 0 0 0 0 0 0
15.109999999999722 0 1 0.0 0.0 0 0 0 0 0 0
15.119999999999722 0 1 0.0 0.0 0 0 0 0 0 0
15.129999999999722 0 1 0.0 0.0 0 0 0 0 0 0
15.139999999999722 0 1 0.0 0.0 0 0 0 0 0 0
15.149999999999721 0 1 0.0 0.0 0 0 0 0 0 0
15.159999999999721 0 1 0.0 0.0 0 0 0 0 0 0
15.169999999999721 0 1 0.0 0.0 0 0 0 0 0 0
15.179999999999721 0 1 0.0 0.0 0 0 0 0 0 0
15.189999999999721 0 1 0.0 0.0 0 0 0 0 0 0
15.19999999999972 0 1 0.0 0.0 0 0 0 0 0 0
15.20999999999972 0 1 0.0 0.0 0 0 0 0 0 0
15.21999999999972 0 1 0.0 0.0 0 0 0 0 0 0
15.22999999999972 0 1 0.0 0.0 0 0 0 0 0 0
15.23999999999972 0 1 0.0 0.0 0 0 0 0 0 0
15.249999999999719 0 1 0.0 0.0 0 0 0 0 0 0
15.259999999999719 0 1 0.0 0.0 0 0 0 0 0 0
15.269999999999719 0 1 0.0 0.0 0 0 0 0 0 0
15.279999999999719 0 1 0.0 0.0 0 0 0 0 0 0
15.289999999999718 0 1 0.0 0.0 0 0 0 0 0 0
15.299999999999718 0 1 0.0 0.0 0 0 0 0 0 0
15.309999999999718 0 1 0.0 0.0 0 0 0 0 0 0
15.319999999999718 0 1 0.0 0.0 0 0 0 0 0 0
15.329999999999718 0 1 0.0 0.0 0 0 0 0 0 0
15.339999999999717 0 1 0.0 0.0 0 0 0 0 0 0
15.349999999999717 0 1 0.0 0.0 0 0 0 0 0 0
15.359999999999717 0 1 0.0 0.0 0 0 0 0 0 0
15.369999999999717 0 1 0.0 0.0 0 0 0 0 0 0
15.379999999999717 0 1 0.0 0.0 0 0 0 0 0 0
15.389999999999716 0 1 0.0 0.0 0 0 0 0 0 0
15.399999999999716 0 1 0.0 0.0 0 0 0 0 0 0
15.409999999999716 0 1 0.0 0.0 0 0 0 0 0 0
15.419999999999716 0 1 0.0 0.0 0 0 0 0 0 0
15.429999999999715 0 1 0.0 0.0 0 0 0 0 0 0
15.439999999999715 0 1 0.0 0.0 0 0 0 0 0 0
15.449999999999715 0 1 0.0 0.0 0 0 0 0 0 0
15.459999999999715 0 1 0.0 0.0 0 0 0 0 0 0
15.469999999999715 0 1 0.0 0.0 0 0 0 0 0 0
15.479999999999714 0 1 0.0 0.0 0 0 0 0 0 0
15.489999999999714 0 1 0.0 0.0 0 0 0 0 0 0
15.499999999999714 0 1 0.0 0.0 0 0 0 0 0 0
15.509999999999714 0 1 0.0 0.0 0 0 0 0 0 0
15.519999999999714 0 1 0.0 0.0 0 0 0 0 0 0
15.529999999999713 0 1 0.0 0.0 0 0 0 0 0 0
15.539999999999713 0 1 0.0 0.0 0 0 0 0 0 0
15.549999999999713 0 1 0.0 0.0 0 0 0 0 0 0
15.559999999999713 0 1 0.0 0.0 0 0 0 0 0 0
15.569999999999713 0 1 0.0 0.0 0 0 0 0 0 0
15.579999999999712 0 1 0.0 0.0 0 0 0 0 0 0
15.589999999999712 0 1 0.0 0.0 0 0 0 0 0 0
15.599999999999712 0 1 0.0 0.0 0 0 0 0 0 0
15.609999999999712 0 1 0.0 0.0 0 0 0 0 0 0
15.619999999999711 0 1 0.0 0.0 0 0 0 0 0 0
15.629999999999711 0 1 0.0 0.0 0 0 0 0 0 0
15.639999999999711 0 1 0.0 0.0 0 0 0 0 0 0
15.649999999999711 0 1 0.0 0.0 0 0 0 0 0 0
15.659999999999711 0 1 0.0 0.0 0 0 0 0 0 0
15.66999999999971 0 1 0.0 0.0 0 0 0 0 0 0
15.67999999999971 0 1 0.0 0.0 0 0 0 0 0 0
15.68999999999971 0 1 0.0 0.0 0 0 0 0 0 0
15.69999999999971 0 1 0.0 0.0 0 0 0 0 0 0
15.70999999999971 0 1 0.0 0.0 0 0 0 0 0 0
15.719999999999709 0 1 0.0 0.0 0 0 0 0 0 0
15.729999999999709 0 1 0.0 0.0 0 0 0 0 0 0
15.739999999999709 0 1 0.0 0.0 0 0 0 0 0 0
15.749999999999709 0 1 0.0 0.0 0 0 0 0 0 0
15.759999999999708 0 1 0.0 0.0 0 0 0 0 0 0
15.769999999999708 0 1 0.0 0.0 0 0 0 0 0 0
15.779999999999708 0 1 0.0 0.0 0 0 0 0 0 0
15.789999999999708 0 1 0.0 0.0 0 0 0 0 0 0
15.799999999999708 0 1 0.0 0.0 0 0 0 0 0 0
15.809999999999707 0 1 0.0 0.0 0 0 0 0 0 0
15.819999999999707 0 1 0.0 0.0 0 0 0 0 0 0
15.829999999999707 0 1 0.0 0.0 0 0 0 0 0 0
15.839999999999707 0 1 0.0 0.0 0 0 0 0 0 0
15.849999999999707 0 1 0.0 0.0 0 0 0 0 0 0
15.859999999999706 0 1 0.0 0.0 0 0 0 0 0 0
15.869999999999706 0 1 0.0 0.0 0 0 0 0 0 0
15.879999999999706 0 1 0.0 0.0 0 0 0 0 0 0
15.889999999999706 0 1 0.0 0.0 0 0 0 0 0 0
15.899999999999705 0 1 0.0 0.0 0 0 0 0 0 0
15.909999999999705 0 1 0.0 0.0 0 0 0 0 0 0
15.919999999999705 0 1 0.0 0.0 0 0 0 0 0 0
15.929999999999705 0 1 0.0 0.0 0 0 0 0 0 0
15.939999999999705 0 1 0.0 0.0 0 0 0 0 0 0
15.949999999999704 0 1 0.0 0.0 0 0 0 0 0 0
15.959999999999704 0 1 0.0 0.0 0 0 0 0 0 0
15.969999999999704 0 1 0.0 0.0 0 0 0 0 0 0
15.979999999999704 0 1 0.0 0.0 0 0 0 0 0 0
15.989999999999704 0 1 0.0 0.0 0 0 0 0 0 0
15.999999999999703 0 1 0.0 0.0 0 0 0 0 0 0
16.009999999999703 0 1 0.0 0.0 0 0 0 0 0 0
16.019999999999705 0 1 0.0 0.0 0 0 0 0 0 0
16.029999999999706 0 1 0.0 0.0 0 0 0 0 0 0
16.039999999999708 0 1 0.0 0.0 0 0 0 0 0 0
16.049999999999709 0 1 0.0 0.0 0 0 0 0 0 0
16.059999999999711 0 1 0.0 0.0 0 0 0 0 0 0
16.069999999999713 0 1 0.0 0.0 0 0 0 0 0 0
16.079999999999714 0 1 0.0 0.0 0 0 0 0 0 0
16.089999999999716 0 1 0.0 0.0 0 0 0 0 0 0
16.099999999999717 0 1 0.0 0.0 0 0 0 0 0 0
16.109999999999719 0 1 0.0 0.0 0 0 0 0 0 0
16.11999999999972 0 1 0.0 0.0 0 0 0 0 0 0
16.129999999999722 0 1 0.0 0.0 0 0 0 0 0 0
16.139999999999723 0 1 0.0 0.0 0 0 0 0 0 0
16.149999999999725 0 1 0.0 0.0 0 0 0 0 0 0
16.159999999999727 0 1 0.0 0.0 0 0 0 0 0 0
16.169999999999728 0 1 0.0 0.0 0 0 0 0 0 0
16.17999999999973 0 1 0.0 0.0 0 0 0 0 0 0
16.189999999999731 0 1 0.0 0.0 0 0 0 0 0 0
16.199999999999733 0 1 0.0 0.0 0 0 0 0 0 0
16.209999999999734 0 1 0.0 0.0 0 0 0 0 0 0
16.219999999999736 0 1 0.0 0.0 0 0 0 0 0 0
16.229999999999738 0 1 0.0 0.0 0 0 0 0 0 0
16.239999999999739 0 1 0.0 0.0 0 0 0 0 0 0
16.249999999999741 0 1 0.0 0.0 0 0 0 0 0 0
16.259999999999742 0 1 0.0 0.0 0 0 0 0 0 0
16.269999999999744 0 1 0.0 0.0 0 0 0 0 0 0
16.279999999999745 0 1 0.0 0.0 0 0 0 0 0 0
16.289999999999747 0 1 0.0 0.0 0 0 0 0 0 0
16.299999999999748 0 1 0.0 0.0 0 0 0 0 0 0
16.30999999999975 0 1 0.0 0.0 0 0 0 0 0 0
16.319999999999752 0 1 0.0 0.0 0 0 0 0 0 0
16.329999999999753 0 1 0.0 0.0 0 0 0 0 0 0
16.339999999999755 0 1 0.0 0.0 0 0 0 0 0 0
16.349999999999756 0 1 0.0 0.0 0 0 0 0 0 0
16.359999999999758 0 1 0.0 0.0 0 0 0 0 0 0
16.369999999999759 0 1 0.0 0.0 0 0 0 0 0 0
16.379999999999761 0 1 0.0 0.0 0 0 0 0 0 0
16.389999999999763 0 1 0.0 0.0 0 0 0 0 0 0
16.399999999999764 0 1 0.0 0.0 0 0 0 0 0 0
16.409999999999766 0 1 0.0 0.0 0 0 0 0 0 0
16.419999999999767 0 1 0.0 0.0 0 0 0 0 0 0
16.429999999999769 0 1 0.0 0.0 0 0 0 0 0 0
16.43999999999977 0 1 0.0 0.0 0 0 0 0 0 0
16.449999999999772 0 1 0.0 0.0 0 0 0 0 0 0
16.459999999999773 0 1 0.0 0.0 0 0 0 0 0 0
16.469999999999775 0 1 0.0 0.0 0 0 0 0 0 0
16.479999999999777 0 1 0.0 0.0 0 0 0 0 0 0
16.489999999999778 0 1 0.0 0.0 0 0 0 0 0 0
16.49999999999978 0 1 0.0 0.0 0 0 0 0 0 0
16.509999999999781 0 1 0.0 0.0 0 0 0 0 0 0
16.519999999999783 0 1 0.0 0.0 0 0 0 0 0 0
16.529999999999784 0 1 0.0 0.0 0 0 0 0 0 0
16.539999999999786 0 1 0.0 0.0 0 0 0 0 0 0
16.549999999999788 0 1 0.0 0.0 0 0 0 0 0 0
16.559999999999789 0 1 0.0 0.0 0 0 0 0 0 0
16.569999999999791 0 1 0.0 0.0 0 0 0 0 0 0
16.579999999999792 0 1 0.0 0.0 0 0 0 0 0 0
16.589999999999794 0 1 0.0 0.0 0 0 0 0 0 0
16.599999999999795 0 1 0.0 0.0 0 0 0 0 0 0
16.609999999999797 0 1 0.0 0.0 0 0 0 0 0 0
16.619999999999798 0 1 0.0 0.0 0 0 0 0 0 0
16.6299999999998 0 1 0.0 0.0 0 0 0 0 0 0
16.639999999999802 0 1 0.0 0.0 0 0 0 0 0 0
16.649999999999803 0 1 0.0 0.0 0 0 0 0 0 0
16.659999999999805 0 1 0.0 0.0 0 0 0 0 0 0
16.669999999999806 0 1 0.0 0.0 0 0 0 0 0 0
16.679999999999808 0 1 0.0 0.0 0 0 0 0 0 0
16.689999999999809 0 1 0.0 0.0 0 0 0 0 0 0
16.699999999999811 0 1 0.0 0.0 0 0 0 0 0 0
16.709999999999813 0 1 0.0 0.0 0 0 0 0 0 0
16.719999999999814 0 1 0.0 0.0 0 0 0 0 0 0
16.729999999999816 0 1 0.0 0.0 0 0 0 0 0 0
16.739999999999817 0 1 0.0 0.0 0 0 0 0 0 0
16.749999999999819 0 1 0.0 0.0 0 0 0 0 0 0
16.75999999999982 0 1 0.0 0.0 0 0 0 0 0 0
16.769999999999822 0 1 0.0 0.0 0 0 0 0 0 0
16.779999999999824 0 1 0.0 0.0 0 0 0 0 0 0
16.789999999999825 0 1 0.0 0.0 0 0 0 0 0 0
16.799999999999827 0 1 0.0 0.0 0 0 0 0 0 0
16.809999999999828 0 1 0.0 0.0 0 0 0 0 0 0
16.81999999999983 0 1 0.0 0.0 0 0 0 0 0 0
16.829999999999831 0 1 0.0 0.0 0 0 0 0 0 0
16.839999999999833 0 1 0.0 0.0 0 0 0 0 0 0
16.849999999999834 0 1 0.0 0.0 0 0 0 0 0 0
16.859999999999836 0 1 0.0 0.0 0 0 0 0 0 0
16.869999999999838 0 1 0.0 0.0 0 0 0 0 0 0
16.879999999999839 0 1 0.0 0.0 0 0 0 0 0 0
16.889999999999841 0 1 0.0 0.0 0 0 0 0 0 0
16.899999999999842 0 1 0.0 0.0 0 0 0 0 0 0
16.909999999999844 0 1 0.0 0.0 0 0 0 0 0 0
16.919999999999845 0 1 0.0 0.0 0 0 0 0 0 0
16.929999999999847 0 1 0.0 0.0 0 0 0 0 0 0
16.939999999999849 0 1 0.0 0.0 0 0 0 0 0 0
16.94999999999985 0 1 0.0 0.0 0 0 0 0 0 0
16.959999999999852 0 1 0.0 0.0 0 0 0 0 0 0
16.969999999999853 0 1 0.0 0.0 0 0 0 0 0 0
16.979999999999855 0 1 0.0 0.0 0 0 0 0 0 0
16.989999999999856 0 1 0.0 0.0 0 0 0 0 0 0
16.999999999999858 0 1 0.0 0.0 0 0 0 0 0 0
17.009999999999859 0 1 0.0 0.0 0 0 0 0 0 0
17.019999999999861 0 1 0.0 0.0 0 0 0 0 0 0
17.029999999999863 0 1 0.0 0.0 0 0 0 0 0 0
17.039999999999864 0 1 0.0 0.0 0 0 0 0 0 0
17.049999999999866 0 1 0.0 0.0 0 0 0 0 0 0
17.059999999999867 0 1 0.0 0.0 0 0 0 0 0 0
17.069999999999869 0 1 0.0 0.0 0 0 0 0 0 0
17.07999999999987 0 1 0.0 0.0 0 0 0 0 0 0
17.089999999999872 0 1 0.0 0.0 0 0 0 0 0 0
17.099999999999874 0 1 0.0 0.0 0 0 0 0 0 0
17.109999999999875 0 1 0.0 0.0 0 0 0 0 0 0
17.119999999999877 0 1 0.0 0.0 0 0 0 0 0 0
17.129999999999878 0 1 0.0 0.0 0 0 0 0 0 0
17.13999999999988 0 1 0.0 0.0 0 0 0 0 0 0
17.149999999999881 0 1 0.0 0.0 0 0 0 0 0 0
17.159999999999883 0 1 0.0 0.0 0 0 0 0 0 0
17.169999999999884 0 1 0.0 0.0 0 0 0 0 0 0
17.179999999999886 0 1 0.0 0.0 0 0 0 0 0 0
17.189999999999888 0 1 0.0 0.0 0 0 0 0 0 0
17.199999999999889 0 1 0.0 0.0 0 0 0 0 0 0
17.209999999999891 0 1 0.0 0.0 0 0 0 0 0 0
17.219999999999892 0 1 0.0 0.0 0 0 0 0 0 0
17.229999999999894 0 1 0.0 0.0 0 0 0 0 0 0
17.239999999999895 0 1 0.0 0.0 0 0 0 0 0 0
17.249999999999897 0 1 0.0 0.0 0 0 0 0 0 0
17.259999999999899 0 1 0.0 0.0 0 0 0 0 0 0
17.2699999999999 0 1 0.0 0.0 0 0 0 0 0 0
17.279999999999902 0 1 0.0 0.0 0 0 0 0 0 0
17.289999999999903 0 1 0.0 0.0 0 0 0 0 0 0
17.299999999999905 0 1 0.0 0.0 0 0 0 0 0 0
17.309999999999906 0 1 0.0 0.0 0 0 0 0 0 0
17.319999999999908 0 1 0.0 0.0 0 0 0 0 0 0
17.329999999999909 0 1 0.0 0.0 0 0 0 0 0 0
17.339999999999911 0 1 0.0 0.0 0 0 0 0 0 0
17.349999999999913 0 1 0.0 0.0 0 0 0 0 0 0
17.359999999999914 0 1 0.0 0.0 0 0 0 0 0 0
17.369999999999916 0 1 0.0 0.0 0 0 0 0 0 0
17.379999999999917 0 1 0.0 0.0 0 0 0 0 0 0
17.389999999999919 0 1 0.0 0.0 0 0 0 0 0 0
17.39999999999992 0 1 0.0 0.0 0 0 0 0 0 0
17.409999999999922 0 1 0.0 0.0 0 0 0 0 0 0
17.419999999999924 0 1 0.0 0.0 0 0 0 0 0 0
17.429999999999925 0 1 0.0 0.0 0 0 0 0 0 0
17.439999999999927 0 1 0.0 0.0 0 0 0 0 0 0
17.449999999999928 0 1 0.0 0.0 0 0 0 0 0 0
17.45999999999993 0 1 0.0 0.0 0 0 0 0 0 0
17.469999999999931 0 1 0.0 0.0 0 0 0 0 0 0
17.479999999999933 0 1 0.0 0.0 0 0 0 0 0 0
17.489999999999934 0 1 0.0 0.0 0 0 0 0 0 0
17.499999999999936 0 1 0.0 0.0 0 0 0 0 0 0
17.509999999999938 0 1 0.0 0.0 0 0 0 0 0 0
17.519999999999939 0 1 0.0 0.0 0 0 0 0 0 0
17.529999999999941 0 1 0.0 0.0 0 0 0 0 0 0
17.539999999999942 0 1 0.0 0.0 0 0 0 0 0 0
17.549999999999944 0 1 0.0 0.0 0 0 0 0 0 0
17.559999999999945 0 1 0.0 0.0 0 0 0 0 0 0
17.569999999999947 0 1 0.0 0.0 0 0 0 0 0 0
17.579999999999949 0 1 0.0 0.0 0 0 0 0 0 0
17.58999999999995 0 1 0.0 0.0 0 0 0 0 0 0
17.599999999999952 0 1 0.0 0.0 0 0 0 0 0 0
17.609999999999953 0 1 0.0 0.0 0 0 0 0 0 0
17.619999999999955 0 1 0.0 0.0 0 0 0 0 0 0
17.629999999999956 0 1 0.0 0.0 0 0 0 0 0 0
17.639999999999958 0 1 0.0 0.0 0 0 0 0 0 0
17.649999999999959 0 1 0.0 0.0 0 0 0 0 0 0
17.659999999999961 0 1 0.0 0.0 0 0 0 0 0 0
17.669999999999963 0 1 0.0 0.0 0 0 0 0 0 0
17.679999999999964 0 1 0.0 0.0 0 0 0 0 0 0
17.689999999999966 0 1 0.0 0.0 0 0 0 0 0 0
17.699999999999967 0 1 0.0 0.0 0 0 0 0 0 0
17.709999999999969 0 1 0.0 0.0 0 0 0 0 0 0
17.71999999999997 0 1 0.0 0.0 0 0 0 0 0 0
17.729999999999972 0 1 0.0 0.0 0 0 0 0 0 0
17.739999999999974 0 1 0.0 0.0 0 0 0 0 0 0
17.749999999999975 0 1 0.0 0.0 0 0 0 0 0 0
17.759999999999977 0 1 0.0 0.0 0 0 0 0 0 0
17.769999999999978 0 1 0.0 0.0 0 0 0 0 0 0
17.77999999999998 0 1 0.0 0.0 0 0 0 0 0 0
17.789999999999981 0 1 0.0 0.0 0 0 0 0 0 0
17.799999999999983 0 1 0.0 0.0 0 0 0 0 0 0
17.809999999999985 0 1 0.0 0.0 0 0 0 0 0 0
17.819999999999986 0 1 0.0 0.0 0 0 0 0 0 0
17.829999999999988 0 1 0.0 0.0 0 0 0 0 0 0
17.839999999999989 0 1 0.0 0.0 0 0 0 0 0 0
17.849999999999991 0 1 0.0 0.0 0 0 0 0 0 0
17.859999999999992 0 1 0.0 0.0 0 0 0 0 0 0
17.869999999999994 0 1 0.0 0.0 0 0 0 0 0 0
17.879999999999995 0 1 0.0 0.0 0 0 0 0 0 0
17.889999999999997 0 1 0.0 0.0 0 0 0 0 0 0
17.899999999999999 0 1 0.0 0.0 0 0 0 0 0 0
17.91 0 1 0.0 0.0 0 0 0 0 0 0
17.920000000000002 0 1 0.0 0.0 0 0 0 0 0 0
17.930000000000003 0 1 0.0 0.0 0 0 0 0 0 0
17.940000000000005 0 1 0.0 0.0 0 0 0 0 0 0
17.950000000000006 0 1 0.0 0.0 0 0 0 0 0 0
17.960000000000008 0 1 0.0 0.0 0 0 0 0 0 0
17.97000000000001 0 1 0.0 0.0 0 0 0 0 0 0
17.980000000000011 0 1 0.0 0.0 0 0 0 0 0 0
17.990000000000013 0 1 0.0 0.0 0 0 0 0 0 0
18.000000000000014 0 1 0.0 0.0 0 0 0 0 0 0
18.010000000000016 0 1 0.0 0.0 0 0 0 0 0 0
18.020000000000017 0 1 0.0 0.0 0 0 0 0 0 0
18.030000000000019 0 1 0.0 0.0 0 0 0 0 0 0
18.04000000000002 0 1 0.0 0.0 0 0 0 0 0 0
18.050000000000022 0 1 0.0 0.0 0 0 0 0 0 0
18.060000000000024 0 1 0.0 0.0 0 0 0 0 0 0
18.070000000000025 0 1 0.0 0.0 0 0 0 0 0 0
18.080000000000027 0 1 0.0 0.0 0 0 0 0 0 0
18.090000000000028 0 1 0.0 0.0 0 0 0 0 0 0
18.10000000000003 0 1 0.0 0.0 0 0 0 0 0 0
18.110000000000031 0 1 0.0 0.0 0 0 0 0 0 0
18.120000000000033 0 1 0.0 0.0 0 0 0 0 0 0
18.130000000000035 0 1 0.0 0.0 0 0 0 0 0 0
18.140000000000036 0 1 0.0 0.0 0 0 0 0 0 0
18.150000000000038 0 1 0.0 0.0 0 0 0 0 0 0
18.160000000000039 0 1 0.0 0.0 0 0 0 0 0 0
18.170000000000041 0 1 0.0 0.0 0 0 0 0 0 0
18.180000000000042 0 1 0.0 0.0 0 0 0 0 0 0
18.190000000000044 0 1 0.0 0.0 0 0 0 0 0 0
18.200000000000045 0 1 0.0 0.0 0 0 0 0 0 0
18.210000000000047 0 1 0.0 0.0 0 0 0 0 0 0
18.220000000000049 0 1 0.0 0.0 0 0 0 0 0 0
18.23000000000005 0 1 0.0 0.0 0 0 0 0 0 0
18.240000000000052 0 1 0.0 0.0 0 0 0 0 0 0
18.250000000000053 0 1 0.0 0.0 0 0 0 0 0 0
18.260000000000055 0 1 0.0 0.0 0 0 0 0 0 0
18.270000000000056 0 1 0.0 0.0 0 0 0 0 0 0
18.280000000000058 0 1 0.0 0.0 0 0 0 0 0 0
18.29000000000006 0 1 0.0 0.0 0 0 0 0 0 0
18.300000000000061 0 1 0.0 0.0 0 0 0 0 0 0
18.310000000000063 0 1 0.0 0.0 0 0 0 0 0 0
18.320000000000064 0 1 0.0 0.0 0 0 0 0 0 0
18.330000000000066 0 1 0.0 0.0 0 0 0 0 0 0
18.340000000000067 0 1 0.0 0.0 0 0 0 0 0 0
18.350000000000069 0 1 0.0 0.0 0 0 0 0 0 0
18.36000000000007 0 1 0.0 0.0 0 0 0 0 0 0
18.370000000000072 0 1 0.0 0.0 0 0 0 0 0 0
18.380000000000074 0 1 0.0 0.0 0 0 0 0 0 0
18.390000000000075 0 1 0.0 0.0 0 0 0 0 0 0
18.400000000000077 0 1 0.0 0.0 0 0 0 0 0 0
18.410000000000078 0 1 0.0 0.0 0 0 0 0 0 0
18.42000000000008 0 1 0.0 0.0 0 0 0 0 0 0
18.430000000000081 0 1 0.0 0.0 0 0 0 0 0 0
18.440000000000083 0 1 0.0 0.0 0 0 0 0 0 0
18.450000000000085 0 1 0.0 0.0 0 0 0 0 0 0
18.460000000000086 0 1 0.0 0.0 0 0 0 0 0 0
18.470000000000088 0 1 0.0 0.0 0 0 0 0 0 0
18.480000000000089 0 1 0.0 0.0 0 0 0 0 0 0
18.490000000000091 0 1 0.0 0.0 0 0 0 0 0 0
18.500000000000092 0 1 0.0 0.0 0 0 0 0 0 0
18.510000000000094 0 1 0.0 0.0 0 0 0 0 0 0
18.520000000000095 0 1 0.0 0.0 0 0 0 0 0 0
18.530000000000097 0 1 0.0 0.0 0 0 0 0 0 0
18.540000000000099 0 1 0.0 0.0 0 0 0 0 0 0
18.5500000000001 0 1 0.0 0.0 0 0 0 0 0 0
18.560000000000102 0 1 0.0 0.0 0 0 0 0 0 0
18.570000000000103 0 1 0.0 0.0 0 0 0 0 0 0
18.580000000000105 0 1 0.0 0.0 0 0 0 0 0 0
18.590000000000106 0 1 0.0 0.0 0 0 0 0 0 0
18.600000000000108 0 1 0.0 0.0 0 0 0 0 0 0
18.61000000000011 0 1 0.0 0.0 0 0 0 0 0 0
18.620000000000111 0 1 0.0 0.0 0 0 0 0 0 0
18.630000000000113 0 1 0.0 0.0 0 0 0 0 0 0
18.640000000000114 0 1 0.0 0.0 0 0 0 0 0 0
18.650000000000116 0 1 0.0 0.0 0 0 0 0 0 0
18.660000000000117 0 1 0.0 0.0 0 0 0 0 0 0
18.670000000000119 0 1 0.0 0.0 0 0 0 0 0 0
18.680000000000121 0 1 0.0 0.0 0 0 0 0 0 0
18.690000000000122 0 1 0.0 0.0 0 0 0 0 0 0
18.700000000000124 0 1 0.0 0.0 0 0 0 0 0 0
18.710000000000125 0 1 0.0 0.0 0 0 0 0 0 0
18.720000000000127 0 1 0.0 0.0 0 0 0 0 0 0
18.730000000000128 0 1 0.0 0.0 0 0 0 0 0 0
18.74000000000013 0 1 0.0 0.0 0 0 0 0 0 0
18.750000000000131 0 1 0.0 0.0 0 0 0 0 0 0
18.760000000000133 0 1 0.0 0.0 0 0 0 0 0 0
18.770000000000135 0 1 0.0 0.0 0 0 0 0 0 0
18.780000000000136 0 1 0.0 0.0 0 0 0 0 0 0
18.790000000000138 0 1 0.0 0.0 0 0 0 0 0 0
18.800000000000139 0 1 0.0 0.0 0 0 0 0 0 0
18.810000000000141 0 1 0.0 0.0 0 0 0 0 0 0
18.820000000000142 0 1 0.0 0.0 0 0 0 0 0 0
18.830000000000144 0 1 0.0 0.0 0 0 0 0 0 0
18.840000000000146 0 1 0.0 0.0 0 0 0 0 0 0
18.850000000000147 0 1 0.0 0.0 0 0 0 0 0 0
18.860000000000149 0 1 0.0 0.0 0 0 0 0 0 0
18.87000000000015 0 1 0.0 0.0 0 0 0 0 0 0
18.880000000000152 0 1 0.0 0.0 0 0 0 0 0 0
18.890000000000153 0 1 0.0 0.0 0 0 0 0 0 0
18.900000000000155 0 1 0.0 0.0 0 0 0 0 0 0
18.910000000000156 0 1 0.0 0.0 0 0 0 0 0 0
18.920000000000158 0 1 0.0 0.0 0 0 0 0 0 0
18.93000000000016 0 1 0.0 0.0 0 0 0 0 0 0
18.940000000000161 0 1 0.0 0.0 0 0 0 0 0 0
18.950000000000163 0 1 0.0 0.0 0 0 0 0 0 0
18.960000000000164 0 1 0.0 0.0 0 0 0 0 0 0
18.970000000000166 0 1 0.0 0.0 0 0 0 0 0 0
18.980000000000167 0 1 0.0 0.0 0 0 0 0 0 0
18.990000000000169 0 1 0.0 0.0 0 0 0 0 0 0
19.000000000000171 0 1 0.0 0.0 0 0 0 0 0 0
19.010000000000172 0 1 0.0 0.0 0 0 0 0 0 0
19.020000000000174 0 1 0.0 0.0 0 0 0 0 0 0
19.030000000000175 0 1 0.0 0.0 0 0 0 0 0 0
19.040000000000177 0 1 0.0 0.0 0 0 0 0 0 0
19.050000000000178 0 1 0.0 0.0 0 0 0 0 0 0
19.06000000000018 0 1 0.0 0.0 0 0 0 0 0 0
19.070000000000181 0 1 0.0 0.0 0 0 0 0 0 0
19.080000000000183 0 1 0.0 0.0 0 0 0 0 0 0
19.090000000000185 0 1 0.0 0.0 0 0 0 0 0 0
19.100000000000186 0 1 0.0 0.0 0 0 0 0 0 0
19.110000000000188 0 1 0.0 0.0 0 0 0 0 0 0
19.120000000000189 0 1 0.0 0.0 0 0 0 0 0 0
19.130000000000191 0 1 0.0 0.0 0 0 0 0 0 0
19.140000000000192 0 1 0.0 0.0 0 0 0 0 0 0
19.150000000000194 0 1 0.0 0.0 0 0 0 0 0 0
19.160000000000196 0 1 0.0 0.0 0 0 0 0 0 0
19.170000000000197 0 1 0.0 0.0 0 0 0 0 0 0
19.180000000000199 0 1 0.0 0.0 0 0 0 0 0 0
19.1900000000002 0 1 0.0 0.0 0 0 0 0 0 0
19.200000000000202 0 1 0.0 0.0 0 0 0 0 0 0
19.210000000000203 0 1 0.0 0.0 0 0 0 0 0 0
19.220000000000205 0 1 0.0 0.0 0 0 0 0 0 0
19.230000000000206 0 1 0.0 0.0 0 0 0 0 0 0
19.240000000000208 0 1 0.0 0.0 0 0 0 0 0 0
19.25000000000021 0 1 0.0 0.0 0 0 0 0 0 0
19.260000000000211 0 1 0.0 0.0 0 0 0 0 0 0
19.270000000000213 0 1 0.0 0.0 0 0 0 0 0 0
19.280000000000214 0 1 0.0 0.0 0 0 0 0 0 0
19.290000000000216 0 1 0.0 0.0 0 0 0 0 0 0
19.300000000000217 0 1 0.0 0.0 0 0 0 0 0 0
19.310000000000219 0 1 0.0 0.0 0 0 0 0 0 0
19.320000000000221 0 1 0.0 0.0 0 0 0 0 0 0
19.330000000000222 0 1 0.0 0.0 0 0 0 0 0 0
19.340000000000224 0 1 0.0 0.0 0 0 0 0 0 0
19.350000000000225 0 1 0.0 0.0 0 0 0 0 0 0
19.360000000000227 0 1 0.0 0.0 0 0 0 0 0 0
19.370000000000228 0 1 0.0 0.0 0 0 0 0 0 0
19.38000000000023 0 1 0.0 0.0 0 0 0 0 0 0
19.390000000000231 0 1 0.0 0.0 0 0 0 0 0 0
19.400000000000233 0 1 0.0 0.0 0 0 0 0 0 0
19.410000000000235 0 1 0.0 0.0 0 0 0 0 0 0
19.420000000000236 0 1 0.0 0.0 0 0 0 0 0 0
19.430000000000238 0 1 0.0 0.0 0 0 0 0 0 0
19.440000000000239 0 1 0.0 0.0 0 0 0 0 0 0
19.450000000000241 0 1 0.0 0.0 0 0 0 0 0 0
19.460000000000242 0 1 0.0 0.0 0 0 0 0 0 0
19.470000000000244 0 1 0.0 0.0 0 0 0 0 0 0
19.480000000000246 0 1 0.0 0.0 0 0 0 0 0 0
19.490000000000247 0 1 0.0 0.0 0 0 0 0 0 0
19.500000000000249 0 1 0.0 0.0 0 0 0 0 0 0
19.51000000000025 0 1 0.0 0.0 0 0 0 0 0 0
19.520000000000252 0 1 0.0 0.0 0 0 0 0 0 0
19.530000000000253 0 1 0.0 0.0 0 0 0 0 0 0
19.540000000000255 0 1 0.0 0.0 0 0 0 0 0 0
19.550000000000257 0 1 0.0 0.0 0 0 0 0 0 0
19.560000000000258 0 1 0.0 0.0 0 0 0 0 0 0
19.57000000000026 0 1 0.0 0.0 0 0 0 0 0 0
19.580000000000261 0 1 0.0 0.0 0 0 0 0 0 0
19.590000000000263 0 1 0.0 0.0 0 0 0 0 0 0
19.600000000000264 0 1 0.0 0.0 0 0 0 0 0 0
19.610000000000266 0 1 0.0 0.0 0 0 0 0 0 0
19.620000000000267 0 1 0.0 0.0 0 0 0 0 0 0
19.630000000000269 0 1 0.0 0.0 0 0 0 0 0 0
19.640000000000271 0 1 0.0 0.0 0 0 0 0 0 0
19.650000000000272 0 1 0.0 0.0 0 0 0 0 0 0
19.660000000000274 0 1 0.0 0.0 0 0 0 0 0 0
19.670000000000275 0 1 0.0 0.0 0 0 0 0 0 0
19.680000000000277 0 1 0.0 0.0 0 0 0 0 0 0
19.690000000000278 0 1 0.0 0.0 0 0 0 0 0 0
19.70000000000028 0 1 0.0 0.0 0 0 0 0 0 0
19.710000000000282 0 1 0.0 0.0 0 0 0 0 0 0
19.720000000000283 0 1 0.0 0.0 0 0 0 0 0 0
19.730000000000285 0 1 0.0 0.0 0 0 0 0 0 0
19.740000000000286 0 1 0.0 0.0 0 0 0 0 0 0
19.750000000000288 0 1 0.0 0.0 0 0 0 0 0 0
19.760000000000289 0 1 0.0 0.0 0 0 0 0 0 0
19.770000000000291 0 1 0.0 0.0 0 0 0 0 0 0
19.780000000000292 0 1 0.0 0.0 0 0 0 0 0 0
19.790000000000294 0 1 0.0 0.0 0 0 0 0 0 0
19.800000000000296 0 1 0.0 0.0 0 0 0 0 0 0
19.810000000000297 0 1 0.0 0.0 0 0 0 0 0 0
19.820000000000299 0 1 0.0 0.0 0 0 0 0 0 0
19.8300000000003 0 1 0.0 0.0 0 0 0 0 0 0
19.840000000000302 0 1 0.0 0.0 0 0 0 0 0 0
19.850000000000303 0 1 0.0 0.0 0 0 0 0 0 0
19.860000000000305 0 1 0.0 0.0 0 0 0 0 0 0
19.870000000000307 0 1 0.0 0.0 0 0 0 0 0 0
19.880000000000308 0 1 0.0 0.0 0 0 0 0 0 0
19.89000000000031 0 1 0.0 0.0 0 0 0 0 0 0
19.900000000000311 0 1 0.0 0.0 0 0 0 0 0 0
19.910000000000313 0 1 0.0 0.0 0 0 0 0 0 0
19.920000000000314 0 1 0.0 0.0 0 0 0 0 0 0
19.930000000000316 0 1 0.0 0.0 0 0 0 0 0 0
19.940000000000317 0 1 0.0 0.0 0 0 0 0 0 0
19.950000000000319 0 1 0.0 0.0 0 0 0 0 0 0
19.960000000000321 0 1 0.0 0.0 0 0 0 0 0 0
19.970000000000322 0 1 0.0 0.0 0 0 0 0 0 0
19.980000000000324 0 1 0.0 0.0 0 0 0 0 0 0
19.990000000000325 0 1 0.0 0.0 0 0 0 0 0 0
20.000000000000327 0 1 0.0 0.0 0 0 0 0 0 0
20.010000000000328 0 1 1508.1264359160209 36.649287158351697 24127 24127 0 989320 989320 0
20.02000000000033 0 1 575.10076202293556 13.991754647275146 47466 47439