0 0 1 0 0 0 0 0 0 0 0
0.01 0 1 0.0 0.0 0 0 0 0 0 0
0.02 0 1 0.0 0.0 0 0 0 0 0 0
0.029999999999999999 0 1 0.0 0.0 0 0 0 0 0 0
0.040000000000000001 0 1 0.0 0.0 0 0 0 0 0 0
0.050000000000000003 0 1 0.0 0.0 0 0 0 0 0 0
0.060000000000000005 0 1 0.0 0.0 0 0 0 0 0 0
0.070000000000000007 0 1 0.0 0.0 0 0 0 0 0 0
0.080000000000000002 0 1 0.0 0.0 0 0 0 0 0 0
0.089999999999999997 0 1 0.0 0.0 0 0 0 0 0 0
0.099999999999999992 0 1 0.0 0.0 0 0 0 0 0 0
0.10999999999999999 0 1 0.0 0.0 0 0 0 0 0 0
0.11999999999999998 0 1 0.0 0.0 0 0 0 0 0 0
0.12999999999999998 0 1 0.0 0.0 0 0 0 0 0 0
0.13999999999999999 0 1 0.0 0.0 0 0 0 0 0 0
0.14999999999999999 0 1 0.0 0.0 0 0 0 0 0 0
0.16 0 1 0.0 0.0 0 0 0 0 0 0
0.17000000000000001 0 1 0.0 0.0 0 0 0 0 0 0
0.18000000000000002 0 1 0.0 0.0 0 0 0 0 0 0
0.19000000000000003 0 1 0.0 0.0 0 0 0 0 0 0
0.20000000000000004 0 1 0.0 0.0 0 0 0 0 0 0
0.21000000000000005 0 1 0.0 0.0 0 0 0 0 0 0
0.22000000000000006 0 1 0.0 0.0 0 0 0 0 0 0
0.23000000000000007 0 1 0.0 0.0 0 0 0 0 0 0
0.24000000000000007 0 1 0.0 0.0 0 0 0 0 0 0
0.25000000000000006 0 1 0.0 0.0 0 0 0 0 0 0
0.26000000000000006 0 1 0.0 0.0 0 0 0 0 0 0
0.27000000000000007 0 1 0.0 0.0 0 0 0 0 0 0
0.28000000000000008 0 1 0.0 0.0 0 0 0 0 0 0
0.29000000000000009 0 1 0.0 0.0 0 0 0 0 0 0
0.3000000000000001 0 1 0.0 0.0 0 0 0 0 0 0
0.31000000000000011 0 1 0.0 0.0 0 0 0 0 0 0
0.32000000000000012 0 1 0.0 0.0 0 0 0 0 0 0
0.33000000000000013 0 1 0.0 0.0 0 0 0 0 0 0
0.34000000000000014 0 1 0.0 0.0 0 0 0 0 0 0
0.35000000000000014 0 1 0.0 0.0 0 0 0 0 0 0
0.36000000000000015 0 1 0.0 0.0 0 0 0 0 0 0
0.37000000000000016 0 1 0.0 0.0 0 0 0 0 0 0
0.38000000000000017 0 1 0.0 0.0 0 0 0 0 0 0
0.39000000000000018 0 1 0.0 0.0 0 0 0 0 0 0
0.40000000000000019 0 1 0.0 0.0 0 0 0 0 0 0
0.4100000000000002 0 1 0.0 0.0 0 0 0 0 0 0
0.42000000000000021 0 1 0.0 0.0 0 0 0 0 0 0
0.43000000000000022 0 1 0.0 0.0 0 0 0 0 0 0
0.44000000000000022 0 1 0.0 0.0 0 0 0 0 0 0
0.45000000000000023 0 1 0.0 0.0 0 0 0 0 0 0
0.46000000000000024 0 1 0.0 0.0 0 0 0 0 0 0
0.47000000000000025 0 1 0.0 0.0 0 0 0 0 0 0
0.48000000000000026 0 1 0.0 0.0 0 0 0 0 0 0
0.49000000000000027 0 1 0.0 0.0 0 0 0 0 0 0
0.50000000000000022 0 1 0.0 0.0 0 0 0 0 0 0
0.51000000000000023 0 1 0.0 0.0 0 0 0 0 0 0
0.52000000000000024 0 1 0.0 0.0 0 0 0 0 0 0
0.53000000000000025 0 1 0.0 0.0 0 0 0 0 0 0
0.54000000000000026 0 1 0.0 0.0 0 0 0 0 0 0
0.55000000000000027 0 1 0.0 0.0 0 0 0 0 0 0
0.56000000000000028 0 1 0.0 0.0 0 0 0 0 0 0
0.57000000000000028 0 1 0.0 0.0 0 0 0 0 0 0
0.58000000000000029 0 1 0.0 0.0 0 0 0 0 0 0
0.5900000000000003 0 1 0.0 0.0 0 0 0 0 0 0
0.60000000000000031 0 1 0.0 0.0 0 0 0 0 0 0
0.61000000000000032 0 1 0.0 0.0 0 0 0 0 0 0
0.62000000000000033 0 1 0.0 0.0 0 0 0 0 0 0
0.63000000000000034 0 1 0.0 0.0 0 0 0 0 0 0
0.64000000000000035 0 1 0.0 0.0 0 0 0 0 0 0
0.65000000000000036 0 1 0.0 0.0 0 0 0 0 0 0
0.66000000000000036 0 1 0.0 0.0 0 0 0 0 0 0
0.67000000000000037 0 1 0.0 0.0 0 0 0 0 0 0
0.68000000000000038 0 1 0.0 0.0 0 0 0 0 0 0
0.69000000000000039 0 1 0.0 0.0 0 0 0 0 0 0
0.7000000000000004 0 1 0.0 0.0 0 0 0 0 0 0
0.71000000000000041 0 1 0.0 0.0 0 0 0 0 0 0
0.72000000000000042 0 1 0.0 0.0 0 0 0 0 0 0
0.73000000000000043 0 1 0.0 0.0 0 0 0 0 0 0
0.74000000000000044 0 1 0.0 0.0 0 0 0 0 0 0
0.75000000000000044 0 1 0.0 0.0 0 0 0 0 0 0
0.76000000000000045 0 1 0.0 0.0 0 0 0 0 0 0
0.77000000000000046 0 1 0.0 0.0 0 0 0 0 0 0
0.78000000000000047 0 1 0.0 0.0 0 0 0 0 0 0
0.79000000000000048 0 1 0.0 0.0 0 0 0 0 0 0
0.80000000000000049 0 1 0.0 0.0 0 0 0 0 0 0
0.8100000000000005 0 1 0.0 0.0 0 0 0 0 0 0
0.82000000000000051 0 1 0.0 0.0 0 0 0 0 0 0
0.83000000000000052 0 1 0.0 0.0 0 0 0 0 0 0
0.84000000000000052 0 1 0.0 0.0 0 0 0 0 0 0
0.85000000000000053 0 1 0.0 0.0 0 0 0 0 0 0
0.86000000000000054 0 1 0.0 0.0 0 0 0 0 0 0
0.87000000000000055 0 1 0.0 0.0 0 0 0 0 0 0
0.88000000000000056 0 1 0.0 0.0 0 0 0 0 0 0
0.89000000000000057 0 1 0.0 0.0 0 0 0 0 0 0
0.90000000000000058 0 1 0.0 0.0 0 0 0 0 0 0
0.91000000000000059 0 1 0.0 0.0 0 0 0 0 0 0
0.9200000000000006 0 1 0.0 0.0 0 0 0 0 0 0
0.9300000000000006 0 1 0.0 0.0 0 0 0 0 0 0
0.94000000000000061 0 1 0.0 0.0 0 0 0 0 0 0
0.95000000000000062 0 1 0.0 0.0 0 0 0 0 0 0
0.96000000000000063 0 1 0.0 0.0 0 0 0 0 0 0
0.97000000000000064 0 1 0.0 0.0 0 0 0 0 0 0
0.98000000000000065 0 1 0.0 0.0 0 0 0 0 0 0
0.99000000000000066 0 1 0.0 0.0 0 0 0 0 0 0
1.0000000000000007 0 1 0.0 0.0 0 0 0 0 0 0
1.0100000000000007 0 1 0.0 0.0 70 70 0 6300 6300 0
1.0200000000000007 0 1 0.0 0.0 175 175 0 14500 14500 0
1.0300000000000007 0 1 3473.401467116189 6.5537105234196806 897 869 27 373088 358704 13808
1.0400000000000007 0 1 636.99777703393261 1.2015456146875036 2794 2767 27 1370560 1356752 13808
1.0500000000000007 0 1 62.038307069861652 0.1162587801317282 4102 4075 27 2109212 2095404 13808
1.0600000000000007 0 1 12.544089209907117 0.029562333474730779 4536 4509 27 2325000 2311192 13808
1.0700000000000007 0 1 0.0052968000030517671 0.00013242000007629418 4661 4634 27 2336000 2322192 13808
1.0800000000000007 0 1 0.0 0.0 4746 4719 27 2343900 2330092 13808
1.0900000000000007 0 1 0.0 0.0 4866 4839 27 2354700 2340892 13808
1.1000000000000008 0 1 0.049814040008921937 0.00052535100010242487 4966 4939 27 2362700 2348892 13808
1.1100000000000008 0 1 262.93019170977817 0.57945318362888576 5495 5468 27 2573384 2559576 13808
1.1200000000000008 0 1 1322.8568817887399 2.4743060349758683 7182 7155 27 3486776 3472968 13808
1.1300000000000008 0 1 83.60592654693636 0.16052030362700961 8608 8581 27 4283852 4270044 13808
1.1400000000000008 0 1 987.57680883451417 1.8475816369585492 9213 9186 27 4559080 4545272 13808
1.1500000000000008 0 1 0.0 0.0 9283 9256 27 4565380 4551572 13808
1.1600000000000008 0 1 0.0 0.0 9343 9316 27 4570780 4556972 13808
1.1700000000000008 0 1 0.0 0.0 9473 9446 27 4582480 4568672 13808
1.1800000000000008 0 1 0.0 0.0 9563 9536 27 4590580 4576772 13808
1.1900000000000008 0 1 0.0 0.0 9733 9706 27 4605880 4592072 13808
1.2000000000000008 0 1 0.0 0.0 9883 9856 27 4619380 4605572 13808
1.2100000000000009 0 1 0.0 0.0 9973 9946 27 4627480 4613672 13808
1.2200000000000009 0 1 0.0 0.0 10098 10071 27 4638480 4624672 13808
1.2300000000000009 0 1 20.807356739599108 0.040061030000471086 10385 10358 27 4757872 4744064 13808
1.2400000000000009 0 1 567.24798625579297 1.0564595944223534 12383 12356 27 5860120 5846312 13808
1.2500000000000009 0 1 439.442895055127 0.84434271045428144 14393 14366 27 6955572 6941764 13808
1.2600000000000009 0 1 1491.2469105779351 2.8699632353120759 16207 16180 27 7932132 7918324 13808
1.2700000000000009 0 1 2459.1304669812648 4.5347317786407393 18025 17996 27 8917692 8902732 13808
1.2800000000000009 0 1 802.74967285746004 1.51187349157038 20134 20103 27 10069296 10053184 13808
1.2900000000000009 0 1 962.65653922277215 1.8058976765912711 22116 22088 27 11145068 11130684 13808
1.3000000000000009 0 1 1995.8236565750433 3.5685622498415639 24170 24139 27 12262812 12246700 13808
1.3100000000000009 0 1 950.05056044757782 1.7796694010129717 26184 26157 27 13354836 13341028 13808
1.320000000000001 0 1 1500.1834922480591 2.6333948051590927 27852 27783 27 14274764 14238372 13808
1.330000000000001 0 1 431.48197695341111 0.93219528120573802 29506 29479 27 15170756 15156948 13808
1.340000000000001 0 1 2324.3237738898101 4.314731062857887 31510 31482 27 16241912 16227528 13808
1.350000000000001 0 1 21.465278341278964 0.045670538904762872 32059 32032 27 16503620 16489812 13808
1.360000000000001 0 1 0.0 0.0 32209 32182 27 16517120 16503312 13808
1.370000000000001 0 1 0.0 0.0 32349 32322 27 16529720 16515912 13808
1.380000000000001 0 1 0.010255200004305456 0.00017638000009423377 32479 32452 27 16541420 16527612 13808
1.390000000000001 0 1 0.054979200007299008 0.00065448000006185171 32569 32542 27 16549520 16535712 13808
1.400000000000001 0 1 0.0 0.0 32749 32722 27 16565720 16551912 13808
1.410000000000001 0 1 0.0 0.0 32829 32802 27 16572920 16559112 13808
1.420000000000001 0 1 0.0 0.0 32946 32919 27 16583300 16569492 13808
1.430000000000001 0 1 0.0 0.0 33049 33022 27 16592720 16578912 13808
1.4400000000000011 0 1 0.0 0.0 33169 33142 27 16603520 16589712 13808
1.4500000000000011 0 1 0.0 0.0 33304 33277 27 16615420 16601612 13808
1.4600000000000011 0 1 0.0 0.0 33469 33442 27 16630520 16616712 13808
1.4700000000000011 0 1 0.0 0.0 33639 33612 27 16645320 16631512 13808
1.4800000000000011 0 1 0.0 0.0 33779 33752 27 16658420 16644612 13808
1.4900000000000011 0 1 0.0 0.0 33989 33962 27 16677320 16663512 13808
1.5000000000000011 0 1 0.0 0.0 34069 34042 27 16684520 16670712 13808
1.5100000000000011 0 1 0.0 0.0 34179 34152 27 16694420 16680612 13808
1.5200000000000011 0 1 0.0 0.0 34279 34252 27 16703420 16689612 13808
1.5300000000000011 0 1 0.0 0.0 34349 34322 27 16709720 16695912 13808
1.5400000000000011 0 1 0.0 0.0 34489 34462 27 16722320 16708512 13808
1.5500000000000012 0 1 0.041306200009749681 0.00055265500016332626 34629 34602 27 16734920 16721112 13808
1.5600000000000012 0 1 0.0 0.0 34799 34772 27 16750220 16736412 13808
1.5700000000000012 0 1 0.0 0.0 34879 34852 27 16757420 16743612 13808
1.5800000000000012 0 1 0.0 0.0 34999 34972 27 16768220 16754412 13808
1.5900000000000012 0 1 0.0 0.0 35109 35082 27 16778120 16764312 13808
1.6000000000000012 0 1 0.0 0.0 35229 35202 27 16788920 16775112 13808
1.6100000000000012 0 1 0.0 0.0 35379 35352 27 16802420 16788612 13808
1.6200000000000012 0 1 0.0 0.0 35449 35422 27 16808720 16794912 13808
1.6300000000000012 0 1 0.0 0.0 35549 35522 27 16817720 16803912 13808
1.6400000000000012 0 1 0.0 0.0 35644 35617 27 16823020 16809212 13808
1.6500000000000012 0 1 1207.457210381546 2.2960401246609785 37378 37351 27 17756764 17742956 13808
1.6600000000000013 0 1 691.34904465017053 1.27940996637672 39372 39345 27 18861568 18847760 13808
1.6700000000000013 0 1 781.43693347912938 1.4590076159511676 41379 41352 27 19961460 19947652 13808
1.6800000000000013 0 1 609.86848800518817 1.1088304945006113 43425 43396 27 21108616 21093656 13808
1.6900000000000013 0 1 698.81949125205983 1.3398443132599736 45362 45335 27 22155760 22141952 13808
1.7000000000000013 0 1 1.3441920249931616 0.0064912278659567885 45634 45607 27 22258120 22244312 13808
1.7100000000000013 0 1 104.36385280076966 0.20572920000119213 45827 45798 27 22319188 22304228 13808
1.7200000000000013 0 1 1180.4680426016507 2.1741588902620217 47812 47784 27 23413268 23398884 13808
1.7300000000000013 0 1 549.07602306379908 1.0190607513296914 49823 49795 27 24532724 24518340 13808
1.7400000000000013 0 1 546.46670497490186 1.0713011834234445 51904 51876 27 25663340 25648956 13808
1.7500000000000013 0 1 3636.4299006958508 6.7961139848770218 53946 53919 27 26771492 26757684 13808
1.7600000000000013 0 1 261.22514915849854 0.50705967620596715 55614 55587 27 27689820 27676012 13808
1.7700000000000014 0 1 0.072492000011692356 0.0010123000001582829 55749 55722 27 27702220 27688412 13808
1.7800000000000014 0 1 0.038498560003485914 0.00040246399999332956 55909 55882 27 27716620 27702812 13808
1.7900000000000014 0 1 0.0 0.0 56079 56052 27 27731920 27718112 13808
1.8000000000000014 0 1 0.0 0.0 56229 56202 27 27745420 27731612 13808
1.8100000000000014 0 1 0.0 0.0 56319 56292 27 27753520 27739712 13808
1.8200000000000014 0 1 0.0 0.0 56379 56352 27 27758920 27745112 13808
1.8300000000000014 0 1 0.056891520011426118 0.00062228800015162679 56539 56512 27 27773320 27759512 13808
1.8400000000000014 0 1 0.0 0.0 56674 56647 27 27785220 27771412 13808
1.8500000000000014 0 1 0.021037840002513502 0.00020594600000922706 56799 56772 27 27796720 27782912 13808
1.8600000000000014 0 1 0.0 0.0 56899 56872 27 27805720 27791912 13808
1.8700000000000014 0 1 0.0 0.0 57019 56992 27 27816520 27802712 13808
1.8800000000000014 0 1 0.0 0.0 57159 57132 27 27829120 27815312 13808
1.8900000000000015 0 1 0.0079864000039897506 0.00011966000008634115 57339 57312 27 27845320 27831512 13808
1.9000000000000015 0 1 0.0 0.0 57494 57467 27 27859020 27845212 13808
1.9100000000000015 0 1 0.0 0.0 57599 57572 27 27868720 27854912 13808
1.9200000000000015 0 1 0.0 0.0 57709 57682 27 27878620 27864812 13808
1.9300000000000015 0 1 0.0 0.0 57849 57822 27 27891220 27877412 13808
1.9400000000000015 0 1 0.0 0.0 57999 57972 27 27904720 27890912 13808
1.9500000000000015 0 1 0.0 0.0 58049 58022 27 27909220 27895412 13808
1.9600000000000015 0 1 0.0 0.0 58114 58087 27 27914820 27901012 13808
1.9700000000000015 0 1 0.0 0.0 58249 58222 27 27927220 27913412 13808
1.9800000000000015 0 1 0.038216200022311818 0.00029583000016319944 58379 58352 27 27938920 27925112 13808
1.9900000000000015 0 1 0.0 0.0 58529 58502 27 27952420 27938612 13808
2.0000000000000013 0 1 0.0 0.0 58599 58572 27 27958720 27944912 13808
2.0100000000000011 0 1 0.052872479983535628 0.0006018119999673516 58749 58722 27 27972220 27958412 13808
2.0200000000000009 0 1 0.0 0.0 58839 58812 27 27979320 27965512 13808
2.0300000000000007 0 1 537.25358622085832 1.1210539222380485 59662 59633 27 28361528 28346568 13808
2.0400000000000005 0 1 839.35356081904456 1.5386126243669969 61695 61668 27 29481756 29467948 13808
2.0500000000000003 0 1 907.2554202727639 1.7356961717366486 63718 63691 27 30554664 30540856 13808
2.0600000000000001 0 1 814.43981429683822 1.5717976558591198 65782 65755 27 31670628 31656820 13808
2.0699999999999998 0 1 1176.4839861196006 2.1835758027447327 67815 67788 27 32783316 32769508 13808
2.0799999999999996 0 1 353.26477105735569 0.6650126800357512 69074 69047 27 33434720 33420912 13808
2.0899999999999994 0 1 0.0 0.0 69224 69197 27 33448220 33434412 13808
2.0999999999999992 0 1 0.0 0.0 69354 69327 27 33459920 33446112 13808
2.109999999999999 0 1 0.0 0.0 69454 69427 27 33468920 33455112 13808
2.1199999999999988 0 1 0.0 0.0 69574 69547 27 33479720 33465912 13808
2.1299999999999986 0 1 0.0096911999900586143 0.00016227999979357213 69704 69677 27 33491420 33477612 13808
2.1399999999999983 0 1 0.0 0.0 69819 69792 27 33501520 33487712 13808
2.1499999999999981 0 1 0.0 0.0 69854 69827 27 33504920 33491112 13808
2.1599999999999979 0 1 0.0 0.0 69944 69917 27 33513020 33499212 13808
2.1699999999999977 0 1 0.049962799950621313 0.00049401999957511208 70094 70067 27 33526520 33512712 13808
2.1799999999999975 0 1 0.0 0.0 70234 70207 27 33539120 33525312 13808
2.1899999999999973 0 1 0.0 0.0 70374 70347 27 33551720 33537912 13808
2.1999999999999971 0 1 0.051177999978336809 0.00079944999971106082 70534 70507 27 33566120 33552312 13808
2.2099999999999969 0 1 0.035556799986125799 0.00032891999994789234 70664 70637 27 33577820 33564012 13808
2.2199999999999966 0 1 0.0 0.0 70754 70727 27 33585920 33572112 13808
2.2299999999999964 0 1 0.0 0.0 70904 70877 27 33598420 33584612 13808
2.2399999999999962 0 1 353.98035863123835 0.67381938489587168 71375 71348 27 33819436 33805628 13808
2.249999999999996 0 1 1126.3537097864455 2.0650042658852725 73372 73343 27 34916248 34901288 13808
2.2599999999999958 0 1 700.72333245382822 1.3393435325838985 75427 75400 27 36041608 36027800 13808
2.2699999999999956 0 1 1101.196498715344 2.0795337282609516 77494 77464 27 37178740 37163204 13808
2.2799999999999954 0 1 730.78683944019599 1.3416316943868642 79543 79510 27 38323336 38307680 13808
2.2899999999999952 0 1 354.50859874788983 0.66981495771544541 80854 80827 27 39027920 39014112 13808
2.2999999999999949 0 1 0.0 0.0 80959 80932 27 39037620 39023812 13808
2.3099999999999947 0 1 0.0 0.0 81074 81047 27 39047720 39033912 13808
2.3199999999999945 0 1 0.0 0.0 81139 81112 27 39053820 39040012 13808
2.3299999999999943 0 1 0.0 0.0 81269 81242 27 39065520 39051712 13808
2.3399999999999941 0 1 0.0 0.0 81414 81387 27 39078320 39064512 13808
2.3499999999999939 0 1 0.0 0.0 81514 81487 27 39082820 39069012 13808
2.3599999999999937 0 1 745.46782837891669 1.4709746003831328 83387 83360 27 40064108 40050300 13808
2.3699999999999934 0 1 780.54594809723267 1.4397319986810015 85394 85366 27 41173284 41159336 13808
2.3799999999999932 0 1 514.53619547041478 1.0806303183187325 87426 87398 27 42249632 42235248 13808
2.389999999999993 0 1 3066.0667793562693 5.7540952415097717 89202 89169 32 43223872 43207044 16252
2.3999999999999928 0 1 2194.0252295881191 4.1487364959249984 90737 90705 32 44054220 44037968 16252
2.4099999999999926 0 1 9.3051485776678646 0.022918490402279935 91121 91089 32 44226452 44210200 16252
2.4199999999999924 0 1 0.0 0.0 91241 91209 32 44237252 44221000 16252
2.4299999999999922 0 1 0.0 0.0 91361 91329 32 44248052 44231800 16252
2.439999999999992 0 1 0.0 0.0 91511 91479 32 44261552 44245300 16252
2.4499999999999917 0 1 0.0 0.0 91631 91599 32 44272352 44256100 16252
2.4599999999999915 0 1 0.0 0.0 91751 91719 32 44283152 44266900 16252
2.4699999999999913 0 1 0.0 0.0 91846 91814 32 44291452 44275200 16252
2.4799999999999911 0 1 0.0 0.0 91961 91929 32 44302052 44285800 16252
2.4899999999999909 0 1 0.0 0.0 92011 91979 32 44306552 44290300 16252
2.4999999999999907 0 1 0.0 0.0 92141 92109 32 44318252 44302000 16252
2.5099999999999905 0 1 0.0 0.0 92231 92199 32 44326352 44310100 16252
2.5199999999999902 0 1 0.0 0.0 92381 92349 32 44339852 44323600 16252
2.52999999999999 0 1 0.0 0.0 92491 92459 32 44349752 44333500 16252
2.5399999999999898 0 1 0.073599999970143562 0.0010399999996746566 92681 92649 32 44366852 44350600 16252
2.5499999999999896 0 1 0.0 0.0 92791 92759 32 44376752 44360500 16252
2.5599999999999894 0 1 0.0 0.0 92921 92889 32 44388452 44372200 16252
2.5699999999999892 0 1 0.0 0.0 92996 92964 32 44394952 44378700 16252
2.579999999999989 0 1 5.2088831998674978 0.0090431999997699613 93049 93017 32 44401860 44385608 16252
2.5899999999999888 0 1 1090.5065332378274 2.1118981617199499 95044 95011 32 45462820 45445992 16252
2.5999999999999885 0 1 780.2105049796171 1.4143718413184594 97014 96978 32 46573240 46554684 16252
2.6099999999999883 0 1 946.06888536672386 1.7201751324527426 99015 98983 32 47686936 47670684 16252
2.6199999999999881 0 1 681.24361608262711 1.2969639613288397 101062 101030 32 48802828 48786576 16252
2.6299999999999879 0 1 445.23823008118262 0.83848858514971714 102908 102876 32 49831400 49815148 16252
2.6399999999999877 0 1 15.704395020016172 0.035971813573888116 103535 103503 32 50138740 50122488 16252
2.6499999999999875 0 1 0.0 0.0 103655 103623 32 50149540 50133288 16252
2.6599999999999873 0 1 0.0 0.0 103745 103713 32 50157640 50141388 16252
2.6699999999999871 0 1 0.0 0.0 103835 103803 32 50165740 50149488 16252
2.6799999999999868 0 1 0.040191999975292846 0.00052479999963496178 103955 103923 32 50176540 50160288 16252
2.6899999999999866 0 1 0.0 0.0 104095 104063 32 50189140 50172888 16252
2.6999999999999864 0 1 0.0 0.0 104235 104203 32 50201740 50185488 16252
2.7099999999999862 0 1 0.0 0.0 104285 104253 32 50206240 50189988 16252
2.719999999999986 0 1 0.0 0.0 104425 104393 32 50218840 50202588 16252
2.7299999999999858 0 1 0.0 0.0 104565 104533 32 50231440 50215188 16252
2.7399999999999856 0 1 0.0081183999931512887 0.00012295999987088898 104695 104663 32 50243140 50226888 16252
2.7499999999999853 0 1 0.0 0.0 104815 104783 32 50253940 50237688 16252
2.7599999999999851 0 1 0.0 0.0 104945 104913 32 50265640 50249388 16252
2.7699999999999849 0 1 0.0 0.0 104985 104953 32 50269240 50252988 16252
2.7799999999999847 0 1 0.0 0.0 105055 105023 32 50275040 50258788 16252
2.7899999999999845 0 1 250.56789084105964 0.53353662574419114 105324 105275 32 50370664 50346800 16252
2.7999999999999843 0 1 1134.2758892300747 2.2804807612641071 107370 107334 32 51472400 51453844 16252
2.8099999999999841 0 1 675.0927651713564 1.2287676057431791 109414 109379 32 52613544 52595564 16252
2.8199999999999839 0 1 920.65675001566922 1.7196900024893857 111413 111376 32 53696928 53677796 16252
2.8299999999999836 0 1 651.01513879727747 1.1594653078552033 113409 113377 32 54822324 54806072 16252
2.8399999999999834 0 1 431.21752975014965 0.82596110829078018 115060 115028 32 55709240 55692988 16252
2.8499999999999832 0 1 0.0 0.0 115210 115178 32 55722740 55706488 16252
2.859999999999983 0 1 0.0 0.0 115360 115328 32 55736240 55719988 16252
2.8699999999999828 0 1 0.0 0.0 115480 115448 32 55747040 55730788 16252
2.8799999999999826 0 1 0.0 0.0 115640 115608 32 55761440 55745188 16252
2.8899999999999824 0 1 0.0 0.0 115700 115668 32 55766840 55750588 16252
2.8999999999999821 0 1 0.0 0.0 115800 115768 32 55775840 55759588 16252
2.9099999999999819 0 1 0.0 0.0 115875 115843 32 55780840 55764588 16252
2.9199999999999817 0 1 809.1875576458732 1.5773384615662136 116975 116939 32 56343040 56324484 16252
2.9299999999999815 0 1 934.3041513656608 1.78796341366309 119039 119007 32 57463364 57447112 16252
2.9399999999999813 0 1 638.42776811351541 1.2398272737951286 121120 121087 32 58589620 58572792 16252
2.9499999999999811 0 1 566.21026852631087 1.0120825153042239 123163 123127 32 59746948 59728392 16252
2.9599999999999809 0 1 975.97302270338719 1.7788798990720103 125153 125121 32 60844412 60828160 16252
2.9699999999999807 0 1 29.191408406037045 0.070359138898947016 125940 125908 32 61221440 61205188 16252
2.9799999999999804 0 1 0.0 0.0 126025 125993 32 61229340 61213088 16252
2.9899999999999802 0 1 0.0 0.0 126130 126098 32 61238540 61222288 16252
2.99999999999998 0 1 0.0 0.0 126215 126183 32 61246440 61230188 16252
3.0099999999999798 0 1 0.0 0.0 126300 126268 32 61252840 61236588 16252
3.0199999999999796 0 1 286.44902755624236 0.567728592791784 126757 126725 32 61463612 61447360 16252
3.0299999999999794 0 1 749.39109677119916 1.4055887058713823 128810 128777 32 62597540 62580712 16252
3.0399999999999792 0 1 777.05873339449613 1.4264479116761069 130847 130815 32 63727112 63710860 16252
3.049999999999979 0 1 917.96204756883651 1.780242697863337 132860 132828 32 64794260 64778008 16252
3.0599999999999787 0 1 708.53331127507863 1.3278120366262696 134931 134899 32 65938556 65922304 16252
3.0699999999999785 0 1 368.77172998791059 0.69105817075018428 136340 136308 32 66690940 66674688 16252
3.0799999999999783 0 1 0.0 0.0 136440 136408 32 66699940 66683688 16252
3.0899999999999781 0 1 0.0 0.0 136525 136493 32 66706340 66690088 16252
3.0999999999999779 0 1 627.11108311103669 1.2314755214253554 137602 137568 32 67254792 67237388 16252
3.1099999999999777 0 1 848.12073875947715 1.553102458290023 139601 139567 32 68367336 68349932 16252
3.1199999999999775 0 1 592.84803747003014 1.1501341900355366 141704 141672 32 69510624 69494372 16252
3.1299999999999772 0 1 859.20365547618633 1.6177600258962321 143743 143710 32 70617048 70600220 16252
3.139999999999977 0 1 1811.4816021948977 3.4180485865365213 145770 145735 32 71740860 71722880 16252
3.1499999999999768 0 1 126.99913536627325 0.23305064749222168 146525 146493 32 72140840 72124588 16252
3.1599999999999766 0 1 0.0013111999983550784 3.2779999958876958e-05 146720 146688 32 72158140 72141888 16252
3.1699999999999764 0 1 0.0 0.0 146820 146788 32 72167140 72150888 16252
3.1799999999999762 0 1 0.0 0.0 146945 146913 32 72178640 72162388 16252
3.189999999999976 0 1 0.0219807999837234 0.00030951999971940531 147120 147088 32 72192640 72176388 16252
3.1999999999999758 0 1 452.31403960087141 0.89440635912307576 147980 147947 32 72616600 72599772 16252
3.2099999999999755 0 1 816.95558227257459 1.4925609403625957 150005 149971 32 73744120 73726716 16252
3.2199999999999753 0 1 765.57556225153667 1.4413802120272963 152048 152016 32 74843128 74826876 16252
3.2299999999999751 0 1 628.32993950954074 1.1713325647761312 154075 154042 32 75981520 75964692 16252
3.2399999999999749 0 1 542.16938440542856 1.0653197810169828 156185 156151 32 77119120 77101716 16252
3.2499999999999747 0 1 1164.0600931244628 2.2250943775180363 157210 157178 32 77635740 77619488 16252
3.2599999999999745 0 1 0.0 0.0 157340 157308 32 77647440 77631188 16252
3.2699999999999743 0 1 0.0 0.0 157380 157348 32 77651040 77634788 16252
3.279999999999974 0 1 0.0 0.0 157460 157428 32 77658240 77641988 16252
3.2899999999999738 0 1 0.0 0.0 157600 157568 32 77670840 77654588 16252
3.2999999999999736 0 1 0.0 0.0 157730 157698 32 77682540 77666288 16252
3.3099999999999734 0 1 0.0 0.0 157860 157828 32 77694240 77677988 16252
3.3199999999999732 0 1 0.0 0.0 158010 157978 32 77707740 77691488 16252
3.329999999999973 0 1 0.0 0.0 158130 158098 32 77718540 77702288 16252
3.3399999999999728 0 1 0.0 0.0 158285 158253 32 77732240 77715988 16252
3.3499999999999726 0 1 0.0 0.0 158500 158468 32 77751840 77735588 16252
3.3599999999999723 0 1 0.0 0.0 158700 158668 32 77769840 77753588 16252
3.3699999999999721 0 1 0.049745399980595191 0.00052363499989384061 158840 158808 32 77782440 77766188 16252
3.3799999999999719 0 1 0.0040487999957151445 0.0001012199998928786 158960 158928 32 77793240 77776988 16252
3.3899999999999717 0 1 0.0 0.0 159050 159018 32 77801340 77785088 16252
3.3999999999999715 0 1 0.0 0.0 159200 159168 32 77814840 77798588 16252
3.4099999999999713 0 1 0.0 0.0 159310 159278 32 77824240 77807988 16252
3.4199999999999711 0 1 0.0 0.0 159420 159388 32 77834640 77818388 16252
3.4299999999999708 0 1 0.0 0.0 159520 159488 32 77843640 77827388 16252
3.4399999999999706 0 1 0.070399999970051474 0.00095999999967235456 159660 159628 32 77856240 77839988 16252
3.4499999999999704 0 1 0.0 0.0 159760 159728 32 77865240 77848988 16252
3.4599999999999702 0 1 0.0 0.0 159880 159848 32 77876040 77859788 16252
3.46999999999997 0 1 0.0 0.0 160030 159998 32 77889540 77873288 16252
3.4799999999999698 0 1 0.0 0.0 160160 160128 32 77901240 77884988 16252
3.4899999999999696 0 1 0.0 0.0 160280 160248 32 77912040 77895788 16252
3.4999999999999694 0 1 0.0 0.0 160365 160333 32 77917440 77901188 16252
3.5099999999999691 0 1 521.07672717842956 0.97035646674792209 161320 161287 32 78406340 78389512 16252
3.5199999999999689 0 1 905.40770213009387 1.6716458185056648 163327 163295 32 79508912 79492660 16252
3.5299999999999687 0 1 886.89939547113113 1.6835852319465077 165373 165341 32 80604788 80588536 16252
3.5399999999999685 0 1 803.71587336127834 1.4854543710498864 167383 167349 32 81723668 81706264 16252
3.5499999999999683 0 1 1403.7288603355021 2.7734151217557437 169449 169413 32 82834116 82816868 16252
3.5599999999999681 0 1 121.90047013533676 0.2322434088839081 170465 170433 32 83361940 83345688 16252
3.5699999999999679 0 1 0.0 0.0 170585 170553 32 83372740 83356488 16252
3.5799999999999677 0 1 0.0 0.0 170665 170633 32 83379940 83363688 16252
3.5899999999999674 0 1 0.0 0.0 170760 170728 32 83388240 83371988 16252
3.5999999999999672 0 1 0.0 0.0 170845 170813 32 83396140 83379888 16252
3.609999999999967 0 1 0.038056699938061302 0.00034040499952148922 170990 170958 32 83408940 83392688 16252
3.6199999999999668 0 1 0.0 0.0 171065 171033 32 83412940 83396688 16252
3.6299999999999666 0 1 774.65023191367004 1.4867542953430275 172646 172613 32 84242976 84226148 16252
3.6399999999999664 0 1 735.63945586897682 1.3381725640926163 174670 174637 32 85365560 85348732 16252
3.6499999999999662 0 1 717.830984431807 1.3591414885403563 176716 176683 32 86485736 86468908 16252
3.6599999999999659 0 1 660.98732234661509 1.2336100365191878 178747 178714 32 87606992 87590164 16252
3.6699999999999657 0 1 1674.0936015879399 3.0457055787496783 180703 180670 32 88689908 88673080 16252
3.6799999999999655 0 1 1392.4588987518246 2.6413507064646189 182750 182717 32 89800940 89784112 16252
3.6899999999999653 0 1 833.54213479335272 1.5482481073119445 184790 184756 32 90922520 90905116 16252
3.6999999999999651 0 1 882.01404172107584 1.6275813698795174 186822 186785 32 92039928 92021668 16252
3.7099999999999649 0 1 988.79976985622056 1.8329378759013473 188801 188769 32 93121076 93104824 16252
3.7199999999999647 0 1 541.2840839022715 1.0314106640764151 190815 190783 32 94221764 94205512 16252
3.7299999999999645 0 1 5.3825405778565463 0.012841920281969895 191065 191033 32 94282440 94266188 16252
3.7399999999999642 0 1 0.0 0.0 191120 191088 32 94287140 94270888 16252
3.749999999999964 0 1 0.0 0.0 191195 191163 32 94294140 94277888 16252
3.7599999999999638 0 1 0.0 0.0 191285 191253 32 94302240 94285988 16252
3.7699999999999636 0 1 0.0 0.0 191385 191353 32 94311240 94294988 16252
3.7799999999999634 0 1 0.0 0.0 191535 191503 32 94324740 94308488 16252
3.7899999999999632 0 1 0.0 0.0 191665 191633 32 94336440 94320188 16252
3.799999999999963 0 1 0.050571999916649811 0.00042979999936855001 191765 191733 32 94345440 94329188 16252
3.8099999999999627 0 1 0.048062879979938661 0.0004815719998774273 191915 191883 32 94358940 94342688 16252
3.8199999999999625 0 1 0.0 0.0 192010 191978 32 94367240 94350988 16252
3.8299999999999623 0 1 0.0 0.0 192155 192123 32 94380540 94364288 16252
3.8399999999999621 0 1 0.0 0.0 192305 192273 32 94394040 94377788 16252
3.8499999999999619 0 1 0.0 0.0 192405 192373 32 94403040 94386788 16252
3.8599999999999617 0 1 0.057862799977216453 0.0006465699998514789 192505 192473 32 94412040 94395788 16252
3.8699999999999615 0 1 0.0 0.0 192604 192572 32 94420900 94404648 16252
3.8799999999999613 0 1 0.0 0.0 192685 192653 32 94428240 94411988 16252
3.889999999999961 0 1 0.0 0.0 192775 192743 32 94436340 94420088 16252
3.8999999999999608 0 1 0.0 0.0 192855 192823 32 94442540 94426288 16252
3.9099999999999606 0 1 498.08231294957216 1.0306878083495394 193609 193577 32 94787684 94771432 16252
3.9199999999999604 0 1 532.69852243406217 0.97765603992765326 195582 195549 32 95894972 95878144 16252
3.9299999999999602 0 1 600.22118665980383 1.114993109827968 197649 197615 32 97036964 97019560 16252
3.93999999999996 0 1 692.83203331920322 1.3164744484300441 199709 199675 32 98155484 98138080 16252
3.9499999999999598 0 1 722.98361467635721 1.3795850550473459 201761 201726 32 99259676 99241696 16252
3.9599999999999596 0 1 343.65576642432802 0.67973927885784169 202950 202918 32 99885340 99869088 16252
3.9699999999999593 0 1 0.0 0.0 203008 202976 32 99889160 99872908 16252
3.9799999999999591 0 1 1010.1753618532936 1.8785070970607842 204726 204694 32 100813296 100797044 16252
3.9899999999999589 0 1 859.34277966396633 1.5829453340098336 206723 206691 32 101900388 101884136 16252
3.9999999999999587 0 1 795.43160235328639 1.4906175210670154 208725 208693 32 103000080 102983828 16252
4.0099999999999589 0 1 855.31592762868922 1.5738307618741478 210716 210684 32 104093436 104077184 16252
4.0199999999999587 0 1 874.46643844819096 1.6106617192617978 212602 212570 32 105130996 105114744 16252
4.0299999999999585 0 1 29.636159919506888 0.075645030212980136 213115 213083 32 105333440 105317188 16252
4.0399999999999583 0 1 0.0 0.0 213265 213233 32 105346940 105330688 16252
4.0499999999999581 0 1 0.0 0.0 213325 213293 32 105352340 105336088 16252
4.0599999999999579 0 1 0.0 0.0 213410 213378 32 105359740 105343488 16252
4.0699999999999577 0 1 0.0 0.0 213575 213543 32 105374840 105358588 16252
4.0799999999999574 0 1 0.049394599974662501 0.00042138999978292636 213755 213723 32 105391040 105374788 16252
4.0899999999999572 0 1 0.0 0.0 213905 213873 32 105404540 105388288 16252
4.099999999999957 0 1 0.0 0.0 214005 213973 32 105413540 105397288 16252
4.1099999999999568 0 1 0.0 0.0 214095 214063 32 105421640 105405388 16252
4.1199999999999566 0 1 0.0 0.0 214225 214193 32 105433340 105417088 16252
4.1299999999999564 0 1 0.0 0.0 214300 214268 32 105439840 105423588 16252
4.1399999999999562 0 1 0.0 0.0 214475 214443 32 105455840 105439588 16252
4.1499999999999559 0 1 0.0 0.0 214700 214668 32 105475840 105459588 16252
4.1599999999999557 0 1 0.021200900075513569 0.00015143500053938264 214785 214753 32 105483740 105467488 16252
4.1699999999999555 0 1 0.0 0.0 214875 214843 32 105491840 105475588 16252
4.1799999999999553 0 1 0.0 0.0 214965 214933 32 105499940 105483688 16252
4.1899999999999551 0 1 0.0 0.0 215030 214998 32 105505540 105489288 16252
4.1999999999999549 0 1 0.0 0.0 215125 215093 32 105514340 105498088 16252
4.2099999999999547 0 1 0.0 0.0 215265 215233 32 105526940 105510688 16252
4.2199999999999545 0 1 0.0 0.0 215395 215363 32 105538640 105522388 16252
4.2299999999999542 0 1 0.0 0.0 215545 215513 32 105552140 105535888 16252
4.239999999999954 0 1 0.0 0.0 215795 215763 32 105574640 105558388 16252
4.2499999999999538 0 1 0.0 0.0 215895 215863 32 105583640 105567388 16252
4.2599999999999536 0 1 0.0 0.0 215995 215963 32 105592640 105576388 16252
4.2699999999999534 0 1 0.0036148000504000128 2.5820000360000089e-05 216205 216173 32 105611540 105595288 16252
4.2799999999999532 0 1 0.0 0.0 216310 216278 32 105620740 105604488 16252
4.289999999999953 0 1 0.0 0.0 216395 216363 32 105628640 105612388 16252
4.2999999999999527 0 1 0.073599999979025346 0.0010399999998967012 216585 216553 32 105645740 105629488 16252
4.3099999999999525 0 1 0.0 0.0 216680 216648 32 105654040 105637788 16252
4.3199999999999523 0 1 100.0943769667245 0.21279686400595307 216911 216879 32 105732636 105716384 16252
4.3299999999999521 0 1 1000.8297621911531 1.7966241069691185 218903 218871 32 106848368 106832116 16252
4.3399999999999519 0 1 904.59172342723105 1.7712316562226094 220990 220957 32 107973540 107956712 16252
4.3499999999999517 0 1 1088.393262847997 2.0407954863629998 223048 223016 32 109105488 109089236 16252
4.3599999999999515 0 1 779.96810603569133 1.5233367687456192 225120 225087 32 110211480 110194652 16252
4.3699999999999513 0 1 778.77047838924682 1.4614828503008637 227234 227200 32 111375684 111358280 16252
4.379999999999951 0 1 660.66853194566761 1.2028149756659701 229237 229204 32 112495392 112478564 16252
4.3899999999999508 0 1 734.32723797662447 1.3957490646324309 231300 231266 32 113620500 113603096 16252
4.3999999999999506 0 1 809.31555268975524 1.5151760038489714 233351 233315 32 114743556 114725000 16252
4.4099999999999504 0 1 800.63363890543008 1.4976249983938636 235355 235318 32 115841720 115824196 16252
4.4199999999999502 0 1 263.51665111015978 0.52948727697029763 236665 236633 32 116519440 116503188 16252
4.42999999999995 0 1 0.0 0.0 236795 236763 32 116531140 116514888 16252
4.4399999999999498 0 1 0.0 0.0 236915 236883 32 116541940 116525688 16252
4.4499999999999496 0 1 0.0 0.0 237075 237043 32 116556340 116540088 16252
4.4599999999999493 0 1 0.0 0.0 237245 237213 32 116571640 116555388 16252
4.4699999999999491 0 1 0.0 0.0 237425 237393 32 116587840 116571588 16252
4.4799999999999489 0 1 0.0 0.0 237535 237503 32 116597740 116581488 16252
4.4899999999999487 0 1 0.0 0.0 237635 237603 32 116606740 116590488 16252
4.4999999999999485 0 1 0.0 0.0 237685 237653 32 116611240 116594988 16252
4.5099999999999483 0 1 0.0 0.0 237755 237723 32 116617540 116601288 16252
4.5199999999999481 0 1 0.0 0.0 237915 237883 32 116631940 116615688 16252
4.5299999999999478 0 1 0.0 0.0 238095 238063 32 116648140 116631888 16252
4.5399999999999476 0 1 0.0 0.0 238255 238223 32 116662540 116646288 16252
4.5499999999999474 0 1 0.035720559981911801 0.00033301399984254231 238390 238358 32 116674440 116658188 16252
4.5599999999999472 0 1 0.0 0.0 238585 238553 32 116692240 116675988 16252
4.569999999999947 0 1 0.0 0.0 238760 238728 32 116707740 116691488 16252
4.5799999999999468 0 1 0.0 0.0 238870 238838 32 116717640 116701388 16252
4.5899999999999466 0 1 0.0 0.0 239025 238993 32 116731840 116715588 16252
4.5999999999999464 0 1 0.035756719977798265 0.00033391799973970393 239120 239088 32 116739140 116722888 16252
4.6099999999999461 0 1 318.63558431753171 0.62643865948858402 239672 239638 32 116990052 116972648 16252
4.6199999999999459 0 1 870.52742895808751 1.5966880220178565 241703 241671 32 118116168 118099916 16252
4.6299999999999457 0 1 787.0432666274753 1.5624734053925393 243838 243799 32 119251780 119232804 16252
4.6399999999999455 0 1 793.90733896524557 1.4763479106514192 245848 245814 32 120357888 120340484 16252
4.6499999999999453 0 1 952.2479172131508 1.7831561945623011 247919 247885 32 121477884 121460480 16252
4.6599999999999451 0 1 538.41022748075363 1.0661091841218222 249300 249268 32 122189340 122173088 16252
4.6699999999999449 0 1 318.0749822248597 0.70276541192556941 249807 249775 32 122396572 122380320 16252
4.6799999999999446 0 1 629.46949820318628 1.1901466095930933 251842 251808 32 123518632 123501228 16252
4.6899999999999444 0 1 1779.5157193454706 3.1848215736211007 253912 253879 32 124656312 124639484 16252
4.6999999999999442 0 1 844.16643833058686 1.5714117944680142 255923 255890 32 125761188 125744360 16252
4.709999999999944 0 1 785.70417819206148 1.4874479141467984 257996 257962 32 126887196 126869792 16252
4.7199999999999438 0 1 632.5016896865634 1.1719333572102892 260077 260045 32 128037252 128021000 16252
4.7299999999999436 0 1 571.83210092223408 1.0660298174929088 262116 262083 32 129167976 129151148 16252
4.7399999999999434 0 1 678.99020422958847 1.2490056986407527 264199 264165 32 130319184 130301780 16252
4.7499999999999432 0 1 996.64025946863171 1.8572768202889951 266196 266164 32 131415996 131399744 16252
4.7599999999999429 0 1 747.04513945055237 1.3588393616781613 268212 268179 32 132533472 132516644 16252
4.7699999999999427 0 1 108.16508940282129 0.22316425625570821 269220 269188 32 133049140 133032888 16252
4.7799999999999425 0 1 0.0 0.0 269320 269288 32 133058140 133041888 16252
4.7899999999999423 0 1 0.00033640000651758589 8.4100001629396479e-06 269400 269368 32 133065340 133049088 16252
4.7999999999999421 0 1 0.0 0.0 269540 269508 32 133077940 133061688 16252
4.8099999999999419 0 1 0.0 0.0 269640 269608 32 133086940 133070688 16252
4.8199999999999417 0 1 0.0 0.0 269785 269753 32 133099740 133083488 16252
4.8299999999999415 0 1 0.0 0.0 269860 269828 32 133106740 133090488 16252
4.8399999999999412 0 1 0.055038000002839489 0.0008959500003236278 269950 269918 32 133114840 133098588 16252
4.849999999999941 0 1 0.0 0.0 270080 270048 32 133126540 133110288 16252
4.8599999999999408 0 1 0.0 0.0 270200 270168 32 133137340 133121088 16252
4.8699999999999406 0 1 0.0 0.0 270400 270368 32 133155340 133139088 16252
4.8799999999999404 0 1 0.0 0.0 270520 270488 32 133166140 133149888 16252
4.8899999999999402 0 1 0.0 0.0 270685 270653 32 133180740 133164488 16252
4.89999999999994 0 1 0.037239759979713308 0.00037099399978758011 270890 270858 32 133199440 133183188 16252
4.9099999999999397 0 1 0.0 0.0 271030 270998 32 133212040 133195788 16252
4.9199999999999395 0 1 0.0 0.0 271150 271118 32 133222840 133206588 16252
4.9299999999999393 0 1 0.0 0.0 271270 271238 32 133233640 133217388 16252
4.9399999999999391 0 1 0.0 0.0 271370 271338 32 133242640 133226388 16252
4.9499999999999389 0 1 0.0 0.0 271490 271458 32 133253440 133237188 16252
4.9599999999999387 0 1 0.0 0.0 271630 271598 32 133266040 133249788 16252
4.9699999999999385 0 1 0.0 0.0 271740 271708 32 133275940 133259688 16252
4.9799999999999383 0 1 0.0 0.0 271830 271798 32 133284040 133267788 16252
4.989999999999938 0 1 0.0 0.0 271920 271888 32 133292140 133275888 16252
4.9999999999999378 0 1 0.0 0.0 272100 272068 32 133308340 133292088 16252
5.0099999999999376 0 1 0.0 0.0 272190 272158 32 133316440 133300188 16252
5.0199999999999374 0 1 0.0 0.0 272300 272268 32 133326340 133310088 16252
5.0299999999999372 0 1 0.0 0.0 272430 272398 32 133338040 133321788 16252
5.039999999999937 0 1 0.0 0.0 272510 272478 32 133345240 133328988 16252
5.0499999999999368 0 1 0.0 0.0 272660 272628 32 133358740 133342488 16252
5.0599999999999365 0 1 0.0067048000111925897 8.7620000321921504e-05 272810 272778 32 133372240 133355988 16252
5.0699999999999363 0 1 0.0 0.0 272900 272868 32 133380340 133364088 16252
5.0799999999999361 0 1 0.0 0.0 273030 272998 32 133392040 133375788 16252
5.0899999999999359 0 1 0.0 0.0 273195 273163 32 133406640 133390388 16252
5.0999999999999357 0 1 0.0 0.0 273290 273258 32 133415440 133399188 16252
5.1099999999999355 0 1 0.0 0.0 273490 273458 32 133433440 133417188 16252
5.1199999999999353 0 1 0.0 0.0 273570 273538 32 133440640 133424388 16252
5.1299999999999351 0 1 0.0 0.0 273670 273638 32 133449640 133433388 16252
5.1399999999999348 0 1 0.0 0.0 273820 273788 32 133463140 133446888 16252
5.1499999999999346 0 1 0.0 0.0 273930 273898 32 133473040 133456788 16252
5.1599999999999344 0 1 0.0 0.0 274050 274018 32 133483840 133467588 16252
5.1699999999999342 0 1 0.0 0.0 274180 274148 32 133495540 133479288 16252
5.179999999999934 0 1 0.03888799999884978 0.00049220000022388518 274340 274308 32 133509940 133493688 16252
5.1899999999999338 0 1 0.0 0.0 274470 274438 32 133521640 133505388 16252
5.1999999999999336 0 1 0.0 0.0 274635 274603 32 133535740 133519488 16252
5.2099999999999334 0 1 325.41956194207683 0.68824590526023544 275097 275065 32 133724592 133708340 16252
5.2199999999999331 0 1 876.01147017639016 1.7071197122314894 277175 277142 32 134837900 134821072 16252
5.2299999999999329 0 1 1119.6263073418902 2.0562387365206098 279216 279184 32 135953516 135937264 16252
5.2399999999999327 0 1 860.23525780298326 1.6463691947585697 281247 281214 32 137035892 137019064 16252
5.2499999999999325 0 1 942.36063244862453 1.7700767180059018 283292 283255 32 138149560 138131500 16252
5.2599999999999323 0 1 882.1721339817841 1.6978431571623183 285367 285335 32 139277792 139261540 16252
5.2699999999999321 0 1 772.40761254282666 1.4119030139628865 287424 287390 32 140416740 140399336 16252
5.2799999999999319 0 1 998.38425302076246 1.9024832341712334 289474 289442 32 141521924 141505672 16252
5.2899999999999316 0 1 1122.4930869524558 1.9703246765663238 291426 291392 32 142631696 142614292 16252
5.2999999999999314 0 1 765.93908921159402 1.4063013753835862 293384 293351 32 143730344 143713516 16252
5.3099999999999312 0 1 226.67923244024615 0.45390091741764749 294680 294648 32 144407040 144390788 16252
5.319999999999931 0 1 0.0 0.0 294835 294803 32 144420740 144404488 16252
5.3299999999999308 0 1 0.0 0.0 294930 294898 32 144429540 144413288 16252
5.3399999999999306 0 1 0.0 0.0 295060 295028 32 144441240 144424988 16252
5.3499999999999304 0 1 0.0 0.0 295180 295148 32 144452040 144435788 16252
5.3599999999999302 0 1 0.0 0.0 295295 295263 32 144462140 144445888 16252
5.3699999999999299 0 1 0.0 0.0 295410 295378 32 144472740 144456488 16252
5.3799999999999297 0 1 0.0 0.0 295540 295508 32 144484440 144468188 16252
5.3899999999999295 0 1 0.070399999977156902 0.00095999999984999025 295735 295703 32 144501740 144485488 16252
5.3999999999999293 0 1 0.0 0.0 295910 295878 32 144517740 144501488 16252
5.4099999999999291 0 1 0.0 0.0 296090 296058 32 144533940 144517688 16252
5.4199999999999289 0 1 0.0 0.0 296215 296183 32 144544940 144528688 16252
5.4299999999999287 0 1 0.00076640000656881784 1.9160000164220447e-05 296405 296373 32 144562040 144545788 16252
5.4399999999999284 0 1 0.0 0.0 296540 296508 32 144574440 144558188 16252
5.4499999999999282 0 1 0.0 0.0 296620 296588 32 144581640 144565388 16252
5.459999999999928 0 1 0.0 0.0 296690 296658 32 144587940 144571688 16252
5.4699999999999278 0 1 0.0 0.0 296890 296858 32 144605940 144589688 16252
5.4799999999999276 0 1 0.0 0.0 297020 296988 32 144617640 144601388 16252
5.4899999999999274 0 1 0.0 0.0 297090 297058 32 144621440 144605188 16252
5.4999999999999272 0 1 782.98127943035354 1.5060196792693648 298403 298370 32 145319228 145302400 16252
5.509999999999927 0 1 841.34059695184669 1.6490071438154525 300495 300462 32 146434060 146417232 16252
5.5199999999999267 0 1 768.47140370511624 1.4223830662432795 302514 302481 32 147551084 147534256 16252
5.5299999999999265 0 1 841.49109179467928 1.635096680883698 304620 304588 32 148671800 148655548 16252
5.5399999999999263 0 1 686.42738805531144 1.2433926030178719 306612 306580 32 149794716 149778464 16252
5.5499999999999261 0 1 45.668582520580522 0.10030832385794711 307195 307163 32 150066640 150050388 16252
5.5599999999999259 0 1 0.0 0.0 307295 307263 32 150075640 150059388 16252
5.5699999999999257 0 1 0.0 0.0 307335 307303 32 150079240 150062988 16252
5.5799999999999255 0 1 0.0 0.0 307455 307423 32 150090040 150073788 16252
5.5899999999999253 0 1 0.0081264000080240664 0.00012316000024270842 307600 307568 32 150102840 150086588 16252
5.599999999999925 0 1 0.018122400007314739 0.00021306000030918881 307695 307663 32 150111640 150095388 16252
5.6099999999999248 0 1 0.0 0.0 307855 307823 32 150126040 150109788 16252
5.6199999999999246 0 1 0.0 0.0 307965 307933 32 150135940 150119688 16252
5.6299999999999244 0 1 0.037460639976672726 0.00037651599971156549 308125 308093 32 150150340 150134088 16252
5.6399999999999242 0 1 0.0 0.0 308235 308203 32 150160240 150143988 16252
5.649999999999924 0 1 0.0 0.0 308335 308303 32 150169240 150152988 16252
5.6599999999999238 0 1 0.0 0.0 308475 308443 32 150181840 150165588 16252
5.6699999999999235 0 1 0.0 0.0 308645 308613 32 150197140 150180888 16252
5.6799999999999233 0 1 0.0 0.0 308765 308733 32 150207940 150191688 16252
5.6899999999999231 0 1 0.0 0.0 308895 308863 32 150219640 150203388 16252
5.6999999999999229 0 1 0.0 0.0 309010 308978 32 150229740 150213488 16252
5.7099999999999227 0 1 0.0 0.0 309185 309153 32 150245740 150229488 16252
5.7199999999999225 0 1 0.0 0.0 309295 309263 32 150255640 150239388 16252
5.7299999999999223 0 1 0.0 0.0 309415 309383 32 150266440 150250188 16252
5.7399999999999221 0 1 0.0 0.0 309505 309473 32 150274540 150258288 16252
5.7499999999999218 0 1 0.0 0.0 309655 309623 32 150288040 150271788 16252
5.7599999999999216 0 1 0.0 0.0 309805 309773 32 150301540 150285288 16252
5.7699999999999214 0 1 0.0 0.0 309925 309893 32 150312340 150296088 16252
5.7799999999999212 0 1 0.0 0.0 309980 309948 32 150317040 150300788 16252
5.789999999999921 0 1 9.3265920002070004 0.016192000000359374 310075 310043 32 150326700 150310448 16252
5.7999999999999208 0 1 1042.5638077057251 1.9297055975032917 312056 312020 32 151420476 151401920 16252
5.8099999999999206 0 1 707.13889885921526 1.2702469423322698 314077 314042 32 152565132 152547152 16252
5.8199999999999203 0 1 664.49956613277971 1.2170386374976065 316128 316094 32 153707628 153690224 16252
5.8299999999999201 0 1 1142.8724712947319 2.1034177685116178 318083 318051 32 154794828 154778576 16252
5.8399999999999199 0 1 1236.3773744227815 2.2043889975915691 319732 319700 32 155709928 155693676 16252
5.8499999999999197 0 1 0.0 0.0 319850 319818 32 155738840 155722588 16252
5.8599999999999195 0 1 0.0 0.0 320000 319968 32 155752340 155736088 16252
5.8699999999999193 0 1 0.0 0.0 320135 320103 32 155764240 155747988 16252
5.8799999999999191 0 1 0.029278400010213715 0.00049196000038166318 320250 320218 32 155774840 155758588 16252
5.8899999999999189 0 1 0.0 0.0 320322 320290 32 155781220 155764968 16252
5.8999999999999186 0 1 0.0 0.0 320450 320418 32 155792840 155776588 16252
5.9099999999999184 0 1 0.0 0.0 320565 320533 32 155802940 155786688 16252
5.9199999999999182 0 1 0.057518999973639302 0.00071797499971994335 320670 320638 32 155812640 155796388 16252
5.929999999999918 0 1 0.0 0.0 320780 320748 32 155822540 155806288 16252
5.9399999999999178 0 1 0.0 0.0 320940 320908 32 155836940 155820688 16252
5.9499999999999176 0 1 0.065321999986879542 0.00083305000009305631 321060 321028 32 155847740 155831488 16252
5.9599999999999174 0 1 0.040488319978494197 0.00045220799975710234 321210 321178 32 155861240 155844988 16252
5.9699999999999172 0 1 0.0 0.0 321235 321203 32 155863240 155846988 16252
5.9799999999999169 0 1 0.0 0.0 321370 321338 32 155875640 155859388 16252
5.9899999999999167 0 1 0.0 0.0 321470 321438 32 155884640 155868388 16252
5.9999999999999165 0 1 0.070399999977156902 0.00095999999984999025 321640 321608 32 155899940 155883688 16252
6.0099999999999163 0 1 0.0 0.0 321690 321658 32 155904440 155888188 16252
6.0199999999999161 0 1 0.0 0.0 321810 321778 32 155915240 155898988 16252
6.0299999999999159 0 1 0.0 0.0 321880 321848 32 155921540 155905288 16252
6.0399999999999157 0 1 0.0 0.0 321960 321928 32 155928740 155912488 16252
6.0499999999999154 0 1 0.024064000005097855 0.00036160000025376663 322150 322118 32 155945840 155929588 16252
6.0599999999999152 0 1 0.0 0.0 322300 322268 32 155959340 155943088 16252
6.069999999999915 0 1 0.0 0.0 322440 322408 32 155971940 155955688 16252
6.0799999999999148 0 1 0.0 0.0 322570 322538 32 155983640 155967388 16252
6.0899999999999146 0 1 0.0 0.0 322685 322653 32 155993740 155977488 16252
6.0999999999999144 0 1 0.0 0.0 322820 322788 32 156006140 155989888 16252
6.1099999999999142 0 1 0.0 0.0 322960 322928 32 156018740 156002488 16252
6.119999999999914 0 1 0.0 0.0 323130 323098 32 156034040 156017788 16252
6.1299999999999137 0 1 0.0 0.0 323260 323228 32 156045740 156029488 16252
6.1399999999999135 0 1 0.0 0.0 323390 323358 32 156057440 156041188 16252
6.1499999999999133 0 1 0.0 0.0 323500 323468 32 156067340 156051088 16252
6.1599999999999131 0 1 0.0 0.0 323575 323543 32 156073840 156057588 16252
6.1699999999999129 0 1 0.0 0.0 323715 323683 32 156086440 156070188 16252
6.1799999999999127 0 1 0.082738799966010732 0.00083066999998495197 323800 323768 32 156094340 156078088 16252
6.1899999999999125 0 1 0.0 0.0 323940 323908 32 156106940 156090688 16252
6.1999999999999122 0 1 0.0 0.0 324075 324043 32 156118840 156102588 16252
6.209999999999912 0 1 0.0 0.0 324200 324168 32 156130340 156114088 16252
6.2199999999999118 0 1 0.0 0.0 324290 324258 32 156138440 156122188 16252
6.2299999999999116 0 1 0.0017672000076629879 4.4180000191574696e-05 324400 324368 32 156148340 156132088 16252
6.2399999999999114 0 1 0.0 0.0 324500 324468 32 156156840 156140588 16252
6.2499999999999112 0 1 0.0 0.0 324610 324578 32 156167240 156150988 16252
6.259999999999911 0 1 0.0 0.0 324710 324678 32 156176240 156159988 16252
6.2699999999999108 0 1 