0 0 1 0 0 0 0 0 0 0 0
0.01 0 1 0.0 0.0 0 0 0 0 0 0
0.02 0 1 0.0 0.0 0 0 0 0 0 0
0.029999999999999999 0 1 0.0 0.0 0 0 0 0 0 0
0.040000000000000001 0 1 0.0 0.0 0 0 0 0 0 0
0.050000000000000003 0 1 0.0 0.0 0 0 0 0 0 0
0.060000000000000005 0 1 0.0 0.0 0 0 0 0 0 0
0.070000000000000007 0 1 0.0 0.0 0 0 0 0 0 0
0.080000000000000002 0 1 0.0 0.0 0 0 0 0 0 0
0.089999999999999997 0 1 0.0 0.0 0 0 0 0 0 0
0.099999999999999992 0 1 0.0 0.0 0 0 0 0 0 0
0.10999999999999999 0 1 0.0 0.0 0 0 0 0 0 0
0.11999999999999998 0 1 0.0 0.0 0 0 0 0 0 0
0.12999999999999998 0 1 0.0 0.0 0 0 0 0 0 0
0.13999999999999999 0 1 0.0 0.0 0 0 0 0 0 0
0.14999999999999999 0 1 0.0 0.0 0 0 0 0 0 0
0.16 0 1 0.0 0.0 0 0 0 0 0 0
0.17000000000000001 0 1 0.0 0.0 0 0 0 0 0 0
0.18000000000000002 0 1 0.0 0.0 0 0 0 0 0 0
0.19000000000000003 0 1 0.0 0.0 0 0 0 0 0 0
0.20000000000000004 0 1 0.0 0.0 0 0 0 0 0 0
0.21000000000000005 0 1 0.0 0.0 0 0 0 0 0 0
0.22000000000000006 0 1 0.0 0.0 0 0 0 0 0 0
0.23000000000000007 0 1 0.0 0.0 0 0 0 0 0 0
0.24000000000000007 0 1 0.0 0.0 0 0 0 0 0 0
0.25000000000000006 0 1 0.0 0.0 0 0 0 0 0 0
0.26000000000000006 0 1 0.0 0.0 0 0 0 0 0 0
0.27000000000000007 0 1 0.0 0.0 0 0 0 0 0 0
0.28000000000000008 0 1 0.0 0.0 0 0 0 0 0 0
0.29000000000000009 0 1 0.0 0.0 0 0 0 0 0 0
0.3000000000000001 0 1 0.0 0.0 0 0 0 0 0 0
0.31000000000000011 0 1 0.0 0.0 0 0 0 0 0 0
0.32000000000000012 0 1 0.0 0.0 0 0 0 0 0 0
0.33000000000000013 0 1 0.0 0.0 0 0 0 0 0 0
0.34000000000000014 0 1 0.0 0.0 0 0 0 0 0 0
0.35000000000000014 0 1 0.0 0.0 0 0 0 0 0 0
0.36000000000000015 0 1 0.0 0.0 0 0 0 0 0 0
0.37000000000000016 0 1 0.0 0.0 0 0 0 0 0 0
0.38000000000000017 0 1 0.0 0.0 0 0 0 0 0 0
0.39000000000000018 0 1 0.0 0.0 0 0 0 0 0 0
0.40000000000000019 0 1 0.0 0.0 0 0 0 0 0 0
0.4100000000000002 0 1 0.0 0.0 0 0 0 0 0 0
0.42000000000000021 0 1 0.0 0.0 0 0 0 0 0 0
0.43000000000000022 0 1 0.0 0.0 0 0 0 0 0 0
0.44000000000000022 0 1 0.0 0.0 0 0 0 0 0 0
0.45000000000000023 0 1 0.0 0.0 0 0 0 0 0 0
0.46000000000000024 0 1 0.0 0.0 0 0 0 0 0 0
0.47000000000000025 0 1 0.0 0.0 0 0 0 0 0 0
0.48000000000000026 0 1 0.0 0.0 0 0 0 0 0 0
0.49000000000000027 0 1 0.0 0.0 0 0 0 0 0 0
0.50000000000000022 0 1 0.0 0.0 0 0 0 0 0 0
0.51000000000000023 0 1 0.0 0.0 0 0 0 0 0 0
0.52000000000000024 0 1 0.0 0.0 0 0 0 0 0 0
0.53000000000000025 0 1 0.0 0.0 0 0 0 0 0 0
0.54000000000000026 0 1 0.0 0.0 0 0 0 0 0 0
0.55000000000000027 0 1 0.0 0.0 0 0 0 0 0 0
0.56000000000000028 0 1 0.0 0.0 0 0 0 0 0 0
0.57000000000000028 0 1 0.0 0.0 0 0 0 0 0 0
0.58000000000000029 0 1 0.0 0.0 0 0 0 0 0 0
0.5900000000000003 0 1 0.0 0.0 0 0 0 0 0 0
0.60000000000000031 0 1 0.0 0.0 0 0 0 0 0 0
0.61000000000000032 0 1 0.0 0.0 0 0 0 0 0 0
0.62000000000000033 0 1 0.0 0.0 0 0 0 0 0 0
0.63000000000000034 0 1 0.0 0.0 0 0 0 0 0 0
0.64000000000000035 0 1 0.0 0.0 0 0 0 0 0 0
0.65000000000000036 0 1 0.0 0.0 0 0 0 0 0 0
0.66000000000000036 0 1 0.0 0.0 0 0 0 0 0 0
0.67000000000000037 0 1 0.0 0.0 0 0 0 0 0 0
0.68000000000000038 0 1 0.0 0.0 0 0 0 0 0 0
0.69000000000000039 0 1 0.0 0.0 0 0 0 0 0 0
0.7000000000000004 0 1 0.0 0.0 0 0 0 0 0 0
0.71000000000000041 0 1 0.0 0.0 0 0 0 0 0 0
0.72000000000000042 0 1 0.0 0.0 0 0 0 0 0 0
0.73000000000000043 0 1 0.0 0.0 0 0 0 0 0 0
0.74000000000000044 0 1 0.0 0.0 0 0 0 0 0 0
0.75000000000000044 0 1 0.0 0.0 0 0 0 0 0 0
0.76000000000000045 0 1 0.0 0.0 0 0 0 0 0 0
0.77000000000000046 0 1 0.0 0.0 0 0 0 0 0 0
0.78000000000000047 0 1 0.0 0.0 0 0 0 0 0 0
0.79000000000000048 0 1 0.0 0.0 0 0 0 0 0 0
0.80000000000000049 0 1 0.0 0.0 0 0 0 0 0 0
0.8100000000000005 0 1 0.0 0.0 0 0 0 0 0 0
0.82000000000000051 0 1 0.0 0.0 0 0 0 0 0 0
0.83000000000000052 0 1 0.0 0.0 0 0 0 0 0 0
0.84000000000000052 0 1 0.0 0.0 0 0 0 0 0 0
0.85000000000000053 0 1 0.0 0.0 0 0 0 0 0 0
0.86000000000000054 0 1 0.0 0.0 0 0 0 0 0 0
0.87000000000000055 0 1 0.0 0.0 0 0 0 0 0 0
0.88000000000000056 0 1 0.0 0.0 0 0 0 0 0 0
0.89000000000000057 0 1 0.0 0.0 0 0 0 0 0 0
0.90000000000000058 0 1 0.0 0.0 0 0 0 0 0 0
0.91000000000000059 0 1 0.0 0.0 0 0 0 0 0 0
0.9200000000000006 0 1 0.0 0.0 0 0 0 0 0 0
0.9300000000000006 0 1 0.0 0.0 0 0 0 0 0 0
0.94000000000000061 0 1 0.0 0.0 0 0 0 0 0 0
0.95000000000000062 0 1 0.0 0.0 0 0 0 0 0 0
0.96000000000000063 0 1 0.0 0.0 0 0 0 0 0 0
0.97000000000000064 0 1 0.0 0.0 0 0 0 0 0 0
0.98000000000000065 0 1 0.0 0.0 0 0 0 0 0 0
0.99000000000000066 0 1 0.0 0.0 0 0 0 0 0 0
1.0000000000000007 0 1 0.0 0.0 0 0 0 0 0 0
1.0100000000000007 0 1 1.7415680020871334 0.04213760005038477 440 440 0 18000 18000 0
1.0200000000000007 0 1 6.1595105674919051 0.14907256418101852 1560 1560 0 63920 63920 0
1.0300000000000007 0 1 7.6762880079494984 0.18595840019226523 2520 2520 0 103280 103280 0
1.0400000000000007 0 1 3.0477440036524834 0.073740800088173339 3080 3080 0 126240 126240 0
1.0500000000000007 0 1 4.7893120057396166 0.11587840013855812 3960 3960 0 162320 162320 0
1.0600000000000007 0 1 3.0477440036524834 0.073740800088173339 4520 4520 0 185280 185280 0
1.0700000000000007 0 1 4.3539200052178337 0.10534400012596191 5320 5320 0 218080 218080 0
1.0800000000000007 0 1 5.2247040062614003 0.1264128001511543 6280 6280 0 257440 257440 0
1.0900000000000007 0 1 5.2247040062614003 0.1264128001511543 7240 7240 0 296800 296800 0
1.1000000000000008 0 1 5.2247040062614003 0.1264128001511543 8200 8200 0 336160 336160 0
1.1100000000000008 0 1 8.9824640095148496 0.2175616002300538 9400 9400 0 385360 385360 0
1.1200000000000008 0 1 7.6762880079494984 0.18595840019226523 10360 10360 0 424720 424720 0
1.1300000000000008 0 1 9.8532480105584153 0.23863040025524618 11720 11720 0 480480 480480 0
1.1400000000000008 0 1 4.7893120057396166 0.11587840013855812 12600 12600 0 516560 516560 0
1.1500000000000008 0 1 2.1769600026089169 0.052672000062980957 13000 13000 0 532960 532960 0
1.1600000000000008 0 1 4.7893120057396166 0.11587840013855812 13880 13880 0 569040 569040 0
1.1700000000000008 0 1 6.8055040069059318 0.16488960016707285 14680 14680 0 601840 601840 0
1.1800000000000008 0 1 2.6123520031307002 0.063206400075577152 15160 15160 0 621520 621520 0
1.1900000000000008 0 1 3.91852800469605 0.094809600113365727 15880 15880 0 651040 651040 0
1.2000000000000008 0 1 4.7893120057396166 0.11587840013855812 16760 16760 0 687120 687120 0
1.2100000000000009 0 1 4.3539200052178337 0.10534400012596191 17560 17560 0 719920 719920 0
1.2200000000000009 0 1 10.288640011080199 0.24916480026784238 19000 19000 0 778960 778960 0
1.2300000000000009 0 1 2.6123520031307002 0.063206400075577152 19480 19480 0 798640 798640 0
1.2400000000000009 0 1 3.91852800469605 0.094809600113365727 20200 20200 0 828160 828160 0
1.2500000000000009 0 1 3.0477440036524834 0.073740800088173339 20760 20760 0 851120 851120 0
1.2600000000000009 0 1 4.3539200052178337 0.10534400012596191 21560 21560 0 883920 883920 0
1.2700000000000009 0 1 4.3539200052178337 0.10534400012596191 22360 22360 0 916720 916720 0
1.2800000000000009 0 1 6.0954880073049669 0.14748160017634668 23480 23480 0 962640 962640 0
1.2900000000000009 0 1 2.6154215335389952 0.063282258335783881 23985 23984 0 983324 983284 0
1.3000000000000009 0 1 2.1738904722006218 0.052596141802774228 24360 24360 0 998720 998720 0
1.3100000000000009 0 1 5.6600960067831831 0.1369472001637505 25400 25400 0 1041360 1041360 0
1.320000000000001 0 1 4.7893120057396166 0.11587840013855812 26280 26280 0 1077440 1077440 0
1.330000000000001 0 1 2.6123520031307002 0.063206400075577152 26760 26760 0 1097120 1097120 0
1.340000000000001 0 1 3.4831360041742667 0.08427520010076954 27400 27400 0 1123360 1123360 0
1.350000000000001 0 1 4.3539200052178337 0.10534400012596191 28200 28200 0 1156160 1156160 0
1.360000000000001 0 1 3.0477440036524834 0.073740800088173339 28760 28760 0 1179120 1179120 0
1.370000000000001 0 1 4.7893120057396166 0.11587840013855812 29640 29640 0 1215200 1215200 0
1.380000000000001 0 1 3.4831360041742667 0.08427520010076954 30280 30280 0 1241440 1241440 0
1.390000000000001 0 1 3.91852800469605 0.094809600113365727 31000 31000 0 1270960 1270960 0
1.400000000000001 0 1 5.2189197771389262 0.12627508041014301 31958 31957 0 1310236 1310194 0
1.410000000000001 0 1 267.1297223204042 0.44963576015157841 32564 32560 0 1450860 1446900 0
1.420000000000001 0 1 9825.286841667481 16.17751064617406 34374 34348 0 2722708 2696968 0
1.430000000000001 0 1 34061.190142815103 46.919041655616802 36140 35995 0 3992732 3946950 0
1.4400000000000011 0 1 19646.61562973274 54.174516668187685 37473 37473 0 4413720 4413720 0
1.4500000000000011 0 1 1615.7560005987245 2.1725155642087861 39221 39189 0 5235098 5228072 0
1.4600000000000011 0 1 19913.784511004389 29.82311044721164 41123 41091 0 6510718 6479038 0
1.4700000000000011 0 1 56631.577253910924 95.334709793001323 43344 43273 0 7798468 7728178 0
1.4800000000000011 0 1 86849.180677792159 156.67430771358454 45648 45452 0 9090570 8978144 0
1.4900000000000011 0 1 72658.432109159534 141.1601105523317 47826 47718 0 10259830 10228830 0
1.5000000000000011 0 1 28863.90735655569 56.571260882063719 50312 50131 0 11512886 11478900 0
1.5100000000000011 0 1 25271.032221485926 44.201365943373787 52209 52209 0 12624430 12624430 0
1.5200000000000011 0 1 2.6617811295781979 0.064416295377722699 52729 52724 0 12645730 12645524 0
1.5300000000000011 0 1 2.5629228766832024 0.061996504773431604 53169 53169 0 12663790 12663790 0
1.5400000000000011 0 1 8.1116800084712821 0.19649280020486143 54209 54209 0 12706430 12706430 0
1.5500000000000012 0 1 3.91852800469605 0.094809600113365727 54929 54929 0 12735950 12735950 0
1.5600000000000012 0 1 5.6600960067831831 0.1369472001637505 55969 55969 0 12778590 12778590 0
1.5700000000000012 0 1 3.91852800469605 0.094809600113365727 56689 56689 0 12808110 12808110 0
1.5800000000000012 0 1 3.91852800469605 0.094809600113365727 57409 57409 0 12837630 12837630 0
1.5900000000000012 0 1 4.7893120057396166 0.11587840013855812 58289 58289 0 12873710 12873710 0
1.6000000000000012 0 1 3.9396595247960651 0.095336288115865836 59009 59009 0 12903230 12903230 0
1.6100000000000012 0 1 8.5470720089930659 0.2070272002174576 60129 60129 0 12949150 12949150 0
1.6200000000000012 0 1 8.5470720089930659 0.2070272002174576 61249 61249 0 12995070 12995070 0
1.6300000000000012 0 1 5.2247040062614003 0.1264128001511543 62209 62209 0 13034430 13034430 0
1.6400000000000012 0 1 4.3539200052178337 0.10534400012596191 63009 63009 0 13067230 13067230 0
1.6500000000000012 0 1 3.0477440036524834 0.073740800088173339 63569 63569 0 13090190 13090190 0
1.6600000000000013 0 1 5.2247040062614003 0.1264128001511543 64529 64529 0 13129550 13129550 0
1.6700000000000013 0 1 5.6600960067831831 0.1369472001637505 65569 65569 0 13172190 13172190 0
1.6800000000000013 0 1 6.6916723283996165 0.16236992020375304 66209 66209 0 13198430 13198430 0
1.6900000000000013 0 1 1.7415680020871334 0.04213760005038477 66529 66529 0 13211550 13211550 0
1.7000000000000013 0 1 3.0477440036524834 0.073740800088173339 67089 67089 0 13234510 13234510 0
1.7100000000000013 0 1 3.4831360041742667 0.08427520010076954 67729 67729 0 13260750 13260750 0
1.7200000000000013 0 1 6.5308800078267497 0.15801600018894288 68929 68929 0 13309950 13309950 0
1.7300000000000013 0 1 8.9824640095148496 0.2175616002300538 70129 70129 0 13359150 13359150 0
1.7400000000000013 0 1 2.1769600026089169 0.052672000062980957 70529 70529 0 13375550 13375550 0
1.7500000000000013 0 1 3.0302476427438636 0.073324220066539533 71085 71082 0 13398342 13398216 0
1.7600000000000013 0 1 8.0355094089857566 0.19462482021688193 72129 72129 0 13441150 13441150 0
1.7700000000000014 0 1 3.91852800469605 0.094809600113365727 72849 72849 0 13470670 13470670 0
1.7800000000000014 0 1 4.7893120057396166 0.11587840013855812 73729 73729 0 13506750 13506750 0
1.7900000000000014 0 1 8.5470720089930659 0.2070272002174576 74849 74849 0 13552670 13552670 0
1.8000000000000014 0 1 5.6600960067831831 0.1369472001637505 75889 75889 0 13595310 13595310 0
1.8100000000000014 0 1 8.9824640095148496 0.2175616002300538 77089 77089 0 13644510 13644510 0
1.8200000000000014 0 1 6.8055040069059318 0.16488960016707285 77889 77889 0 13677310 13677310 0
1.8300000000000014 0 1 4.3539200052178337 0.10534400012596191 78689 78689 0 13710110 13710110 0
1.8400000000000014 0 1 4.7893120057396166 0.11587840013855812 79569 79569 0 13746190 13746190 0
1.8500000000000014 0 1 6.5308800078267497 0.15801600018894288 80777 80777 0 13795710 13795710 0
1.8600000000000014 0 1 3.0477440036524834 0.073740800088173339 81329 81329 0 13818350 13818350 0
1.8700000000000014 0 1 8.5470720089930659 0.2070272002174576 82449 82449 0 13864270 13864270 0
1.8800000000000014 0 1 3.4831360041742667 0.08427520010076954 83089 83089 0 13890510 13890510 0
1.8900000000000015 0 1 4.3539200052178337 0.10534400012596191 83889 83889 0 13923310 13923310 0
1.9000000000000015 0 1 3.9156940824000195 0.094742125772984048 84608 84607 0 13952788 13952746 0
1.9100000000000015 0 1 6.9910548903743424 0.16934923453568715 85649 85649 0 13995470 13995470 0
1.9200000000000015 0 1 3.0173577864420738 0.073017318726020727 86203 86199 0 14018178 14018010 0
1.9300000000000015 0 1 1.771954219297543 0.042861081412537382 86529 86529 0 14031550 14031550 0
1.9400000000000015 0 1 3.0477440036524834 0.073740800088173339 87089 87089 0 14054510 14054510 0
1.9500000000000015 0 1 5.6600960067831831 0.1369472001637505 88129 88129 0 14097150 14097150 0
1.9600000000000015 0 1 4.3539200052178337 0.10534400012596191 88929 88929 0 14129950 14129950 0
1.9700000000000015 0 1 4.7893120057396166 0.11587840013855812 89809 89809 0 14166030 14166030 0
1.9800000000000015 0 1 6.5308800078267497 0.15801600018894288 91009 91009 0 14215230 14215230 0
1.9900000000000015 0 1 7.2408960074277156 0.17542400017966903 91889 91889 0 14251310 14251310 0
2.0000000000000013 0 1 5.2247040062615158 0.12641280015115711 92849 92849 0 14290670 14290670 0
2.0100000000000011 0 1 3.0477439839594149 0.073740799612400001 93409 93409 0 14313630 14313630 0
2.0200000000000009 0 1 4.3566355769578502 0.10541188944311 94209 94209 0 14346430 14346430 0
2.0300000000000007 0 1 6.0955610478786912 0.14748342622379654 95329 95329 0 14392350 14392350 0
2.0400000000000005 0 1 2.1769599885424391 0.052671999723142862 95729 95729 0 14408750 14408750 0
2.0500000000000003 0 1 4.7893119747933666 0.11587839939091429 96609 96609 0 14444830 14444830 0
2.0600000000000001 0 1 4.7893119747933666 0.11587839939091429 97489 97489 0 14480910 14480910 0
2.0699999999999998 0 1 3.0477439839594149 0.073740799612400001 98049 98049 0 14503870 14503870 0
2.0799999999999996 0 1 2.1769599885424391 0.052671999723142862 98449 98449 0 14520270 14520270 0
2.0899999999999994 0 1 4.3539199770848782 0.10534399944628572 99249 99249 0 14553070 14553070 0
2.0999999999999992 0 1 3.4831359816679028 0.084275199557028571 99889 99889 0 14579310 14579310 0
2.109999999999999 0 1 5.916750130204333 0.1433389592790521 100769 100769 0 14615390 14615390 0
2.1199999999999988 0 1 795.61962020722342 1.3314837919627571 101665 101644 0 14893168 14872378 0
2.1299999999999986 0 1 205271.39522467475 255.88983339771099 103541 103139 0 16368910 16122770 0
2.1399999999999983 0 1 189275.16550383545 349.53061336265847 105602 105475 0 17498260 17372530 0
2.1499999999999981 0 1 54716.317295039888 77.835599610938928 107302 107275 0 18649820 18623090 0
2.1599999999999979 0 1 30128.12094105201 70.134822742868494 110183 109994 0 19907690 19872420 0
2.1699999999999977 0 1 29750.763319479902 49.555613506765042 112135 112024 0 21156890 21122920 0
2.1799999999999975 0 1 30275.128651924329 51.720260540775293 114159 114130 0 22401450 22372740 0
2.1899999999999973 0 1 30273.487917713577 45.750201563302049 116037 115929 0 23653310 23622310 0
2.1999999999999971 0 1 29227.598963587541 60.158096822502209 118523 118496 0 24899730 24873000 0
2.2099999999999969 0 1 30247.236420324251 51.976569453150255 120633 120602 0 26153510 26122820 0
2.2199999999999966 0 1 29797.721836516717 47.085984905729042 122587 122489 0 27404690 27372190 0
2.2299999999999964 0 1 29836.732986118044 47.621365588322057 124537 124507 0 28651910 28622210 0
2.2399999999999962 0 1 30043.432407681539 43.932968695699167 126335 126307 0 29900490 29872770 0
2.249999999999996 0 1 30025.373829729033 49.41272146050418 128365 128336 0 31150990 31122280 0
2.2599999999999958 0 1 29592.220272189159 48.750356422344396 130392 130366 0 32398520 32372780 0
2.2699999999999956 0 1 25509.392828208696 47.677883547487539 132732 132703 0 33651590 33622880 0
2.2799999999999954 0 1 29607.190682754514 43.34579833286675 134530 134502 0 34900170 34872450 0
2.2899999999999952 0 1 27341.277887723838 46.365368137989513 136467 136467 0 36057950 36057950 0
2.2999999999999949 0 1 6.0845753232437314 0.14722177435158337 137584 137582 0 36103744 36103660 0
2.3099999999999947 0 1 3.0586566286345138 0.074000624485616645 138147 138147 0 36126830 36126830 0
2.3199999999999945 0 1 2.612351986250927 0.063206399667771432 138627 138627 0 36146510 36146510 0
2.3299999999999943 0 1 3.4831359816679028 0.084275199557028571 139267 139267 0 36172750 36172750 0
2.3399999999999941 0 1 2.612351986250927 0.063206399667771432 139747 139747 0 36192430 36192430 0
2.3499999999999939 0 1 11.476799953943374 0.27858079888268311 140627 140627 0 36228510 36228510 0
2.3599999999999937 0 1 4.3539199770848782 0.10534399944628572 141427 141427 0 36261310 36261310 0
2.3699999999999934 0 1 5.6600959702103424 0.13694719928017143 142467 142467 0 36303950 36303950 0
2.3799999999999932 0 1 4.0340890183402118 0.097674625475765303 143187 143187 0 36333470 36333470 0
2.389999999999993 0 1 6.5308799656273182 0.15801599916942857 144387 144387 0 36382670 36382670 0
2.3999999999999928 0 1 7.6762879654596574 0.18595839916395859 145347 145347 0 36422030 36422030 0
2.4099999999999926 0 1 2.612351986250927 0.063206399667771432 145827 145827 0 36441710 36441710 0
2.4199999999999924 0 1 5.224703972501854 0.12641279933554286 146787 146787 0 36481070 36481070 0
2.4299999999999922 0 1 2.612351986250927 0.063206399667771432 147267 147267 0 36500750 36500750 0
2.439999999999992 0 1 3.4831359816679028 0.084275199557028571 147907 147907 0 36526990 36526990 0
2.4499999999999917 0 1 7.6762879654596574 0.18595839916395859 148867 148867 0 36566350 36566350 0
2.4599999999999915 0 1 2.612351986250927 0.063206399667771432 149347 149347 0 36586030 36586030 0
2.4699999999999913 0 1 1.3061759931254635 0.031603199833885716 149587 149587 0 36595870 36595870 0
2.4799999999999911 0 1 3.4831359816679028 0.084275199557028571 150227 150227 0 36622110 36622110 0
2.4899999999999909 0 1 7.8222880454747461 0.18967047916334373 151027 151027 0 36654910 36654910 0
2.4999999999999907 0 1 3.0524671837853332 0.073858879608047948 151587 151587 0 36677870 36677870 0
2.5099999999999905 0 1 4.3539199770848782 0.10534399944628572 152387 152387 0 36710670 36710670 0
2.5199999999999902 0 1 4.3130206148839036 0.10447343939210763 153107 153107 0 36740190 36740190 0
2.52999999999999 0 1 3.4831359816679028 0.084275199557028571 153747 153747 0 36766430 36766430 0
2.5399999999999898 0 1 3.4831359816679028 0.084275199557028571 154387 154387 0 36792670 36792670 0
2.5499999999999896 0 1 3.0477439839594149 0.073740799612400001 154947 154947 0 36815630 36815630 0
2.5599999999999894 0 1 4.7893119747933666 0.11587839939091429 155827 155827 0 36851710 36851710 0
2.5699999999999892 0 1 5.224703972501854 0.12641279933554286 156787 156787 0 36891070 36891070 0
2.579999999999989 0 1 5.224703972501854 0.12641279933554286 157747 157747 0 36930430 36930430 0
2.5899999999999888 0 1 6.8055039700426816 0.16488959927470145 158547 158547 0 36963230 36963230 0
2.5999999999999885 0 1 1.3061759931254635 0.031603199833885716 158787 158787 0 36973070 36973070 0
2.6099999999999883 0 1 4.3539199770848782 0.10534399944628572 159587 159587 0 37005870 37005870 0
2.6199999999999881 0 1 6.7243464434449161 0.16283447911571783 160707 160707 0 37051790 37051790 0
2.6299999999999879 0 1 4.7893119747933666 0.11587839939091429 161587 161587 0 37087870 37087870 0
2.6399999999999877 0 1 3.4831359816679028 0.084275199557028571 162227 162227 0 37114110 37114110 0
2.6499999999999875 0 1 6.7675210833756712 0.16388751911402893 163347 163347 0 37160030 37160030 0
2.6599999999999873 0 1 3.4831359816679028 0.084275199557028571 163987 163987 0 37186270 37186270 0
2.6699999999999871 0 1 1.3061759931254635 0.031603199833885716 164260 164260 0 37226880 37226880 0
2.6799999999999868 0 1 7269.4856695863327 9.8970517285378428 165948 165899 0 38494654 38477482 0
2.6899999999999866 0 1 31568.022038884741 51.595975169175233 167969 167921 0 39775174 39727654 0
2.6999999999999864 0 1 22101.316812616129 40.545613310931181 169581 169581 0 40292990 40292990 0
2.7099999999999862 0 1 7324.8036098768162 12.472845481899109 171023 170985 0 41024938 41001568 0
2.719999999999986 0 1 31466.709174226937 41.238622634887079 172670 172629 0 42290118 42251426 0
2.7299999999999858 0 1 62251.523613456819 104.97270726746387 174970 174739 0 43582056 43501410 0
2.7399999999999856 0 1 82756.529757302211 101.51006176950126 176456 176309 0 44821640 44752030 0
2.7499999999999853 0 1 32879.989006298791 62.883253844581652 178675 178568 0 46031490 46001480 0
2.7599999999999851 0 1 29594.999302712706 51.752246589826349 180700 180674 0 47277040 47251300 0
2.7699999999999849 0 1 26480.753649280356 42.085468990876649 182605 182605 0 48403140 48403140 0
2.7799999999999847 0 1 5.6600959702103424 0.13694719928017143 183645 183645 0 48445780 48445780 0
2.7899999999999845 0 1 4.7950884546211681 0.11602281138660933 184525 184525 0 48481860 48481860 0
2.7999999999999843 0 1 4.3539199770848782 0.10534399944628572 185341 185341 0 48515300 48515300 0
2.8099999999999841 0 1 4.4404415762714207 0.10749103942595768 186125 186125 0 48547460 48547460 0
2.8199999999999839 0 1 3.4831359816679028 0.084275199557028571 186765 186765 0 48573700 48573700 0
2.8299999999999836 0 1 2.1769599885424391 0.052671999723142862 187165 187165 0 48590100 48590100 0
2.8399999999999834 0 1 4.3539199770848782 0.10534399944628572 187965 187965 0 48622900 48622900 0
2.8499999999999832 0 1 5.224703972501854 0.12641279933554286 188925 188925 0 48662260 48662260 0
2.859999999999983 0 1 3.4831359816679028 0.084275199557028571 189565 189565 0 48688500 48688500 0
2.8699999999999828 0 1 8.1072909229453263 0.19640835910333251 190685 190685 0 48734420 48734420 0
2.8799999999999826 0 1 3.4831359816679028 0.084275199557028571 191325 191325 0 48760660 48760660 0
2.8899999999999824 0 1 3.0477439839594149 0.073740799612400001 191885 191885 0 48783620 48783620 0
2.8999999999999821 0 1 3.0477439839594149 0.073740799612400001 192445 192445 0 48806580 48806580 0
2.9099999999999819 0 1 4.3539199770848782 0.10534399944628572 193245 193245 0 48839380 48839380 0
2.9199999999999817 0 1 4.7893119747933666 0.11587839939091429 194125 194125 0 48875460 48875460 0
2.9299999999999815 0 1 3.6767172594949997 0.0890964795035495 194685 194685 0 48898420 48898420 0
2.9399999999999813 0 1 3.4831359816679028 0.084275199557028571 195325 195325 0 48924660 48924660 0
2.9499999999999811 0 1 3.4831359816679028 0.084275199557028571 195965 195965 0 48950900 48950900 0
2.9599999999999809 0 1 733.71740777011507 1.2433476443068956 196918 196909 0 49284158 49278098 0
2.9699999999999807 0 1 122464.19440280883 169.70855966399398 198989 198710 0 50726138 50527746 0
2.9799999999999804 0 1 237064.73720980636 318.4453461752272 200782 200437 0 52045688 51778160 0
2.9899999999999802 0 1 294103.41897520673 513.29486439030336 202950 202619 0 53279070 53027300 0
2.99999999999998 0 1 192843.37734316374 318.11893428224261 205083 204649 0 54403780 54277800 0
3.0099999999999798 0 1 48951.483097040575 108.3891011214964 207168 207139 0 55556890 55528180 0
3.0199999999999796 0 1 29799.917361937547 41.159190675084808 208892 208861 0 56808130 56777440 0
3.0299999999999794 0 1 30210.608785222652 52.015266208823576 211080 210968 0 58063210 58028250 0
3.0399999999999792 0 1 30047.851331939844 40.900795914748826 212723 212690 0 59310180 59277510 0
3.049999999999979 0 1 30067.818753653351 54.691356149759429 214899 214873 0 60553380 60527640 0
3.0599999999999787 0 1 29826.90678603145 40.203352244869272 216552 216519 0 61810250 61777580 0
3.0699999999999785 0 1 30134.2820822024 56.336930604737304 218803 218779 0 63051780 63028020 0
3.0799999999999783 0 1 30117.807989418816 41.972789879773046 220535 220502 0 64310940 64278270 0
3.0899999999999781 0 1 29771.976502454741 55.560306887894335 222870 222838 0 65559710 65528030 0
3.0999999999999779 0 1 30138.362577202635 55.312799185512574 225127 225097 0 66807180 66777480 0
3.1099999999999777 0 1 30630.035427386127 47.506665367088978 227007 226975 0 68059120 68027440 0
3.11