0 0 1 0 0 0 0 0 0 0 0
0.01 0 1 0.0 0.0 0 0 0 0 0 0
0.02 0 1 0.0 0.0 0 0 0 0 0 0
0.029999999999999999 0 1 0.0 0.0 0 0 0 0 0 0
0.040000000000000001 0 1 0.0 0.0 0 0 0 0 0 0
0.050000000000000003 0 1 0.0 0.0 0 0 0 0 0 0
0.060000000000000005 0 1 0.0 0.0 0 0 0 0 0 0
0.070000000000000007 0 1 0.0 0.0 0 0 0 0 0 0
0.080000000000000002 0 1 0.0 0.0 0 0 0 0 0 0
0.089999999999999997 0 1 0.0 0.0 0 0 0 0 0 0
0.099999999999999992 0 1 0.0 0.0 0 0 0 0 0 0
0.10999999999999999 0 1 0.0 0.0 0 0 0 0 0 0
0.11999999999999998 0 1 0.0 0.0 0 0 0 0 0 0
0.12999999999999998 0 1 0.0 0.0 0 0 0 0 0 0
0.13999999999999999 0 1 0.0 0.0 0 0 0 0 0 0
0.14999999999999999 0 1 0.0 0.0 0 0 0 0 0 0
0.16 0 1 0.0 0.0 0 0 0 0 0 0
0.17000000000000001 0 1 0.0 0.0 0 0 0 0 0 0
0.18000000000000002 0 1 0.0 0.0 0 0 0 0 0 0
0.19000000000000003 0 1 0.0 0.0 0 0 0 0 0 0
0.20000000000000004 0 1 0.0 0.0 0 0 0 0 0 0
0.21000000000000005 0 1 0.0 0.0 0 0 0 0 0 0
0.22000000000000006 0 1 0.0 0.0 0 0 0 0 0 0
0.23000000000000007 0 1 0.0 0.0 0 0 0 0 0 0
0.24000000000000007 0 1 0.0 0.0 0 0 0 0 0 0
0.25000000000000006 0 1 0.0 0.0 0 0 0 0 0 0
0.26000000000000006 0 1 0.0 0.0 0 0 0 0 0 0
0.27000000000000007 0 1 0.0 0.0 0 0 0 0 0 0
0.28000000000000008 0 1 0.0 0.0 0 0 0 0 0 0
0.29000000000000009 0 1 0.0 0.0 0 0 0 0 0 0
0.3000000000000001 0 1 0.0 0.0 0 0 0 0 0 0
0.31000000000000011 0 1 0.0 0.0 0 0 0 0 0 0
0.32000000000000012 0 1 0.0 0.0 0 0 0 0 0 0
0.33000000000000013 0 1 0.0 0.0 0 0 0 0 0 0
0.34000000000000014 0 1 0.0 0.0 0 0 0 0 0 0
0.35000000000000014 0 1 0.0 0.0 0 0 0 0 0 0
0.36000000000000015 0 1 0.0 0.0 0 0 0 0 0 0
0.37000000000000016 0 1 0.0 0.0 0 0 0 0 0 0
0.38000000000000017 0 1 0.0 0.0 0 0 0 0 0 0
0.39000000000000018 0 1 0.0 0.0 0 0 0 0 0 0
0.40000000000000019 0 1 0.0 0.0 0 0 0 0 0 0
0.4100000000000002 0 1 0.0 0.0 0 0 0 0 0 0
0.42000000000000021 0 1 0.0 0.0 0 0 0 0 0 0
0.43000000000000022 0 1 0.0 0.0 0 0 0 0 0 0
0.44000000000000022 0 1 0.0 0.0 0 0 0 0 0 0
0.45000000000000023 0 1 0.0 0.0 0 0 0 0 0 0
0.46000000000000024 0 1 0.0 0.0 0 0 0 0 0 0
0.47000000000000025 0 1 0.0 0.0 0 0 0 0 0 0
0.48000000000000026 0 1 0.0 0.0 0 0 0 0 0 0
0.49000000000000027 0 1 0.0 0.0 0 0 0 0 0 0
0.50000000000000022 0 1 0.0 0.0 0 0 0 0 0 0
0.51000000000000023 0 1 0.0 0.0 0 0 0 0 0 0
0.52000000000000024 0 1 0.0 0.0 0 0 0 0 0 0
0.53000000000000025 0 1 0.0 0.0 0 0 0 0 0 0
0.54000000000000026 0 1 0.0 0.0 0 0 0 0 0 0
0.55000000000000027 0 1 0.0 0.0 0 0 0 0 0 0
0.56000000000000028 0 1 0.0 0.0 0 0 0 0 0 0
0.57000000000000028 0 1 0.0 0.0 0 0 0 0 0 0
0.58000000000000029 0 1 0.0 0.0 0 0 0 0 0 0
0.5900000000000003 0 1 0.0 0.0 0 0 0 0 0 0
0.60000000000000031 0 1 0.0 0.0 0 0 0 0 0 0
0.61000000000000032 0 1 0.0 0.0 0 0 0 0 0 0
0.62000000000000033 0 1 0.0 0.0 0 0 0 0 0 0
0.63000000000000034 0 1 0.0 0.0 0 0 0 0 0 0
0.64000000000000035 0 1 0.0 0.0 0 0 0 0 0 0
0.65000000000000036 0 1 0.0 0.0 0 0 0 0 0 0
0.66000000000000036 0 1 0.0 0.0 0 0 0 0 0 0
0.67000000000000037 0 1 0.0 0.0 0 0 0 0 0 0
0.68000000000000038 0 1 0.0 0.0 0 0 0 0 0 0
0.69000000000000039 0 1 0.0 0.0 0 0 0 0 0 0
0.7000000000000004 0 1 0.0 0.0 0 0 0 0 0 0
0.71000000000000041 0 1 0.0 0.0 0 0 0 0 0 0
0.72000000000000042 0 1 0.0 0.0 0 0 0 0 0 0
0.73000000000000043 0 1 0.0 0.0 0 0 0 0 0 0
0.74000000000000044 0 1 0.0 0.0 0 0 0 0 0 0
0.75000000000000044 0 1 0.0 0.0 0 0 0 0 0 0
0.76000000000000045 0 1 0.0 0.0 0 0 0 0 0 0
0.77000000000000046 0 1 0.0 0.0 0 0 0 0 0 0
0.78000000000000047 0 1 0.0 0.0 0 0 0 0 0 0
0.79000000000000048 0 1 0.0 0.0 0 0 0 0 0 0
0.80000000000000049 0 1 0.0 0.0 0 0 0 0 0 0
0.8100000000000005 0 1 0.0 0.0 0 0 0 0 0 0
0.82000000000000051 0 1 0.0 0.0 0 0 0 0 0 0
0.83000000000000052 0 1 0.0 0.0 0 0 0 0 0 0
0.84000000000000052 0 1 0.0 0.0 0 0 0 0 0 0
0.85000000000000053 0 1 0.0 0.0 0 0 0 0 0 0
0.86000000000000054 0 1 0.0 0.0 0 0 0 0 0 0
0.87000000000000055 0 1 0.0 0.0 0 0 0 0 0 0
0.88000000000000056 0 1 0.0 0.0 0 0 0 0 0 0
0.89000000000000057 0 1 0.0 0.0 0 0 0 0 0 0
0.90000000000000058 0 1 0.0 0.0 0 0 0 0 0 0
0.91000000000000059 0 1 0.0 0.0 0 0 0 0 0 0
0.9200000000000006 0 1 0.0 0.0 0 0 0 0 0 0
0.9300000000000006 0 1 0.0 0.0 0 0 0 0 0 0
0.94000000000000061 0 1 0.0 0.0 0 0 0 0 0 0
0.95000000000000062 0 1 0.0 0.0 0 0 0 0 0 0
0.96000000000000063 0 1 0.0 0.0 0 0 0 0 0 0
0.97000000000000064 0 1 0.0 0.0 0 0 0 0 0 0
0.98000000000000065 0 1 0.0 0.0 0 0 0 0 0 0
0.99000000000000066 0 1 0.0 0.0 0 0 0 0 0 0
1.0000000000000007 0 1 0.0 0.0 0 0 0 0 0 0
1.0100000000000007 0 1 0.0 0.0 17 17 0 1180 1180 0
1.0200000000000007 0 1 0.45776519998863524 0.0044681299998350311 556 556 0 298236 298236 0
1.0300000000000007 0 1 0.75046399998690494 0.0087743999998890418 1939 1939 0 1081060 1081060 0
1.0400000000000007 0 1 0.0 0.0 1959 1959 0 1082860 1082860 0
1.0500000000000007 0 1 0.0 0.0 1981 1981 0 1084840 1084840 0
1.0600000000000007 0 1 0.0 0.0 2004 2004 0 1086860 1086860 0
1.0700000000000007 0 1 0.0 0.0 2027 2027 0 1088380 1088380 0
1.0800000000000007 0 1 0.03430399999970743 0.00085759999999268568 3736 3736 0 2068976 2068976 0
1.0900000000000007 0 1 0.1420799999962695 0.0022847999999742164 5505 5505 0 3082248 3082248 0
1.1000000000000008 0 1 0.24499199999539178 0.0048575999999522735 7297 7297 0 4107296 4107296 0
1.1100000000000008 0 1 0.25951999999485031 0.0043487999999536307 9181 9181 0 5183456 5183456 0
1.1200000000000008 0 1 0.47199999999136777 0.0061727999999261433 10897 10897 0 6160132 6160132 0
1.1300000000000008 0 1 1.418111999974768 0.013657599999805635 12524 12524 0 7074580 7074580 0
1.1400000000000008 0 1 0.66553599998542212 0.0069791999999013693 13371 13371 0 7549440 7549440 0
1.1500000000000008 0 1 0.52262399999136688 0.0043455999999331106 14843 14843 0 8385712 8385712 0
1.1600000000000008 0 1 0.20543999999489396 0.0021247999999696159 15282 15282 0 8628680 8628680 0
1.1700000000000008 0 1 0.0 0.0 15306 15306 0 8630840 8630840 0
1.1800000000000008 0 1 0.0 0.0 15320 15320 0 8632100 8632100 0
1.1900000000000008 0 1 0.0 0.0 15340 15340 0 8633900 8633900 0
1.2000000000000008 0 1 0.0 0.0 15354 15354 0 8634560 8634560 0
1.2100000000000009 0 1 0.13196799999803932 0.0015551999999807707 16993 16993 0 9571584 9571584 0
1.2200000000000009 0 1 0.92863999998371505 0.0097407999998688679 18677 18677 0 10522688 10522688 0
1.2300000000000009 0 1 0.71615999998719748 0.0079167999998963554 19180 19180 0 10792800 10792800 0
1.2400000000000009 0 1 0.0 0.0 19192 19192 0 10793480 10793480 0
1.2500000000000009 0 1 0.10291199999912228 0.0025727999999780571 21010 21010 0 11834952 11834952 0
1.2600000000000009 0 1 0.87718399998415386 0.00845439999987984 22861 22861 0 12886536 12886536 0
1.2700000000000009 0 1 0.18828799999504026 0.0016959999999732729 22998 22998 0 12949720 12949720 0
1.2800000000000009 0 1 0.0 0.0 23021 23021 0 12951140 12951140 0
1.2900000000000009 0 1 0.13196799999803932 0.0015551999999807707 24373 24373 0 13722316 13722316 0
1.3000000000000009 0 1 0.8481279999852368 0.0094719999998771256 26053 26053 0 14673596 14673596 0
1.3100000000000009 0 1 0.50105599999028483 0.0051551999999288568 26838 26838 0 15108620 15108620 0
1.320000000000001 0 1 0.0 0.0 26851 26851 0 15109140 15109140 0
1.330000000000001 0 1 0.18867199999839085 0.0047167999999597711 28519 28519 0 16062168 16062168 0
1.340000000000001 0 1 0.26214399999524551 0.0052863999999486167 30334 30334 0 17099928 17099928 0
1.350000000000001 0 1 0.24499199999539178 0.0048575999999522735 32218 32218 0 18175888 18175888 0
1.360000000000001 0 1 0.3400319999933285 0.0046175999999453722 33975 33975 0 19177588 19177588 0
1.370000000000001 0 1 0.79929599998607093 0.0091231999998830828 35637 35637 0 20116792 20116792 0
1.380000000000001 0 1 1.1832455361018279 0.010873938402911055 37128 37128 0 20956792 20956792 0
1.390000000000001 0 1 0.89003519997383684 0.0069055999998734957 38224 38224 0 21573760 21573760 0
1.400000000000001 0 1 0.4737919999922009 0.0039967999999390678 38977 38977 0 21994716 21994716 0
1.410000000000001 0 1 0.71615999998719748 0.0079167999998963554 40141 40141 0 22653340 22653340 0
1.420000000000001 0 1 0.0 0.0 40169 40169 0 22655860 22655860 0
1.430000000000001 0 1 0.0 0.0 40187 40187 0 22656680 22656680 0
1.4400000000000011 0 1 0.085759999999268574 0.0021439999999817144 42041 42041 0 23720596 23720596 0
1.4500000000000011 0 1 0.276671999