0 0 1 0 0 0 0 0 0 0 0
0.01 0 1 0.0 0.0 0 0 0 0 0 0
0.02 0 1 0.0 0.0 0 0 0 0 0 0
0.029999999999999999 0 1 0.0 0.0 0 0 0 0 0 0
0.040000000000000001 0 1 0.0 0.0 0 0 0 0 0 0
0.050000000000000003 0 1 0.0 0.0 0 0 0 0 0 0
0.060000000000000005 0 1 0.0 0.0 0 0 0 0 0 0
0.070000000000000007 0 1 0.0 0.0 0 0 0 0 0 0
0.080000000000000002 0 1 0.0 0.0 0 0 0 0 0 0
0.089999999999999997 0 1 0.0 0.0 0 0 0 0 0 0
0.099999999999999992 0 1 0.0 0.0 0 0 0 0 0 0
0.10999999999999999 0 1 0.0 0.0 0 0 0 0 0 0
0.11999999999999998 0 1 0.0 0.0 0 0 0 0 0 0
0.12999999999999998 0 1 0.0 0.0 0 0 0 0 0 0
0.13999999999999999 0 1 0.0 0.0 0 0 0 0 0 0
0.14999999999999999 0 1 0.0 0.0 0 0 0 0 0 0
0.16 0 1 0.0 0.0 0 0 0 0 0 0
0.17000000000000001 0 1 0.0 0.0 0 0 0 0 0 0
0.18000000000000002 0 1 0.0 0.0 0 0 0 0 0 0
0.19000000000000003 0 1 0.0 0.0 0 0 0 0 0 0
0.20000000000000004 0 1 0.0 0.0 0 0 0 0 0 0
0.21000000000000005 0 1 0.0 0.0 0 0 0 0 0 0
0.22000000000000006 0 1 0.0 0.0 0 0 0 0 0 0
0.23000000000000007 0 1 0.0 0.0 0 0 0 0 0 0
0.24000000000000007 0 1 0.0 0.0 0 0 0 0 0 0
0.25000000000000006 0 1 0.0 0.0 0 0 0 0 0 0
0.26000000000000006 0 1 0.0 0.0 0 0 0 0 0 0
0.27000000000000007 0 1 0.0 0.0 0 0 0 0 0 0
0.28000000000000008 0 1 0.0 0.0 0 0 0 0 0 0
0.29000000000000009 0 1 0.0 0.0 0 0 0 0 0 0
0.3000000000000001 0 1 0.0 0.0 0 0 0 0 0 0
0.31000000000000011 0 1 0.0 0.0 0 0 0 0 0 0
0.32000000000000012 0 1 0.0 0.0 0 0 0 0 0 0
0.33000000000000013 0 1 0.0 0.0 0 0 0 0 0 0
0.34000000000000014 0 1 0.0 0.0 0 0 0 0 0 0
0.35000000000000014 0 1 0.0 0.0 0 0 0 0 0 0
0.36000000000000015 0 1 0.0 0.0 0 0 0 0 0 0
0.37000000000000016 0 1 0.0 0.0 0 0 0 0 0 0
0.38000000000000017 0 1 0.0 0.0 0 0 0 0 0 0
0.39000000000000018 0 1 0.0 0.0 0 0 0 0 0 0
0.40000000000000019 0 1 0.0 0.0 0 0 0 0 0 0
0.4100000000000002 0 1 0.0 0.0 0 0 0 0 0 0
0.42000000000000021 0 1 0.0 0.0 0 0 0 0 0 0
0.43000000000000022 0 1 0.0 0.0 0 0 0 0 0 0
0.44000000000000022 0 1 0.0 0.0 0 0 0 0 0 0
0.45000000000000023 0 1 0.0 0.0 0 0 0 0 0 0
0.46000000000000024 0 1 0.0 0.0 0 0 0 0 0 0
0.47000000000000025 0 1 0.0 0.0 0 0 0 0 0 0
0.48000000000000026 0 1 0.0 0.0 0 0 0 0 0 0
0.49000000000000027 0 1 0.0 0.0 0 0 0 0 0 0
0.50000000000000022 0 1 0.0 0.0 0 0 0 0 0 0
0.51000000000000023 0 1 0.0 0.0 0 0 0 0 0 0
0.52000000000000024 0 1 0.0 0.0 0 0 0 0 0 0
0.53000000000000025 0 1 0.0 0.0 0 0 0 0 0 0
0.54000000000000026 0 1 0.0 0.0 0 0 0 0 0 0
0.55000000000000027 0 1 0.0 0.0 0 0 0 0 0 0
0.56000000000000028 0 1 0.0 0.0 0 0 0 0 0 0
0.57000000000000028 0 1 0.0 0.0 0 0 0 0 0 0
0.58000000000000029 0 1 0.0 0.0 0 0 0 0 0 0
0.5900000000000003 0 1 0.0 0.0 0 0 0 0 0 0
0.60000000000000031 0 1 0.0 0.0 0 0 0 0 0 0
0.61000000000000032 0 1 0.0 0.0 0 0 0 0 0 0
0.62000000000000033 0 1 0.0 0.0 0 0 0 0 0 0
0.63000000000000034 0 1 0.0 0.0 0 0 0 0 0 0
0.64000000000000035 0 1 0.0 0.0 0 0 0 0 0 0
0.65000000000000036 0 1 0.0 0.0 0 0 0 0 0 0
0.66000000000000036 0 1 0.0 0.0 0 0 0 0 0 0
0.67000000000000037 0 1 0.0 0.0 0 0 0 0 0 0
0.68000000000000038 0 1 0.0 0.0 0 0 0 0 0 0
0.69000000000000039 0 1 0.0 0.0 0 0 0 0 0 0
0.7000000000000004 0 1 0.0 0.0 0 0 0 0 0 0
0.71000000000000041 0 1 0.0 0.0 0 0 0 0 0 0
0.72000000000000042 0 1 0.0 0.0 0 0 0 0 0 0
0.73000000000000043 0 1 0.0 0.0 0 0 0 0 0 0
0.74000000000000044 0 1 0.0 0.0 0 0 0 0 0 0
0.75000000000000044 0 1 0.0 0.0 0 0 0 0 0 0
0.76000000000000045 0 1 0.0 0.0 0 0 0 0 0 0
0.77000000000000046 0 1 0.0 0.0 0 0 0 0 0 0
0.78000000000000047 0 1 0.0 0.0 0 0 0 0 0 0
0.79000000000000048 0 1 0.0 0.0 0 0 0 0 0 0
0.80000000000000049 0 1 0.0 0.0 0 0 0 0 0 0
0.8100000000000005 0 1 0.0 0.0 0 0 0 0 0 0
0.82000000000000051 0 1 0.0 0.0 0 0 0 0 0 0
0.83000000000000052 0 1 0.0 0.0 0 0 0 0 0 0
0.84000000000000052 0 1 0.0 0.0 0 0 0 0 0 0
0.85000000000000053 0 1 0.0 0.0 0 0 0 0 0 0
0.86000000000000054 0 1 0.0 0.0 0 0 0 0 0 0
0.87000000000000055 0 1 0.0 0.0 0 0 0 0 0 0
0.88000000000000056 0 1 0.0 0.0 0 0 0 0 0 0
0.89000000000000057 0 1 0.0 0.0 0 0 0 0 0 0
0.90000000000000058 0 1 0.0 0.0 0 0 0 0 0 0
0.91000000000000059 0 1 0.0 0.0 0 0 0 0 0 0
0.9200000000000006 0 1 0.0 0.0 0 0 0 0 0 0
0.9300000000000006 0 1 0.0 0.0 0 0 0 0 0 0
0.94000000000000061 0 1 0.0 0.0 0 0 0 0 0 0
0.95000000000000062 0 1 0.0 0.0 0 0 0 0 0 0
0.96000000000000063 0 1 0.0 0.0 0 0 0 0 0 0
0.97000000000000064 0 1 0.0 0.0 0 0 0 0 0 0
0.98000000000000065 0 1 0.0 0.0 0 0 0 0 0 0
0.99000000000000066 0 1 0.0 0.0 0 0 0 0 0 0
1.0000000000000007 0 1 0.0 0.0 0 0 0 0 0 0
1.0100000000000007 0 1 0.0 0.0 17 17 0 1180 1180 0
1.0200000000000007 0 1 0.49471359999131392 0.0053918399999019987 870 870 0 479100 479100 0
1.0300000000000007 0 1 0.60134399998901189 0.0067903999999119275 1939 1939 0 1081060 1081060 0
1.0400000000000007 0 1 0.0 0.0 1959 1959 0 1082860 1082860 0
1.0500000000000007 0 1 0.0 0.0 1979 1979 0 1084460 1084460 0
1.0600000000000007 0 1 0.0 0.0 2300 2300 0 1261616 1261616 0
1.0700000000000007 0 1 0.36505599999436777 0.0078591999999266735 4121 4121 0 2299816 2299816 0
1.0800000000000007 0 1 0.1420799999962695 0.0022847999999742164 5951 5951 0 3349632 3349632 0
1.0900000000000007 0 1 0.38623999999209924 0.0040287999999444289 7795 7795 0 4401108 4401108 0
1.1000000000000008 0 1 0.51820799999013856 0.0055839999999251991 9523 9523 0 5388920 5388920 0
1.1100000000000008 0 1 0.27929599999509924 0.0057151999999449591 11407 11407 0 6464580 6464580 0
1.1200000000000008 0 1 0.8327679999862162 0.0068671999998937078 13257 13257 0 7517036 7517036 0
1.1300000000000008 0 1 1.3365508799738623 0.0129625719997417 14647 14647 0 8295844 8295844 0
1.1400000000000008 0 1 0.61587199998847042 0.0062815999999132847 15252 15252 0 8625780 8625780 0
1.1500000000000008 0 1 0.0 0.0 15269 15269 0 8627260 8627260 0
1.1600000000000008 0 1 0.0 0.0 15313 15313 0 8645500 8645500 0
1.1700000000000008 0 1 0.21068799999568436 0.003999999999959588 17172 17172 0 9707932 9707932 0
1.1800000000000008 0 1 0.89171199998361239 0.0079455999998811963 19058 19058 0 10781520 10781520 0
1.1900000000000008 0 1 0.0 0.0 19078 19078 0 10785836 10785836 0
1.2000000000000008 0 1 0.21068799999568436 0.003999999999959588 20951 20951 0 11857740 11857740 0
1.2100000000000009 0 1 1.0236799999816517 0.0095007999998619665 22852 22852 0 12936380 12936380 0
1.2200000000000009 0 1 0.0 0.0 22876 22876 0 12937740 12937740 0
1.2300000000000009 0 1 0.18342399999760045 0.002841599999969799 24373 24373 0 13790192 13790192 0
1.2400000000000009 0 1 1.0236799999816517 0.0095007999998619665 26074 26074 0 14754068 14754068 0
1.2500000000000009 0 1 0.56966399998969963 0.0068703999999142279 26690 26690 0 15094400 15094400 0
1.2600000000000009 0 1 0.068607999999414859 0.0017151999999853714 28179 28179 0 15948512 15948512 0
1.2700000000000009 0 1 0.22783999999553808 0.0044287999999559303 30014 30014 0 16998864 16998864 0
1.2800000000000009 0 1 0.29644799999495292 0.0061439999999413023 31900 31900 0 18074904 18074904 0
1.2900000000000009 0 1 0.24499199999539178 0.0048575999999522735 33652 33652 0 19075604 19075604 0
1.3000000000000009 0 1 0.58681599998955336 0.0072991999999105711 35480 35480 0 20114848 20114848 0
1.3100000000000009 0 1 1.3535999999767501 0.013388799999813893 37062 37062 0 21004248 21004248 0
1.320000000000001 0 1 0.64511999998195735 0.0054527999999054392 38053 38053 0 21563924 21563924 0
1.330000000000001 0 1 1.7151999999711605 0.017196799999763521 39955 39955 0 22635600 22635600 0
1.340000000000001 0 1 0.0 0.0 40388 40388 0 22878676 22878676 0
1.350000000000001 0 1 0.29382399999455772 0.0052063999999463163 42256 42256 0 23942940 23942940 0
1.360000000000001 0 1 0.4522239999911189 0.004806399999934814 43970 43970 0 24919100 24919100 0
1.370000000000001 0 1 1.0289279999824421 0.011375999999851939 45641 45641 0 25866840 25866840 0
1.380000000000001 0 1 0.73772799998827954 0.0071071999999006092 47434 47434 0 26886164 26886164 0
1.390000000000001 0 1 0.58419199998915816 0.0063615999999155843 47580 47580 0 26948700 26948700 0
1.400000000000001 0 1 0.0 0.0 47600 47600 0 26950500 26950500 0
1.410000000000001 0 1 0.0 0.0 47613 47613 0 26951020 26951020 0
1.420000000000001 0 1 1.1754239999799398 0.012422399999834067 49519 49519 0 28029860 28029860 0
1.430000000000001 0 1 0.0 0.0 49546 49546 0 28032240 28032240 0
1.4400000000000011 0 1 0.0 0.0 49565 49565 0 28034000 28034000 0
1